7.690808296203613281e+00,7.962891578674316406e+00,7.418892860412597656e+00,6.959279537200927734e+00,6.588315010070800781e+00,6.215816974639892578e+00,5.136579036712646484e+00,5.046686649322509766e+00,5.247327327728271484e+00,6.147180557250976562e+00,5.611842632293701172e+00,5.608621120452880859e+00,5.132361412048339844e+00,5.166863918304443359e+00,4.416426658630371094e+00,5.790034770965576172e+00,5.860016822814941406e+00,5.087093353271484375e+00,6.635468959808349609e+00,8.047554969787597656e+00,8.124376296997070312e+00,8.931667327880859375e+00,8.340274810791015625e+00,7.319987773895263672e+00,8.810467720031738281e+00,1.038420391082763672e+01,1.106733036041259766e+01,1.181379890441894531e+01,1.124635791778564453e+01,1.123271083831787109e+01,1.076391792297363281e+01,9.369018554687500000e+00,1.012629032135009766e+01,1.011429405212402344e+01,9.165175437927246094e+00,1.091083431243896484e+01,1.386513137817382812e+01,1.389688587188720703e+01,1.396580791473388672e+01,1.388956165313720703e+01,1.373839950561523438e+01,1.183965206146240234e+01,1.249703407287597656e+01,1.258433437347412109e+01,1.238099670410156250e+01,1.296737384796142578e+01,1.249862098693847656e+01,1.310297775268554688e+01,1.294965457916259766e+01,1.232583713531494141e+01,1.192439174652099609e+01,1.214537429809570312e+01,1.221450424194335938e+01,1.353899288177490234e+01,1.398531055450439453e+01,1.482358837127685547e+01,1.357290744781494141e+01,1.313385772705078125e+01,1.359974575042724609e+01,1.203207397460937500e+01,1.163527965545654297e+01,1.289091300964355469e+01,1.010729026794433594e+01,9.341248512268066406e+00,8.070100784301757812e+00,5.821896076202392578e+00,5.997133731842041016e+00,5.732932090759277344e+00,4.668766975402832031e+00,4.991086483001708984e+00,3.751238346099853516e+00,3.740880489349365234e+00,3.086135387420654297e+00,3.342037677764892578e+00,3.206827402114868164e+00,2.808441638946533203e+00,2.530521631240844727e+00,1.192634940147399902e+00,1.093711614608764648e+00,1.055943965911865234e+00,2.177841901779174805e+00,1.117855429649353027e+00,9.769240617752075195e-01,9.078602790832519531e-01,2.046841144561767578e+00,1.847681045532226562e+00,2.202159166336059570e+00,2.090901136398315430e+00,2.380349636077880859e+00,2.375577211380004883e+00,2.190628767013549805e+00,2.229858398437500000e+00,1.850007772445678711e+00,1.916712999343872070e+00,2.276515007019042969e+00,2.265468835830688477e+00,2.207678079605102539e+00,2.242608308792114258e+00,2.504760265350341797e+00,2.853432655334472656e+00,3.281182289123535156e+00,3.613839149475097656e+00,4.321777820587158203e+00,4.416949272155761719e+00,5.798134803771972656e+00,6.782213687896728516e+00,6.636694431304931641e+00,7.560321807861328125e+00,6.897065162658691406e+00,6.813167095184326172e+00,7.371662139892578125e+00,6.854000568389892578e+00,5.622402191162109375e+00,5.031099796295166016e+00,4.696260929107666016e+00,3.578140258789062500e+00,3.270659923553466797e+00,3.176839113235473633e+00,3.086854457855224609e+00,2.992437839508056641e+00,3.261206865310668945e+00,3.507786035537719727e+00,3.145038843154907227e+00,3.900120496749877930e+00,4.177254199981689453e+00,3.521265983581542969e+00,3.488762378692626953e+00,4.009139537811279297e+00,3.108793497085571289e+00,3.587656259536743164e+00,4.328420162200927734e+00,4.932168960571289062e+00,3.919017314910888672e+00,3.727660655975341797e+00,3.803137063980102539e+00,2.754506111145019531e+00,1.530841588973999023e+00,3.312452316284179688e+00,2.619722604751586914e+00,1.395929694175720215e+00,1.306689143180847168e+00,1.112239599227905273e+00,1.403882384300231934e+00,1.586558580398559570e+00,1.518196821212768555e+00,9.461122155189514160e-01,6.700474023818969727e-01,7.956889271736145020e-01,9.741455912590026855e-01,1.029574036598205566e+00,9.859130382537841797e-01,8.940421938896179199e-01,7.508391141891479492e-01,6.046249270439147949e-01,3.626863360404968262e-01,4.666907787322998047e-01,4.673427939414978027e-01,3.805096149444580078e-01,2.117918729782104492e-01,3.430532813072204590e-01,3.035920262336730957e-01,1.654860079288482666e-01,5.568403378129005432e-02,9.113023988902568817e-03,0.000000000000000000e+00,9.635820053517818451e-03,1.717129163444042206e-02,6.974991410970687866e-02,1.692504137754440308e-01,1.809566468000411987e-01,1.405676752328872681e-01,1.173814460635185242e-01,7.579105347394943237e-02,3.639484047889709473e-01,3.489070534706115723e-01,4.649912416934967041e-01,4.089371263980865479e-01,3.571923971176147461e-01,2.681281566619873047e-01,1.980822086334228516e-01,1.600654423236846924e-01,2.293034456670284271e-03,0.000000000000000000e+00,9.123148769140243530e-02,1.508590430021286011e-01,2.469958215951919556e-01,2.021471410989761353e-01,2.051243633031845093e-01,2.080870419740676880e-01,2.101772278547286987e-01,1.801959276199340820e-01,1.511474251747131348e-01,1.237305030226707458e-01,1.215443164110183716e-01,1.107506230473518372e-01,8.111376315355300903e-02,9.297727048397064209e-02,1.106438636779785156e-01,2.266835123300552368e-01,1.616184860467910767e-01,7.840394228696823120e-02,5.476979911327362061e-02,9.887405484914779663e-02,1.030803844332695007e-01,1.337859034538269043e-01,1.678417026996612549e-01,1.519264280796051025e-01,1.273681670427322388e-01,1.232729256153106689e-01,1.467764824628829956e-01,1.987135410308837891e-01,4.570960104465484619e-01,4.877364933490753174e-01,4.895831942558288574e-01,4.832988977432250977e-01,2.518635988235473633e-01,1.340087801218032837e-01,1.844657510519027710e-01,1.646461337804794312e-02,2.643731422722339630e-03,8.295554667711257935e-03,6.637178594246506691e-04,0.000000000000000000e+00,4.711419169325381517e-04,0.000000000000000000e+00,0.000000000000000000e+00,0.000000000000000000e+00,0.000000000000000000e+00,9.677498601377010345e-03,9.926113300025463104e-03,0.000000000000000000e+00,0.000000000000000000e+00,0.000000000000000000e+00,0.000000000000000000e+00,1.321710739284753799e-02,2.961466014385223389e-01
5.560662746429443359e+00,6.701655864715576172e+00,5.787505626678466797e+00,6.551239490509033203e+00,5.761261463165283203e+00,5.433665275573730469e+00,5.150249481201171875e+00,5.042959213256835938e+00,5.294577121734619141e+00,6.154289245605468750e+00,6.064809322357177734e+00,6.327147483825683594e+00,5.772338390350341797e+00,5.381514072418212891e+00,5.358056545257568359e+00,6.278202056884765625e+00,6.350426197052001953e+00,5.134546756744384766e+00,6.044591903686523438e+00,7.007702350616455078e+00,8.172979354858398438e+00,8.967161178588867188e+00,9.266386032104492188e+00,8.403917312622070312e+00,9.300609588623046875e+00,1.038134479522705078e+01,1.193180084228515625e+01,1.177298545837402344e+01,1.243175029754638672e+01,1.131910800933837891e+01,1.119906616210937500e+01,1.093099308013916016e+01,1.178979110717773438e+01,1.174695682525634766e+01,1.101906394958496094e+01,1.287386131286621094e+01,1.490256023406982422e+01,1.567287158966064453e+01,1.491985797882080078e+01,1.369233894348144531e+01,1.418359661102294922e+01,1.187034511566162109e+01,1.200640583038330078e+01,1.166470718383789062e+01,1.190047454833984375e+01,1.270568370819091797e+01,1.321468067169189453e+01,1.281053829193115234e+01,1.196251583099365234e+01,1.148460483551025391e+01,1.254921627044677734e+01,1.302157783508300781e+01,1.267116928100585938e+01,1.369324779510498047e+01,1.347774696350097656e+01,1.457057476043701172e+01,1.414677715301513672e+01,1.344548892974853516e+01,1.314976787567138672e+01,1.346805000305175781e+01,1.131567001342773438e+01,1.249656772613525391e+01,1.012815093994140625e+01,9.734337806701660156e+00,8.108833312988281250e+00,6.176154613494873047e+00,5.765078067779541016e+00,5.253187179565429688e+00,5.208499431610107422e+00,4.863954544067382812e+00,4.479529857635498047e+00,4.128814697265625000e+00,3.360612869262695312e+00,3.288973569869995117e+00,3.570162057876586914e+00,3.192499876022338867e+00,3.536345481872558594e+00,3.009513616561889648e+00,2.766149997711181641e+00,2.334857463836669922e+00,2.144323825836181641e+00,2.139647722244262695e+00,9.302585124969482422e-01,8.499800562858581543e-01,9.229660630226135254e-01,8.712405562400817871e-01,7.861270308494567871e-01,1.956124305725097656e+00,2.110208511352539062e+00,1.884089231491088867e+00,2.051925420761108398e+00,1.937187790870666504e+00,1.618160009384155273e+00,1.760204195976257324e+00,1.991887569427490234e+00,2.094804048538208008e+00,2.105560302734375000e+00,2.219134569168090820e+00,2.547334909439086914e+00,2.977251529693603516e+00,3.450757741928100586e+00,3.579828262329101562e+00,4.531300544738769531e+00,4.674995899200439453e+00,5.963433742523193359e+00,7.136787891387939453e+00,7.618135929107666016e+00,8.012216567993164062e+00,7.411408424377441406e+00,7.238715171813964844e+00,7.302149295806884766e+00,7.010752677917480469e+00,5.482959747314453125e+00,5.094278812408447266e+00,5.085808277130126953e+00,3.620748519897460938e+00,3.113054752349853516e+00,2.941672325134277344e+00,2.949772119522094727e+00,2.360238552093505859e+00,2.920706272125244141e+00,3.158558368682861328e+00,2.840156078338623047e+00,3.266840457916259766e+00,3.417295694351196289e+00,2.738213300704956055e+00,3.414703607559204102e+00,3.209768295288085938e+00,3.338337182998657227e+00,3.944124698638916016e+00,3.782783746719360352e+00,3.102190732955932617e+00,2.730604410171508789e+00,2.658774137496948242e+00,2.138596057891845703e+00,1.277573704719543457e+00,1.486282706260681152e+00,1.951515197753906250e+00,1.744756460189819336e+00,4.999312162399291992e-01,8.622548580169677734e-01,1.470223307609558105e+00,1.560599803924560547e+00,1.949839591979980469e+00,1.437517166137695312e+00,7.625926733016967773e-01,5.764695405960083008e-01,6.863424777984619141e-01,8.542257547378540039e-01,9.169611930847167969e-01,9.865411520004272461e-01,9.382779598236083984e-01,7.609987854957580566e-01,7.030233740806579590e-01,5.618004202842712402e-01,6.682374477386474609e-01,7.234934568405151367e-01,4.286549091339111328e-01,3.116397261619567871e-01,3.297745585441589355e-01,3.408449590206146240e-01,1.758506149053573608e-01,2.067224681377410889e-02,0.000000000000000000e+00,0.000000000000000000e+00,3.079795569647103548e-04,1.396560072898864746e-01,1.259914636611938477e-01,5.264095216989517212e-02,8.611336350440979004e-02,8.149268478155136108e-02,7.025086134672164917e-02,6.590323150157928467e-02,3.608461916446685791e-01,3.548999726772308350e-01,4.490675628185272217e-01,4.046617448329925537e-01,3.609882295131683350e-01,2.898052334785461426e-01,2.364399284124374390e-01,1.990062147378921509e-01,6.678307801485061646e-02,0.000000000000000000e+00,1.122416090220212936e-02,8.867886662483215332e-02,1.519281566143035889e-01,1.868134737014770508e-01,2.086170166730880737e-01,1.915211528539657593e-01,1.954318732023239136e-01,1.714211851358413696e-01,5.270856991410255432e-02,1.790654100477695465e-02,6.480991095304489136e-02,5.732072144746780396e-02,3.281073272228240967e-02,4.464276880025863647e-02,1.029458269476890564e-02,7.458914816379547119e-02,1.353842467069625854e-01,1.150800380855798721e-03,1.084529235959053040e-02,2.360352501273155212e-02,8.558820933103561401e-02,6.698201596736907959e-02,1.054728850722312927e-01,1.293383687734603882e-01,1.311339139938354492e-01,9.333294630050659180e-02,1.462228596210479736e-01,2.000523060560226440e-01,4.698708653450012207e-01,4.852609634399414062e-01,4.974325597286224365e-01,4.953122437000274658e-01,2.211794108152389526e-01,2.334674596786499023e-01,1.362070739269256592e-01,6.460013985633850098e-02,3.162273019552230835e-02,7.185144349932670593e-03,2.147243358194828033e-03,0.000000000000000000e+00,0.000000000000000000e+00,0.000000000000000000e+00,0.000000000000000000e+00,0.000000000000000000e+00,0.000000000000000000e+00,1.333250384777784348e-02,0.000000000000000000e+00,0.000000000000000000e+00,0.000000000000000000e+00,0.000000000000000000e+00,0.000000000000000000e+00,0.000000000000000000e+00,9.703718125820159912e-02
5.878958702087402344e+00,5.361040592193603516e+00,4.927222728729248047e+00,5.201374530792236328e+00,5.688810825347900391e+00,5.413874626159667969e+00,5.319509983062744141e+00,5.344522953033447266e+00,5.518196582794189453e+00,6.029143810272216797e+00,6.768202781677246094e+00,6.487439632415771484e+00,5.948395729064941406e+00,5.904767513275146484e+00,6.086507320404052734e+00,6.132995605468750000e+00,6.166770458221435547e+00,5.515506267547607422e+00,6.013612270355224609e+00,6.989012241363525391e+00,8.937960624694824219e+00,9.977097511291503906e+00,9.755760192871093750e+00,9.710382461547851562e+00,1.033178043365478516e+01,1.194020271301269531e+01,1.187674999237060547e+01,1.253656864166259766e+01,1.273075962066650391e+01,1.114046859741210938e+01,1.089660358428955078e+01,1.024932670593261719e+01,1.166133689880371094e+01,1.196681880950927734e+01,1.293639278411865234e+01,1.403306579589843750e+01,1.546619224548339844e+01,1.686256980895996094e+01,1.618655586242675781e+01,1.533200263977050781e+01,1.483371067047119141e+01,1.330448627471923828e+01,1.384299468994140625e+01,1.458544826507568359e+01,1.265810012817382812e+01,1.286963748931884766e+01,1.353775596618652344e+01,1.336790847778320312e+01,1.227433300018310547e+01,1.165915679931640625e+01,1.201571083068847656e+01,1.248277091979980469e+01,1.287577724456787109e+01,1.401520633697509766e+01,1.516888332366943359e+01,1.471476268768310547e+01,1.431568241119384766e+01,1.444502353668212891e+01,1.416523456573486328e+01,1.342954349517822266e+01,1.238033103942871094e+01,1.333149337768554688e+01,1.073592376708984375e+01,9.775702476501464844e+00,8.765191078186035156e+00,8.070828437805175781e+00,7.144120216369628906e+00,6.230773925781250000e+00,5.628022193908691406e+00,5.523312568664550781e+00,5.079151630401611328e+00,4.519597530364990234e+00,3.623688697814941406e+00,3.715509653091430664e+00,4.074396610260009766e+00,3.660734891891479492e+00,3.596716403961181641e+00,3.389554500579833984e+00,2.768204927444458008e+00,2.648902177810668945e+00,1.168516993522644043e+00,2.342133045196533203e+00,1.995667099952697754e+00,1.538167119026184082e+00,1.592814683914184570e+00,1.262959480285644531e+00,1.330926656723022461e+00,1.405855417251586914e+00,1.495238304138183594e+00,1.531675577163696289e+00,1.751631975173950195e+00,1.895949959754943848e+00,1.554348707199096680e+00,1.538201689720153809e+00,1.853473782539367676e+00,2.292031526565551758e+00,2.244152784347534180e+00,2.504778623580932617e+00,2.722742319107055664e+00,3.346683263778686523e+00,3.735861063003540039e+00,3.347952127456665039e+00,4.514576435089111328e+00,4.981574535369873047e+00,6.586894512176513672e+00,7.525064945220947266e+00,7.493136405944824219e+00,7.469353675842285156e+00,7.129126071929931641e+00,7.629999637603759766e+00,7.543745994567871094e+00,6.194335460662841797e+00,5.271230697631835938e+00,5.368913650512695312e+00,5.220788002014160156e+00,3.462057113647460938e+00,2.944594383239746094e+00,2.598739862442016602e+00,2.681638717651367188e+00,2.582906723022460938e+00,2.524137020111083984e+00,2.632293939590454102e+00,2.715878248214721680e+00,2.653830289840698242e+00,2.381363153457641602e+00,2.616424560546875000e+00,3.120993137359619141e+00,3.073447465896606445e+00,3.190052509307861328e+00,3.424146890640258789e+00,3.363930940628051758e+00,2.600212335586547852e+00,2.586426258087158203e+00,2.060900926589965820e+00,1.711203575134277344e+00,1.709290981292724609e+00,1.447772979736328125e+00,1.147233843803405762e+00,6.575654149055480957e-01,4.128195941448211670e-01,5.795511603355407715e-01,1.371801376342773438e+00,1.639585971832275391e+00,1.611706852912902832e+00,1.575980186462402344e+00,5.150371789932250977e-01,2.604298293590545654e-01,5.521799921989440918e-01,6.937818527221679688e-01,8.715940117835998535e-01,1.002142429351806641e+00,8.608558773994445801e-01,8.538191914558410645e-01,6.131561994552612305e-01,4.540097713470458984e-01,9.450103640556335449e-01,9.946134090423583984e-01,4.487911164760589600e-01,3.109408020973205566e-01,3.107787072658538818e-01,3.896733820438385010e-01,2.234162241220474243e-01,4.322410561144351959e-03,0.000000000000000000e+00,0.000000000000000000e+00,2.674016356468200684e-02,7.827786356210708618e-02,5.753933638334274292e-02,4.320697113871574402e-02,2.802789956331253052e-02,0.000000000000000000e+00,1.335526108741760254e-01,1.621662527322769165e-01,3.967774212360382080e-01,4.310649335384368896e-01,4.087508022785186768e-01,3.996029496192932129e-01,3.506881892681121826e-01,3.086919486522674561e-01,2.688271701335906982e-01,2.395459413528442383e-01,2.175097614526748657e-01,1.128671765327453613e-01,2.117963880300521851e-02,2.619754290208220482e-03,1.298106834292411804e-02,1.623857915401458740e-01,2.524696290493011475e-01,1.910009831190109253e-01,1.448261439800262451e-01,1.222761720418930054e-01,3.000337816774845123e-02,7.073600776493549347e-03,1.001531537622213364e-02,1.422420982271432877e-02,2.120358124375343323e-02,6.555000436492264271e-04,0.000000000000000000e+00,0.000000000000000000e+00,3.188258782029151917e-02,3.652632981538772583e-02,4.909053072333335876e-02,0.000000000000000000e+00,0.000000000000000000e+00,0.000000000000000000e+00,0.000000000000000000e+00,2.195763401687145233e-02,5.927659943699836731e-02,4.598650708794593811e-02,8.216715604066848755e-02,1.545191407203674316e-01,1.489465087652206421e-01,1.625868827104568481e-01,1.919449567794799805e-01,1.866094321012496948e-01,1.729703098535537720e-01,2.830608487129211426e-01,2.976110577583312988e-01,5.739785774494521320e-05,0.000000000000000000e+00,0.000000000000000000e+00,7.680637389421463013e-02,2.934035728685557842e-04,0.000000000000000000e+00,0.000000000000000000e+00,0.000000000000000000e+00,0.000000000000000000e+00,0.000000000000000000e+00,0.000000000000000000e+00,0.000000000000000000e+00,0.000000000000000000e+00,0.000000000000000000e+00,0.000000000000000000e+00,0.000000000000000000e+00,0.000000000000000000e+00,8.186490158550441265e-04
4.941923618316650391e+00,5.300005912780761719e+00,5.017667770385742188e+00,5.515438556671142578e+00,5.496228218078613281e+00,5.852591514587402344e+00,6.063053607940673828e+00,5.905163764953613281e+00,6.469259262084960938e+00,6.219486713409423828e+00,7.480955123901367188e+00,6.412166595458984375e+00,5.996762275695800781e+00,6.010199069976806641e+00,6.327122211456298828e+00,6.250063419342041016e+00,5.927832603454589844e+00,5.838661193847656250e+00,5.308990955352783203e+00,6.508614540100097656e+00,7.921358585357666016e+00,8.234029769897460938e+00,9.501055717468261719e+00,9.761536598205566406e+00,1.033588695526123047e+01,1.247616195678710938e+01,1.238092231750488281e+01,1.266980361938476562e+01,1.067829799652099609e+01,1.108108425140380859e+01,1.103848743438720703e+01,1.153538799285888672e+01,1.251242446899414062e+01,1.376763725280761719e+01,1.381486415863037109e+01,1.442804908752441406e+01,1.522505187988281250e+01,1.605497741699218750e+01,1.696184158325195312e+01,1.724280738830566406e+01,1.549995994567871094e+01,1.396329689025878906e+01,1.327301025390625000e+01,1.418150043487548828e+01,1.366484069824218750e+01,1.284202575683593750e+01,1.296872615814208984e+01,1.322131824493408203e+01,1.083676338195800781e+01,1.199097728729248047e+01,1.275708580017089844e+01,1.564831352233886719e+01,1.554037380218505859e+01,1.377976703643798828e+01,1.280386447906494141e+01,1.279941844940185547e+01,1.357429981231689453e+01,1.265632724761962891e+01,1.404534435272216797e+01,1.258768844604492188e+01,1.310261535644531250e+01,1.181540203094482422e+01,1.183637619018554688e+01,1.057828426361083984e+01,9.994947433471679688e+00,1.095043468475341797e+01,1.064284896850585938e+01,8.712737083435058594e+00,8.261521339416503906e+00,6.764690399169921875e+00,6.525257587432861328e+00,6.353195667266845703e+00,4.826433181762695312e+00,5.100974082946777344e+00,5.419724464416503906e+00,4.456038475036621094e+00,4.123953342437744141e+00,4.104270935058593750e+00,3.911775112152099609e+00,3.110140800476074219e+00,2.907277822494506836e+00,3.188659667968750000e+00,2.417565822601318359e+00,1.747620105743408203e+00,1.362252116203308105e+00,7.976250648498535156e-01,7.832844853401184082e-01,7.577593922615051270e-01,8.434501290321350098e-01,8.700235486030578613e-01,9.874475598335266113e-01,1.249583601951599121e+00,1.228648185729980469e+00,1.265458941459655762e+00,1.561966061592102051e+00,1.577167510986328125e+00,1.874877452850341797e+00,2.235941886901855469e+00,2.536818742752075195e+00,2.750003576278686523e+00,2.737798213958740234e+00,3.006960153579711914e+00,3.536393165588378906e+00,4.177418708801269531e+00,5.922170162200927734e+00,7.157964229583740234e+00,6.761656284332275391e+00,7.195143222808837891e+00,8.307785987854003906e+00,8.874538421630859375e+00,7.488303184509277344e+00,6.460361957550048828e+00,5.935355186462402344e+00,5.553180217742919922e+00,5.770578384399414062e+00,4.451990604400634766e+00,3.037048339843750000e+00,2.793102741241455078e+00,2.704246044158935547e+00,2.330345153808593750e+00,2.307938814163208008e+00,2.292660474777221680e+00,1.876132726669311523e+00,1.895897150039672852e+00,2.630552291870117188e+00,3.151070356369018555e+00,3.220169305801391602e+00,3.119967699050903320e+00,3.324786424636840820e+00,3.178943872451782227e+00,3.342985153198242188e+00,1.962096929550170898e+00,1.767971992492675781e+00,1.523986101150512695e+00,1.574315071105957031e+00,1.177802324295043945e+00,1.242478966712951660e+00,8.069000840187072754e-01,3.866626024246215820e-01,5.468118190765380859e-01,5.805678963661193848e-01,1.577607035636901855e+00,1.650558590888977051e+00,1.491941690444946289e+00,1.506377339363098145e+00,5.665404200553894043e-01,3.314100503921508789e-01,5.533581972122192383e-01,6.883388161659240723e-01,8.790056109428405762e-01,9.757747054100036621e-01,6.602503657341003418e-01,6.471619606018066406e-01,6.522678732872009277e-01,7.987735271453857422e-01,1.080014109611511230e+00,8.069405555725097656e-01,3.189083337783813477e-01,3.628515005111694336e-01,2.814997136592864990e-01,2.688868045806884766e-01,2.687677443027496338e-01,6.300175189971923828e-02,0.000000000000000000e+00,0.000000000000000000e+00,7.970111817121505737e-02,1.290942877531051636e-01,4.793959483504295349e-02,7.847810164093971252e-03,3.867378691211342812e-03,0.000000000000000000e+00,2.112670689821243286e-01,2.689831554889678955e-01,4.401129186153411865e-01,4.410110414028167725e-01,3.917111456394195557e-01,3.811682164669036865e-01,3.372121751308441162e-01,3.220991194248199463e-01,2.958353161811828613e-01,2.772369682788848877e-01,2.595281898975372314e-01,2.040876150131225586e-01,1.156665906310081482e-01,3.279476985335350037e-02,3.374010324478149414e-02,1.662017852067947388e-01,2.509538233280181885e-01,1.989948451519012451e-01,1.257427930831909180e-01,7.645601779222488403e-02,4.585473239421844482e-02,4.227228462696075439e-03,2.325790555914863944e-04,8.021389134228229523e-03,3.451098501682281494e-02,3.993430174887180328e-03,0.000000000000000000e+00,0.000000000000000000e+00,2.343062870204448700e-02,6.236571818590164185e-02,9.199737012386322021e-02,8.925243467092514038e-02,5.649918317794799805e-02,0.000000000000000000e+00,0.000000000000000000e+00,5.900960788130760193e-02,5.452220886945724487e-02,4.941438883543014526e-02,5.038755387067794800e-02,7.437373697757720947e-02,1.109293922781944275e-01,1.419051736593246460e-01,1.958501487970352173e-01,1.926562041044235229e-01,1.962516009807586670e-01,4.053875207901000977e-01,5.559233427047729492e-01,6.162030249834060669e-02,3.662030794657766819e-04,6.647065281867980957e-02,4.942658357322216034e-03,0.000000000000000000e+00,0.000000000000000000e+00,0.000000000000000000e+00,0.000000000000000000e+00,0.000000000000000000e+00,0.000000000000000000e+00,0.000000000000000000e+00,0.000000000000000000e+00,0.000000000000000000e+00,0.000000000000000000e+00,0.000000000000000000e+00,0.000000000000000000e+00,0.000000000000000000e+00,0.000000000000000000e+00
4.757399082183837891e+00,4.621792316436767578e+00,4.400227069854736328e+00,5.363337039947509766e+00,5.829002380371093750e+00,5.726231575012207031e+00,6.650531291961669922e+00,6.471634864807128906e+00,6.463107585906982422e+00,6.195078372955322266e+00,7.047928333282470703e+00,6.861271381378173828e+00,6.975276947021484375e+00,6.096428871154785156e+00,6.022158622741699219e+00,5.558346271514892578e+00,4.908702373504638672e+00,4.705566883087158203e+00,5.430336952209472656e+00,5.664885044097900391e+00,7.051502704620361328e+00,9.081709861755371094e+00,1.338187885284423828e+01,1.259660625457763672e+01,1.165385627746582031e+01,1.321019840240478516e+01,1.313024330139160156e+01,1.124341964721679688e+01,1.054994106292724609e+01,1.029219436645507812e+01,1.157117652893066406e+01,1.222373771667480469e+01,1.289252758026123047e+01,1.269563674926757812e+01,1.378963947296142578e+01,1.415369319915771484e+01,1.457647800445556641e+01,1.521750640869140625e+01,1.437262916564941406e+01,1.614446830749511719e+01,1.601165962219238281e+01,1.493317890167236328e+01,1.533364009857177734e+01,1.526907253265380859e+01,1.499843406677246094e+01,1.412041378021240234e+01,1.120632457733154297e+01,1.124676132202148438e+01,9.105166435241699219e+00,9.416314125061035156e+00,1.158716106414794922e+01,1.229551887512207031e+01,1.344040203094482422e+01,1.161710929870605469e+01,1.093852233886718750e+01,1.126957321166992188e+01,1.139358425140380859e+01,1.077421283721923828e+01,1.072297668457031250e+01,1.040295314788818359e+01,1.064168262481689453e+01,9.600708961486816406e+00,1.024274730682373047e+01,8.876352310180664062e+00,8.739549636840820312e+00,9.619721412658691406e+00,1.064239597320556641e+01,1.036758804321289062e+01,9.010760307312011719e+00,7.828615188598632812e+00,7.870822906494140625e+00,7.887678623199462891e+00,5.158710956573486328e+00,5.113168239593505859e+00,5.087139606475830078e+00,3.901793718338012695e+00,3.790599107742309570e+00,3.636857748031616211e+00,3.340980529785156250e+00,3.312429666519165039e+00,3.470544338226318359e+00,2.651147127151489258e+00,2.546156406402587891e+00,1.730022072792053223e+00,1.717476844787597656e+00,7.581526637077331543e-01,5.688265562057495117e-01,4.179965257644653320e-01,2.163364887237548828e-01,5.218178629875183105e-01,5.955936908721923828e-01,7.586985826492309570e-01,6.490144133567810059e-01,8.474864959716796875e-01,9.939157366752624512e-01,1.225267052650451660e+00,1.408359646797180176e+00,2.099367618560791016e+00,2.887790441513061523e+00,3.026607751846313477e+00,2.974705457687377930e+00,3.321579456329345703e+00,4.242943763732910156e+00,4.585030555725097656e+00,5.481341361999511719e+00,6.207679748535156250e+00,6.131704807281494141e+00,6.313744544982910156e+00,8.216115951538085938e+00,8.553290367126464844e+00,7.584501743316650391e+00,6.947452068328857422e+00,5.981596469879150391e+00,5.357532024383544922e+00,5.412375926971435547e+00,4.763180732727050781e+00,3.735167026519775391e+00,2.823149204254150391e+00,2.418664216995239258e+00,2.303549051284790039e+00,2.614972114562988281e+00,2.186341285705566406e+00,1.620018482208251953e+00,2.134097576141357422e+00,2.230974912643432617e+00,2.393441677093505859e+00,2.239894390106201172e+00,2.065627574920654297e+00,2.046044588088989258e+00,2.028702735900878906e+00,1.997958183288574219e+00,1.897632598876953125e+00,1.746779799461364746e+00,1.885226488113403320e+00,1.659894108772277832e+00,1.033903837203979492e+00,7.402388453483581543e-01,5.147196054458618164e-01,7.937686145305633545e-02,7.001323699951171875e-01,8.973671793937683105e-01,1.258585453033447266e+00,1.361817717552185059e+00,1.605237245559692383e+00,1.441275954246520996e+00,8.991900086402893066e-01,3.443118035793304443e-01,7.193129062652587891e-01,7.404718995094299316e-01,6.568410396575927734e-01,7.534667849540710449e-01,6.168771982192993164e-01,7.092209458351135254e-01,5.891177654266357422e-01,8.377698659896850586e-01,9.395605325698852539e-01,7.932837605476379395e-01,4.027428627014160156e-01,4.127432703971862793e-01,1.627959907054901123e-01,1.525790989398956299e-01,1.745677292346954346e-01,6.906138360500335693e-02,1.295941881835460663e-03,0.000000000000000000e+00,4.399437457323074341e-02,1.160672754049301147e-01,2.314771525561809540e-02,0.000000000000000000e+00,4.544849973171949387e-03,1.671912670135498047e-01,2.809847593307495117e-01,3.674878776073455811e-01,4.738281369209289551e-01,4.345176219940185547e-01,3.887158632278442383e-01,3.783734142780303955e-01,3.517578840255737305e-01,3.349967002868652344e-01,3.007856607437133789e-01,3.072739541530609131e-01,2.958694696426391602e-01,2.812813818454742432e-01,2.312553524971008301e-01,1.723956763744354248e-01,1.155891045928001404e-01,1.462435424327850342e-01,2.303718626499176025e-01,2.093769013881683350e-01,1.467707753181457520e-01,6.694801896810531616e-02,3.614229708909988403e-02,7.770536001771688461e-03,0.000000000000000000e+00,0.000000000000000000e+00,7.715851068496704102e-03,2.969915233552455902e-02,0.000000000000000000e+00,2.017452643485739827e-04,0.000000000000000000e+00,0.000000000000000000e+00,1.124899741262197495e-02,1.510760933160781860e-01,2.195131927728652954e-01,0.000000000000000000e+00,0.000000000000000000e+00,1.064077541232109070e-01,5.434902757406234741e-02,4.132914543151855469e-02,3.409759327769279480e-02,3.588571771979331970e-02,4.647608101367950439e-02,8.193632215261459351e-02,1.699499338865280151e-01,1.924049407243728638e-01,2.123143523931503296e-01,4.525696337223052979e-01,4.160558581352233887e-01,2.446118444204330444e-01,1.635269820690155029e-01,4.006561636924743652e-02,0.000000000000000000e+00,0.000000000000000000e+00,0.000000000000000000e+00,0.000000000000000000e+00,0.000000000000000000e+00,0.000000000000000000e+00,0.000000000000000000e+00,0.000000000000000000e+00,0.000000000000000000e+00,0.000000000000000000e+00,0.000000000000000000e+00,7.680423557758331299e-02,0.000000000000000000e+00,0.000000000000000000e+00,0.000000000000000000e+00
4.779769420623779297e+00,5.025771141052246094e+00,5.062312602996826172e+00,5.563495635986328125e+00,6.044530391693115234e+00,6.741084575653076172e+00,7.151951313018798828e+00,7.096230506896972656e+00,6.728930473327636719e+00,6.393518924713134766e+00,6.504915237426757812e+00,6.699134349822998047e+00,6.018515110015869141e+00,5.445236206054687500e+00,5.802606105804443359e+00,5.076943397521972656e+00,4.592404842376708984e+00,4.928166389465332031e+00,5.397843360900878906e+00,6.182518005371093750e+00,7.584660530090332031e+00,9.505705833435058594e+00,1.253772735595703125e+01,1.098314476013183594e+01,1.009688758850097656e+01,1.232673549652099609e+01,1.138173866271972656e+01,1.170169734954833984e+01,1.105668830871582031e+01,1.060677719116210938e+01,1.129852962493896484e+01,1.285193634033203125e+01,1.298945426940917969e+01,1.281771373748779297e+01,1.339866638183593750e+01,1.411899852752685547e+01,1.500805187225341797e+01,1.293368816375732422e+01,1.317754077911376953e+01,1.368788528442382812e+01,1.349194526672363281e+01,1.412095928192138672e+01,1.379837131500244141e+01,1.454687213897705078e+01,1.353846263885498047e+01,1.228626441955566406e+01,1.080895328521728516e+01,8.837924003601074219e+00,6.158683300018310547e+00,7.493975639343261719e+00,7.258244037628173828e+00,8.294854164123535156e+00,8.245358467102050781e+00,8.265736579895019531e+00,9.584218978881835938e+00,1.018758392333984375e+01,1.064537429809570312e+01,9.661837577819824219e+00,9.344343185424804688e+00,8.962072372436523438e+00,8.118009567260742188e+00,9.605222702026367188e+00,9.591337203979492188e+00,8.351441383361816406e+00,9.288190841674804688e+00,9.323784828186035156e+00,8.611628532409667969e+00,8.368714332580566406e+00,7.060246467590332031e+00,6.917063236236572266e+00,6.678518295288085938e+00,6.531772613525390625e+00,6.423053741455078125e+00,5.253258228302001953e+00,5.456179141998291016e+00,4.854589939117431641e+00,4.079390525817871094e+00,3.743726968765258789e+00,4.395381927490234375e+00,3.689751386642456055e+00,3.675386428833007812e+00,3.288137912750244141e+00,2.597977876663208008e+00,2.020695209503173828e+00,2.070072174072265625e+00,9.449928402900695801e-01,3.448697328567504883e-01,2.412570416927337646e-01,1.573839485645294189e-01,2.973673045635223389e-01,3.416794538497924805e-01,2.885265648365020752e-01,3.994363248348236084e-01,6.087865829467773438e-01,7.528284788131713867e-01,8.916489481925964355e-01,1.111208200454711914e+00,1.867425799369812012e+00,2.111166477203369141e+00,2.987153291702270508e+00,2.883489608764648438e+00,4.978586673736572266e+00,4.891678333282470703e+00,5.557598590850830078e+00,6.506035327911376953e+00,6.741118431091308594e+00,6.543585777282714844e+00,6.525854110717773438e+00,6.779707431793212891e+00,6.867312908172607422e+00,6.507903099060058594e+00,6.227087020874023438e+00,5.013988018035888672e+00,5.698676586151123047e+00,4.966772079467773438e+00,4.890903472900390625e+00,4.192011356353759766e+00,2.898763179779052734e+00,2.656245708465576172e+00,2.661298751831054688e+00,2.687643289566040039e+00,2.159307718276977539e+00,2.087092876434326172e+00,2.397663354873657227e+00,2.495137691497802734e+00,2.404092788696289062e+00,2.196792125701904297e+00,2.043165683746337891e+00,2.023912191390991211e+00,2.028006315231323242e+00,1.869827032089233398e+00,1.862390279769897461e+00,1.877106785774230957e+00,1.665910601615905762e+00,8.417918682098388672e-01,8.003843426704406738e-01,8.799558877944946289e-01,6.395466327667236328e-01,0.000000000000000000e+00,6.705896258354187012e-01,8.811312913894653320e-01,1.107008934020996094e+00,1.110649704933166504e+00,1.335903286933898926e+00,1.344705224037170410e+00,9.700621366500854492e-01,4.216868281364440918e-01,3.600857257843017578e-01,6.442413330078125000e-01,4.414669871330261230e-01,5.283961892127990723e-01,3.591732084751129150e-01,3.487438857555389404e-01,6.803656220436096191e-01,2.459884434938430786e-01,2.232091575860977173e-01,2.706022858619689941e-01,7.532079219818115234e-01,6.484554409980773926e-01,2.118629217147827148e-01,2.534008622169494629e-01,2.125853449106216431e-01,1.025204081088304520e-03,9.821417741477489471e-03,4.292675852775573730e-02,5.485498812049627304e-03,1.305019017308950424e-03,4.466306790709495544e-02,5.352095887064933777e-02,8.919583261013031006e-02,1.385371983051300049e-01,3.248779177665710449e-01,4.498499929904937744e-01,4.546923935413360596e-01,4.013682901859283447e-01,3.968230187892913818e-01,3.876590430736541748e-01,3.557556867599487305e-01,3.454585671424865723e-01,3.325040340423583984e-01,3.333301246166229248e-01,3.058354258537292480e-01,2.990877330303192139e-01,2.570512592792510986e-01,1.971667855978012085e-01,1.485331505537033081e-01,1.498621702194213867e-01,1.495503336191177368e-01,1.708574444055557251e-01,1.869977861642837524e-01,7.737391442060470581e-02,2.902631834149360657e-02,1.126877125352621078e-02,0.000000000000000000e+00,0.000000000000000000e+00,0.000000000000000000e+00,1.440857257694005966e-02,9.624796919524669647e-03,3.170698508620262146e-02,2.336980774998664856e-03,0.000000000000000000e+00,0.000000000000000000e+00,0.000000000000000000e+00,7.283898442983627319e-02,1.191274002194404602e-01,4.661412537097930908e-02,1.200308203697204590e-01,7.274225354194641113e-02,6.907996535301208496e-02,5.275716260075569153e-02,5.616614595055580139e-02,3.999870270490646362e-02,2.540373429656028748e-02,7.126978039741516113e-02,1.112805232405662537e-01,1.742445081472396851e-01,4.000400304794311523e-01,4.034519493579864502e-01,4.147031605243682861e-01,3.987331986427307129e-01,3.560986816883087158e-01,1.767665147781372070e-02,0.000000000000000000e+00,0.000000000000000000e+00,0.000000000000000000e+00,0.000000000000000000e+00,0.000000000000000000e+00,0.000000000000000000e+00,0.000000000000000000e+00,0.000000000000000000e+00,0.000000000000000000e+00,0.000000000000000000e+00,0.000000000000000000e+00,0.000000000000000000e+00,0.000000000000000000e+00,0.000000000000000000e+00
5.180800914764404297e+00,5.491425037384033203e+00,5.605649471282958984e+00,5.770704269409179688e+00,6.048845767974853516e+00,6.729337692260742188e+00,7.181350231170654297e+00,7.175149917602539062e+00,6.868771076202392578e+00,7.045695781707763672e+00,6.089345455169677734e+00,6.265250682830810547e+00,5.721393108367919922e+00,5.928355216979980469e+00,5.700911521911621094e+00,4.587467193603515625e+00,4.372122764587402344e+00,5.101018905639648438e+00,5.715247631072998047e+00,6.306738376617431641e+00,8.140856742858886719e+00,9.807559013366699219e+00,1.087155151367187500e+01,1.030068683624267578e+01,1.055196189880371094e+01,1.160702323913574219e+01,1.168131351470947266e+01,1.155933952331542969e+01,1.096490859985351562e+01,1.011224460601806641e+01,1.167694377899169922e+01,1.171752834320068359e+01,1.202178192138671875e+01,1.259669494628906250e+01,1.289574432373046875e+01,1.332899665832519531e+01,1.373362350463867188e+01,1.309245777130126953e+01,1.260706233978271484e+01,1.381085491180419922e+01,1.374738693237304688e+01,1.502046489715576172e+01,1.487735176086425781e+01,1.441299629211425781e+01,1.342170715332031250e+01,1.363646793365478516e+01,1.094119358062744141e+01,9.188593864440917969e+00,7.252673625946044922e+00,7.974730968475341797e+00,7.230630397796630859e+00,7.376512050628662109e+00,6.216385841369628906e+00,7.170062541961669922e+00,7.394087314605712891e+00,8.732053756713867188e+00,8.633519172668457031e+00,8.214368820190429688e+00,8.080629348754882812e+00,7.033880233764648438e+00,7.560694694519042969e+00,7.798348426818847656e+00,8.077407836914062500e+00,7.060448646545410156e+00,8.131362915039062500e+00,8.114939689636230469e+00,7.612932682037353516e+00,7.034752368927001953e+00,7.011682510375976562e+00,6.140202999114990234e+00,5.752416610717773438e+00,6.640534877777099609e+00,5.451742172241210938e+00,5.478280544281005859e+00,5.521463871002197266e+00,5.214930534362792969e+00,4.465116977691650391e+00,4.324475765228271484e+00,4.999993801116943359e+00,4.209383964538574219e+00,4.227867126464843750e+00,3.664691925048828125e+00,2.832691669464111328e+00,2.312743425369262695e+00,2.349858045578002930e+00,1.329110503196716309e+00,3.035274744033813477e-01,1.820264458656311035e-01,3.755778446793556213e-02,5.738152191042900085e-02,9.044934809207916260e-02,1.388932168483734131e-01,2.726786434650421143e-01,3.890850543975830078e-01,5.560848712921142578e-01,8.473610877990722656e-01,1.161121010780334473e+00,1.455690622329711914e+00,1.661041617393493652e+00,2.707885742187500000e+00,2.776803970336914062e+00,4.994911670684814453e+00,4.748814105987548828e+00,5.333983421325683594e+00,6.314956188201904297e+00,6.761132240295410156e+00,6.538446426391601562e+00,6.262674331665039062e+00,6.258636474609375000e+00,6.114031791687011719e+00,6.194303989410400391e+00,6.254420757293701172e+00,4.712646484375000000e+00,5.253970623016357422e+00,5.085340023040771484e+00,5.098672389984130859e+00,4.321393966674804688e+00,3.536223649978637695e+00,2.943461418151855469e+00,2.800711393356323242e+00,2.502839565277099609e+00,2.449742555618286133e+00,2.324573278427124023e+00,2.239112854003906250e+00,2.307140588760375977e+00,2.201595544815063477e+00,2.041901111602783203e+00,2.072592496871948242e+00,2.285871982574462891e+00,2.580315589904785156e+00,2.116403341293334961e+00,1.667194128036499023e+00,1.697744131088256836e+00,6.261644363403320312e-01,2.267532199621200562e-01,1.067580699920654297e+00,1.255501627922058105e+00,7.611358761787414551e-01,4.127817451953887939e-01,1.028865456581115723e+00,1.109530925750732422e+00,9.648581147193908691e-01,1.012916445732116699e+00,1.351495623588562012e+00,1.351348161697387695e+00,7.874992489814758301e-01,7.345451712608337402e-01,9.964914917945861816e-01,9.713184833526611328e-01,7.835751175880432129e-01,5.789242386817932129e-01,2.557771205902099609e-01,1.977093666791915894e-01,7.585997581481933594e-01,3.384698033332824707e-01,3.266967833042144775e-01,6.842083334922790527e-01,9.726524353027343750e-01,9.522587060928344727e-01,5.949137210845947266e-01,5.487614274024963379e-01,4.666168093681335449e-01,1.417213231325149536e-01,1.390935331583023071e-01,1.858351379632949829e-02,1.199159994721412659e-01,4.716306552290916443e-02,1.538570411503314972e-02,8.855980634689331055e-02,9.303554892539978027e-02,9.864868968725204468e-02,2.775570452213287354e-01,3.820588290691375732e-01,4.326502680778503418e-01,3.992839753627777100e-01,3.513457179069519043e-01,3.549979031085968018e-01,3.540351986885070801e-01,3.616505861282348633e-01,3.402191400527954102e-01,3.472843170166015625e-01,3.100584149360656738e-01,3.227628767490386963e-01,2.621304094791412354e-01,2.027190923690795898e-01,1.414480805397033691e-01,1.751345098018646240e-01,1.684663593769073486e-01,1.881578564643859863e-01,2.495117038488388062e-01,0.000000000000000000e+00,4.044029116630554199e-02,8.599656634032726288e-03,0.000000000000000000e+00,0.000000000000000000e+00,0.000000000000000000e+00,5.087042693048715591e-03,0.000000000000000000e+00,2.211073599755764008e-02,1.316863298416137695e-02,7.020633202046155930e-03,0.000000000000000000e+00,0.000000000000000000e+00,1.115367114543914795e-01,2.369364202022552490e-01,1.314287930727005005e-01,1.831956505775451660e-01,1.109026446938514709e-01,9.170043468475341797e-02,5.850133299827575684e-02,5.993390083312988281e-02,5.362224206328392029e-02,4.483136907219886780e-02,7.563912868499755859e-02,1.358404904603958130e-01,1.652285307645797729e-01,2.893791198730468750e-01,3.193939030170440674e-01,3.334410488605499268e-01,2.918853759765625000e-01,1.517572253942489624e-01,0.000000000000000000e+00,0.000000000000000000e+00,0.000000000000000000e+00,0.000000000000000000e+00,0.000000000000000000e+00,0.000000000000000000e+00,0.000000000000000000e+00,0.000000000000000000e+00,0.000000000000000000e+00,0.000000000000000000e+00,0.000000000000000000e+00,0.000000000000000000e+00,3.895378485321998596e-02,7.507134974002838135e-02,0.000000000000000000e+00
5.625765800476074219e+00,6.629327297210693359e+00,6.111947059631347656e+00,6.808125019073486328e+00,6.753551006317138672e+00,6.371602058410644531e+00,7.419683933258056641e+00,7.535296916961669922e+00,7.113132476806640625e+00,6.702152729034423828e+00,7.196197032928466797e+00,6.887117385864257812e+00,7.332135677337646484e+00,6.631141662597656250e+00,4.800139427185058594e+00,5.277342319488525391e+00,5.735782146453857422e+00,5.342042922973632812e+00,5.932455062866210938e+00,8.924958229064941406e+00,8.741048812866210938e+00,9.157295227050781250e+00,8.543866157531738281e+00,9.461657524108886719e+00,1.051650524139404297e+01,1.319004154205322266e+01,1.184535217285156250e+01,1.102542018890380859e+01,9.658707618713378906e+00,9.388492584228515625e+00,1.135482978820800781e+01,1.031207370758056641e+01,1.003379917144775391e+01,1.132735729217529297e+01,1.197324275970458984e+01,1.195583629608154297e+01,1.285581588745117188e+01,1.253841209411621094e+01,1.290359878540039062e+01,1.381465435028076172e+01,1.378468990325927734e+01,1.494233131408691406e+01,1.473526573181152344e+01,1.374699497222900391e+01,1.258937549591064453e+01,1.238647460937500000e+01,1.029274177551269531e+01,9.784836769104003906e+00,8.582426071166992188e+00,7.469019889831542969e+00,6.843159675598144531e+00,7.114369392395019531e+00,5.334218502044677734e+00,5.393662452697753906e+00,5.326115131378173828e+00,6.957044601440429688e+00,8.534127235412597656e+00,7.506976604461669922e+00,7.611027717590332031e+00,6.324183940887451172e+00,6.648114681243896484e+00,6.491169452667236328e+00,8.909918785095214844e+00,9.327057838439941406e+00,8.086551666259765625e+00,6.770765781402587891e+00,6.657161235809326172e+00,5.590136051177978516e+00,5.891265392303466797e+00,5.820691585540771484e+00,6.331861019134521484e+00,7.257129192352294922e+00,5.894999980926513672e+00,5.328516960144042969e+00,5.348850250244140625e+00,5.271348953247070312e+00,4.506761550903320312e+00,4.202274799346923828e+00,4.440156936645507812e+00,4.039272308349609375e+00,3.995136260986328125e+00,3.690774202346801758e+00,3.851612329483032227e+00,2.418709993362426758e+00,2.461754560470581055e+00,9.796725511550903320e-01,1.506289839744567871e-01,3.742765635251998901e-02,0.000000000000000000e+00,0.000000000000000000e+00,0.000000000000000000e+00,1.097624935209751129e-02,0.000000000000000000e+00,2.750479988753795624e-02,9.257559478282928467e-02,3.432558774948120117e-01,2.377266138792037964e-01,1.270560860633850098e+00,1.423357844352722168e+00,2.425209045410156250e+00,2.767909288406372070e+00,4.196916103363037109e+00,5.544282913208007812e+00,5.928246974945068359e+00,5.424304008483886719e+00,7.116014480590820312e+00,7.077175617218017578e+00,5.466046333312988281e+00,5.758194923400878906e+00,5.986829280853271484e+00,5.689597129821777344e+00,4.593114376068115234e+00,4.538656711578369141e+00,5.160498619079589844e+00,5.132362365722656250e+00,4.772596359252929688e+00,4.480022907257080078e+00,3.856156826019287109e+00,1.978380203247070312e+00,1.864902019500732422e+00,1.753139734268188477e+00,1.817471981048583984e+00,1.607745885848999023e+00,1.505142331123352051e+00,1.497431993484497070e+00,1.491904973983764648e+00,1.408602714538574219e+00,1.613022089004516602e+00,1.695278644561767578e+00,1.618906140327453613e+00,1.458699107170104980e+00,1.247358322143554688e+00,1.107561826705932617e+00,4.682339131832122803e-01,3.251689672470092773e-01,7.088385820388793945e-01,8.879204392433166504e-01,1.149613022804260254e+00,1.359173297882080078e+00,1.476788043975830078e+00,1.672196507453918457e+00,1.473770856857299805e+00,1.271323204040527344e+00,1.274400830268859863e+00,1.233205080032348633e+00,6.058943271636962891e-01,7.210236191749572754e-01,8.210154771804809570e-01,9.586144089698791504e-01,6.306380033493041992e-01,6.945201158523559570e-01,3.779339790344238281e-02,3.891917690634727478e-02,6.412628293037414551e-02,5.248616263270378113e-02,7.122319191694259644e-02,1.113641560077667236e-01,1.355253458023071289e-01,1.262935996055603027e-01,7.995049655437469482e-02,8.185177296400070190e-02,3.811752200126647949e-01,1.108763664960861206e-01,9.871373325586318970e-02,5.093015730381011963e-02,8.723983168601989746e-02,4.991684108972549438e-02,7.973531261086463928e-03,8.232254534959793091e-02,6.619638204574584961e-02,1.199870184063911438e-01,1.791495978832244873e-01,1.989366412162780762e-01,3.003462851047515869e-01,3.225103020668029785e-01,2.634250223636627197e-01,2.999596893787384033e-01,3.325942158699035645e-01,3.467090427875518799e-01,3.254213035106658936e-01,3.370426297187805176e-01,3.363659381866455078e-01,3.394502401351928711e-01,3.002749383449554443e-01,2.756095230579376221e-01,2.141757011413574219e-01,1.958230584859848022e-01,1.691389679908752441e-01,2.167699038982391357e-01,2.974547147750854492e-01,3.697171434760093689e-02,4.476609826087951660e-02,1.812465675175189972e-02,0.000000000000000000e+00,0.000000000000000000e+00,1.392043475061655045e-02,9.199251979589462280e-02,1.052695289254188538e-01,0.000000000000000000e+00,7.210573554039001465e-02,5.720991641283035278e-02,6.123377382755279541e-02,6.252077966928482056e-02,1.196452677249908447e-01,1.368991732597351074e-01,7.381819188594818115e-02,4.430635571479797363e-01,2.643072009086608887e-01,1.940317004919052124e-01,1.137585863471031189e-01,1.379508525133132935e-01,1.318868398666381836e-01,9.342133998870849609e-02,6.182844564318656921e-02,9.636636823415756226e-02,1.520351767539978027e-01,2.060587555170059204e-01,2.474113106727600098e-01,2.525475621223449707e-01,2.351749986410140991e-01,9.119210392236709595e-02,0.000000000000000000e+00,0.000000000000000000e+00,0.000000000000000000e+00,0.000000000000000000e+00,0.000000000000000000e+00,2.855175547301769257e-02,2.332195639610290527e-02,0.000000000000000000e+00,0.000000000000000000e+00,0.000000000000000000e+00,0.000000000000000000e+00,0.000000000000000000e+00,0.000000000000000000e+00,2.195599228143692017e-01,7.048957981169223785e-03
6.016788005828857422e+00,6.528505325317382812e+00,6.066501617431640625e+00,6.792445182800292969e+00,6.670074939727783203e+00,6.351976871490478516e+00,7.396360397338867188e+00,7.445812702178955078e+00,7.041187286376953125e+00,6.700494289398193359e+00,7.179367065429687500e+00,7.273812770843505859e+00,7.260056972503662109e+00,7.039510250091552734e+00,5.455280303955078125e+00,5.554817199707031250e+00,6.584855556488037109e+00,7.527648925781250000e+00,7.341840744018554688e+00,8.464177131652832031e+00,8.224763870239257812e+00,7.654016971588134766e+00,8.886175155639648438e+00,9.416070938110351562e+00,1.144020938873291016e+01,1.361791610717773438e+01,1.308315658569335938e+01,1.057202911376953125e+01,9.659969329833984375e+00,9.690918922424316406e+00,1.081471824645996094e+01,1.066333675384521484e+01,1.048520278930664062e+01,1.087668704986572266e+01,1.114266777038574219e+01,1.116895484924316406e+01,1.204488945007324219e+01,1.224458980560302734e+01,1.347072410583496094e+01,1.421303462982177734e+01,1.328772258758544922e+01,1.329431629180908203e+01,1.253885173797607422e+01,1.292453098297119141e+01,1.276971912384033203e+01,1.117588806152343750e+01,9.611200332641601562e+00,9.627135276794433594e+00,9.010027885437011719e+00,7.887072086334228516e+00,6.035018444061279297e+00,6.008044719696044922e+00,6.021081447601318359e+00,5.175042629241943359e+00,5.598950862884521484e+00,7.221593856811523438e+00,8.253637313842773438e+00,6.293120861053466797e+00,6.272140979766845703e+00,6.825193405151367188e+00,6.227679252624511719e+00,6.338568210601806641e+00,1.091700172424316406e+01,1.012079048156738281e+01,1.021687793731689453e+01,8.282765388488769531e+00,7.668045997619628906e+00,6.919839859008789062e+00,6.056270599365234375e+00,6.451872825622558594e+00,6.437869071960449219e+00,6.834987640380859375e+00,5.761082649230957031e+00,5.552264213562011719e+00,5.583863258361816406e+00,5.041968822479248047e+00,4.069341659545898438e+00,4.381353855133056641e+00,4.661891937255859375e+00,4.097305774688720703e+00,4.052690505981445312e+00,3.977085113525390625e+00,4.052848815917968750e+00,2.796686887741088867e+00,2.429450035095214844e+00,8.656420707702636719e-01,1.037358418107032776e-01,8.888603746891021729e-02,7.664047181606292725e-02,1.486509479582309723e-02,0.000000000000000000e+00,8.966121822595596313e-02,1.188838183879852295e-01,5.345556139945983887e-02,2.692362479865550995e-02,9.394670277833938599e-02,1.015512719750404358e-01,8.657185435295104980e-01,1.460282564163208008e+00,2.418989896774291992e+00,2.549229860305786133e+00,3.659544706344604492e+00,5.231825828552246094e+00,5.515710353851318359e+00,5.441589355468750000e+00,5.695492744445800781e+00,6.378709793090820312e+00,4.832129478454589844e+00,4.594356060028076172e+00,4.519793033599853516e+00,4.978935718536376953e+00,4.658337593078613281e+00,4.968010425567626953e+00,5.206151008605957031e+00,4.735117912292480469e+00,4.622814178466796875e+00,3.901402711868286133e+00,3.621375083923339844e+00,1.822818040847778320e+00,1.597638010978698730e+00,1.519461989402770996e+00,1.599674344062805176e+00,1.611001610755920410e+00,1.471930742263793945e+00,1.560573458671569824e+00,1.426367878913879395e+00,1.569551825523376465e+00,1.823902606964111328e+00,1.399255394935607910e+00,1.246382713317871094e+00,1.004851818084716797e+00,8.284434080123901367e-01,5.409307479858398438e-01,4.851685762405395508e-01,4.462426900863647461e-01,2.331001758575439453e-01,2.627488970756530762e-01,8.472825884819030762e-01,1.800002694129943848e+00,1.779719114303588867e+00,1.857236981391906738e+00,1.804513216018676758e+00,1.746723055839538574e+00,1.286528825759887695e+00,6.618682146072387695e-01,3.018319606781005859e-01,5.288481712341308594e-01,7.366703152656555176e-01,9.349930286407470703e-01,7.011823058128356934e-01,6.312567591667175293e-01,1.813394390046596527e-02,5.537267029285430908e-02,5.610191076993942261e-02,9.168741852045059204e-02,1.113376989960670471e-01,1.407976001501083374e-01,1.476429998874664307e-01,1.456300616264343262e-01,7.645973563194274902e-02,4.823169857263565063e-02,1.080109849572181702e-01,7.953620702028274536e-02,1.055313423275947571e-01,1.361759006977081299e-01,1.223867479711771011e-02,2.107064612209796906e-02,1.864430680871009827e-02,7.499988656491041183e-03,0.000000000000000000e+00,0.000000000000000000e+00,5.857499316334724426e-02,2.101354598999023438e-01,2.396924644708633423e-01,1.879310011863708496e-01,1.419847756624221802e-01,1.210446655750274658e-01,1.555529534816741943e-01,2.880893051624298096e-01,3.149868845939636230e-01,3.386241197586059570e-01,3.494930863380432129e-01,3.483930528163909912e-01,3.546150326728820801e-01,3.504140377044677734e-01,1.955098658800125122e-01,1.066006571054458618e-01,9.226875752210617065e-02,1.257899850606918335e-01,1.703661233186721802e-01,4.531921073794364929e-02,4.544672742486000061e-02,0.000000000000000000e+00,0.000000000000000000e+00,0.000000000000000000e+00,1.056998129934072495e-02,1.386729478836059570e-01,1.275028884410858154e-01,1.146675199270248413e-01,8.958228677511215210e-02,6.552582234144210815e-02,5.300971493124961853e-02,4.320276528596878052e-02,4.159363731741905212e-02,1.932080388069152832e-01,2.165225744247436523e-01,4.185517132282257080e-01,2.754583954811096191e-01,2.050815075635910034e-01,1.363775283098220825e-01,1.287187039852142334e-01,1.368493586778640747e-01,1.383830159902572632e-01,9.554288536310195923e-02,8.777832239866256714e-02,1.638552173972129822e-02,1.625526323914527893e-02,1.314978580921888351e-03,0.000000000000000000e+00,0.000000000000000000e+00,0.000000000000000000e+00,0.000000000000000000e+00,0.000000000000000000e+00,0.000000000000000000e+00,0.000000000000000000e+00,0.000000000000000000e+00,5.190356448292732239e-02,0.000000000000000000e+00,0.000000000000000000e+00,3.053142130374908447e-02,0.000000000000000000e+00,0.000000000000000000e+00,0.000000000000000000e+00,4.275148385204374790e-04,2.305919378995895386e-01,1.925244741141796112e-02
5.981117725372314453e+00,5.716963768005371094e+00,6.535928249359130859e+00,7.362117290496826172e+00,7.099243640899658203e+00,7.289911270141601562e+00,7.434006690979003906e+00,7.323790550231933594e+00,6.673442363739013672e+00,5.544663906097412109e+00,6.467838287353515625e+00,7.626269817352294922e+00,7.696147441864013672e+00,7.928481101989746094e+00,6.033756732940673828e+00,6.316138267517089844e+00,6.179017543792724609e+00,6.378757953643798828e+00,6.785869598388671875e+00,8.221265792846679688e+00,8.039208412170410156e+00,8.872033119201660156e+00,8.216825485229492188e+00,8.189929008483886719e+00,1.011423683166503906e+01,1.196686840057373047e+01,1.042624759674072266e+01,9.272674560546875000e+00,1.078811264038085938e+01,1.019993495941162109e+01,1.009083843231201172e+01,9.356944084167480469e+00,9.247746467590332031e+00,9.304257392883300781e+00,8.557505607604980469e+00,8.078519821166992188e+00,9.315783500671386719e+00,9.104458808898925781e+00,9.802067756652832031e+00,1.221848964691162109e+01,1.065878486633300781e+01,1.118831825256347656e+01,1.064217090606689453e+01,1.170270729064941406e+01,9.862423896789550781e+00,1.106573390960693359e+01,1.297116756439208984e+01,1.012800216674804688e+01,9.741479873657226562e+00,8.159543991088867188e+00,6.333093643188476562e+00,5.956658363342285156e+00,5.709405899047851562e+00,5.089967250823974609e+00,6.850488185882568359e+00,7.979568481445312500e+00,8.796072006225585938e+00,7.786630630493164062e+00,7.299094200134277344e+00,7.951040744781494141e+00,7.512015342712402344e+00,6.687373638153076172e+00,6.247890949249267578e+00,6.973275661468505859e+00,7.313652992248535156e+00,7.256125450134277344e+00,7.531619548797607422e+00,6.244681835174560547e+00,5.999303817749023438e+00,5.746919155120849609e+00,5.632815837860107422e+00,6.070083618164062500e+00,5.172722339630126953e+00,5.365011692047119141e+00,5.392973899841308594e+00,4.235373973846435547e+00,3.560951948165893555e+00,3.677396059036254883e+00,3.335284233093261719e+00,3.280761957168579102e+00,3.869129180908203125e+00,4.565986156463623047e+00,4.566497325897216797e+00,2.925126314163208008e+00,2.650826215744018555e+00,9.815053939819335938e-01,1.747443526983261108e-02,0.000000000000000000e+00,1.739566586911678314e-02,0.000000000000000000e+00,0.000000000000000000e+00,0.000000000000000000e+00,0.000000000000000000e+00,0.000000000000000000e+00,0.000000000000000000e+00,1.894060522317886353e-02,4.076297581195831299e-02,5.538752675056457520e-01,1.656780362129211426e+00,2.670105457305908203e+00,2.483104705810546875e+00,3.628121614456176758e+00,3.415527820587158203e+00,3.700556755065917969e+00,3.972311973571777344e+00,4.456699848175048828e+00,4.980043411254882812e+00,4.461321830749511719e+00,4.513294219970703125e+00,4.407889366149902344e+00,4.895650386810302734e+00,4.564169406890869141e+00,4.555127143859863281e+00,4.692553997039794922e+00,4.124261379241943359e+00,4.342305183410644531e+00,4.084664821624755859e+00,3.514490842819213867e+00,1.678695797920227051e+00,1.491904139518737793e+00,1.444152712821960449e+00,1.527002930641174316e+00,1.506016254425048828e+00,1.475410342216491699e+00,1.472483277320861816e+00,1.587381720542907715e+00,1.781808376312255859e+00,1.563163280487060547e+00,1.090201854705810547e+00,1.209956884384155273e+00,8.981975913047790527e-01,4.731467366218566895e-01,4.176229238510131836e-01,5.249522924423217773e-01,4.851932525634765625e-01,3.155717551708221436e-01,6.947484612464904785e-01,1.340017199516296387e+00,1.790410757064819336e+00,1.872522234916687012e+00,1.892027139663696289e+00,1.865047574043273926e+00,1.850599050521850586e+00,1.639739274978637695e+00,8.278906345367431641e-01,4.337126314640045166e-01,6.562848687171936035e-01,9.298090338706970215e-01,9.765661358833312988e-01,7.880402803421020508e-01,5.686578154563903809e-01,4.873282462358474731e-02,5.199690535664558411e-02,8.271171897649765015e-02,1.191015541553497314e-01,1.321826428174972534e-01,1.552322208881378174e-01,1.500861346721649170e-01,1.184115409851074219e-01,6.869218498468399048e-02,2.283900603652000427e-02,7.080502808094024658e-02,1.423005908727645874e-01,2.531819939613342285e-01,2.533979117870330811e-01,5.627978593111038208e-02,1.630118675529956818e-02,1.344423857517540455e-03,0.000000000000000000e+00,0.000000000000000000e+00,0.000000000000000000e+00,7.451118435710668564e-03,9.635054506361484528e-03,1.071001216769218445e-01,1.020412147045135498e-01,1.140576228499412537e-01,1.222444176673889160e-01,1.036389395594596863e-01,2.940327525138854980e-01,2.486390918493270874e-01,3.170787394046783447e-01,3.713003695011138916e-01,3.589493036270141602e-01,3.499602973461151123e-01,3.187098801136016846e-01,2.139422446489334106e-01,3.152810782194137573e-02,8.848223090171813965e-02,1.264322847127914429e-01,1.431902199983596802e-01,6.472802162170410156e-02,1.508871372789144516e-02,0.000000000000000000e+00,0.000000000000000000e+00,0.000000000000000000e+00,4.643895477056503296e-02,1.437974423170089722e-01,1.065567433834075928e-01,1.043956726789474487e-01,7.776848971843719482e-02,7.609640806913375854e-02,5.635630339384078979e-02,1.667090505361557007e-02,9.297359734773635864e-02,2.121198922395706177e-01,2.850646674633026123e-01,3.664719760417938232e-01,2.485260516405105591e-01,1.619767099618911743e-01,1.323877722024917603e-01,1.270676851272583008e-01,1.197469532489776611e-01,1.461143642663955688e-01,1.592578440904617310e-01,1.338998377323150635e-01,5.877998843789100647e-02,5.934704467654228210e-02,1.915899291634559631e-02,0.000000000000000000e+00,0.000000000000000000e+00,0.000000000000000000e+00,0.000000000000000000e+00,0.000000000000000000e+00,0.000000000000000000e+00,2.838065265677869320e-04,1.131735858507454395e-03,0.000000000000000000e+00,0.000000000000000000e+00,0.000000000000000000e+00,3.087918972596526146e-03,0.000000000000000000e+00,0.000000000000000000e+00,0.000000000000000000e+00,0.000000000000000000e+00,2.798599600791931152e-01,3.040018305182456970e-02
5.815606117248535156e+00,6.731329917907714844e+00,6.998857021331787109e+00,7.107348918914794922e+00,6.664614677429199219e+00,7.000606060028076172e+00,7.358467578887939453e+00,6.963895797729492188e+00,6.215705394744873047e+00,6.190565109252929688e+00,5.903996944427490234e+00,7.612302303314208984e+00,7.600422382354736328e+00,7.609306812286376953e+00,7.186127662658691406e+00,6.331503868103027344e+00,6.577942848205566406e+00,6.220139503479003906e+00,6.483892440795898438e+00,8.169566154479980469e+00,7.895714282989501953e+00,7.711960315704345703e+00,5.711641788482666016e+00,5.998553276062011719e+00,8.034642219543457031e+00,8.337404251098632812e+00,8.437693595886230469e+00,8.599682807922363281e+00,9.679100990295410156e+00,1.095869922637939453e+01,1.001036453247070312e+01,8.825798988342285156e+00,8.252820014953613281e+00,7.305357456207275391e+00,8.166133880615234375e+00,7.504967689514160156e+00,8.204228401184082031e+00,8.590114593505859375e+00,9.408272743225097656e+00,1.186514377593994141e+01,1.157823371887207031e+01,1.223525524139404297e+01,1.087583827972412109e+01,1.107209873199462891e+01,1.072547435760498047e+01,1.171430301666259766e+01,1.091799354553222656e+01,1.098441123962402344e+01,9.015095710754394531e+00,6.262075901031494141e+00,7.146228790283203125e+00,6.372292041778564453e+00,5.893919467926025391e+00,4.709105491638183594e+00,6.312629222869873047e+00,7.922563076019287109e+00,8.534963607788085938e+00,8.229969024658203125e+00,7.609694004058837891e+00,7.788743019104003906e+00,7.371216773986816406e+00,6.228570461273193359e+00,5.773230075836181641e+00,5.141469955444335938e+00,6.178427219390869141e+00,6.505059242248535156e+00,6.162424087524414062e+00,5.382030963897705078e+00,5.170593738555908203e+00,5.048163414001464844e+00,4.049650192260742188e+00,4.417507648468017578e+00,5.096061706542968750e+00,4.211684226989746094e+00,3.900497674942016602e+00,3.987922191619873047e+00,3.566426038742065430e+00,4.354307174682617188e+00,4.195618629455566406e+00,4.390357971191406250e+00,4.374963283538818359e+00,3.863121032714843750e+00,3.016440153121948242e+00,2.033861398696899414e+00,1.680404663085937500e+00,2.431535124778747559e-01,0.000000000000000000e+00,0.000000000000000000e+00,0.000000000000000000e+00,0.000000000000000000e+00,0.000000000000000000e+00,0.000000000000000000e+00,0.000000000000000000e+00,0.000000000000000000e+00,0.000000000000000000e+00,3.821508586406707764e-02,4.781353473663330078e-02,5.646072030067443848e-01,1.832731008529663086e+00,2.104885101318359375e+00,2.372144937515258789e+00,3.986433506011962891e+00,4.815011978149414062e+00,4.288146495819091797e+00,4.130823612213134766e+00,3.922927856445312500e+00,4.051154136657714844e+00,4.044176101684570312e+00,4.676331996917724609e+00,4.659883022308349609e+00,4.536715507507324219e+00,4.052701473236083984e+00,3.808993101119995117e+00,3.757751464843750000e+00,3.339725732803344727e+00,3.096928358078002930e+00,3.220043897628784180e+00,2.947691917419433594e+00,1.635404467582702637e+00,1.389358043670654297e+00,1.426371216773986816e+00,1.531656146049499512e+00,1.392893314361572266e+00,1.362480282783508301e+00,1.296741247177124023e+00,1.408374309539794922e+00,1.365525722503662109e+00,1.207236289978027344e+00,9.934300184249877930e-01,1.112748742103576660e+00,8.436205387115478516e-01,5.332231521606445312e-01,5.803329944610595703e-01,4.902445971965789795e-01,3.686837255954742432e-01,2.362808585166931152e-01,1.224727988243103027e+00,1.703779816627502441e+00,1.852906465530395508e+00,1.856554865837097168e+00,1.840954184532165527e+00,1.854292392730712891e+00,1.908040523529052734e+00,1.442769408226013184e+00,8.322388529777526855e-01,2.288359105587005615e-01,7.814943790435791016e-01,9.390521645545959473e-01,9.045844078063964844e-01,6.802451014518737793e-01,7.507226467132568359e-01,6.092652678489685059e-02,6.127636879682540894e-02,1.194772422313690186e-01,1.515386104583740234e-01,1.631498336791992188e-01,1.667990386486053467e-01,1.485579609870910645e-01,8.178639411926269531e-02,6.376292556524276733e-02,3.682947158813476562e-02,1.634474694728851318e-01,1.951403617858886719e-01,2.646123766899108887e-01,1.995719969272613525e-01,6.348923593759536743e-02,3.124437760561704636e-03,0.000000000000000000e+00,2.551366761326789856e-02,3.651487082242965698e-02,3.389132767915725708e-02,5.161753669381141663e-02,6.937747448682785034e-02,5.702560395002365112e-02,2.627277560532093048e-02,1.656330376863479614e-01,1.553575247526168823e-01,0.000000000000000000e+00,3.871515095233917236e-01,4.402714073657989502e-01,2.984520196914672852e-01,3.393846452236175537e-01,3.610291182994842529e-01,3.140110671520233154e-01,3.221830427646636963e-01,2.348161637783050537e-01,2.098923083394765854e-03,2.634630538523197174e-02,1.175471991300582886e-01,1.482460647821426392e-01,6.005636975169181824e-02,1.380889210850000381e-02,0.000000000000000000e+00,1.240392774343490601e-02,8.606045693159103394e-02,8.816848695278167725e-02,1.086577549576759338e-01,1.179802790284156799e-01,9.593338519334793091e-02,5.795784294605255127e-02,8.330403268337249756e-02,8.521031588315963745e-02,7.897463440895080566e-02,1.062520295381546021e-01,1.705396622419357300e-01,2.518444061279296875e-01,2.881111800670623779e-01,2.439207732677459717e-01,1.593414992094039917e-01,1.380585283041000366e-01,1.317038238048553467e-01,1.720565855503082275e-01,1.974312514066696167e-01,2.543575465679168701e-01,2.283777743577957153e-01,2.243570983409881592e-01,2.146095633506774902e-01,1.360985636711120605e-01,4.447227716445922852e-02,3.532587736845016479e-02,1.168830096721649170e-01,1.676558330655097961e-02,0.000000000000000000e+00,0.000000000000000000e+00,4.478201735764741898e-03,2.392500638961791992e-02,9.643898345530033112e-03,0.000000000000000000e+00,0.000000000000000000e+00,9.255500882863998413e-02,6.921657826751470566e-03,2.045066468417644501e-02,1.206908077001571655e-01,5.131238102912902832e-01,1.269840151071548462e-01,5.293360725045204163e-02
7.117152214050292969e+00,7.096661090850830078e+00,7.259314537048339844e+00,6.873530387878417969e+00,6.413907527923583984e+00,7.759483337402343750e+00,8.170878410339355469e+00,7.334282875061035156e+00,6.481352806091308594e+00,6.172942638397216797e+00,6.921454906463623047e+00,7.554027557373046875e+00,8.607652664184570312e+00,9.324845314025878906e+00,7.866877079010009766e+00,6.390507698059082031e+00,7.190514564514160156e+00,6.428064346313476562e+00,8.255756378173828125e+00,8.139402389526367188e+00,8.238245010375976562e+00,7.147817134857177734e+00,5.923299789428710938e+00,6.363031864166259766e+00,7.986948966979980469e+00,7.318342208862304688e+00,8.191725730895996094e+00,7.299567222595214844e+00,9.227279663085937500e+00,9.148106575012207031e+00,9.745468139648437500e+00,8.219546318054199219e+00,7.123012542724609375e+00,7.256939411163330078e+00,8.021792411804199219e+00,6.987154006958007812e+00,8.432107925415039062e+00,8.812659263610839844e+00,9.560504913330078125e+00,1.166435527801513672e+01,1.122879219055175781e+01,1.082262802124023438e+01,1.125135231018066406e+01,1.125856208801269531e+01,1.072482776641845703e+01,1.062622070312500000e+01,1.036186408996582031e+01,1.006472873687744141e+01,8.544054985046386719e+00,7.060783863067626953e+00,6.858086585998535156e+00,6.160672664642333984e+00,5.765398025512695312e+00,4.759583473205566406e+00,6.264070034027099609e+00,8.432861328125000000e+00,8.572990417480468750e+00,8.670836448669433594e+00,6.927917480468750000e+00,7.471282482147216797e+00,7.549523830413818359e+00,6.839803218841552734e+00,6.651092052459716797e+00,6.442172050476074219e+00,6.928492546081542969e+00,6.690116882324218750e+00,5.858864307403564453e+00,5.219299316406250000e+00,5.076370239257812500e+00,5.039723873138427734e+00,4.188744068145751953e+00,4.378544807434082031e+00,4.568936824798583984e+00,3.692069768905639648e+00,3.872306108474731445e+00,4.001986026763916016e+00,4.020148277282714844e+00,4.356867790222167969e+00,4.280397415161132812e+00,4.811612606048583984e+00,5.045261859893798828e+00,3.540444850921630859e+00,2.555580377578735352e+00,1.563926458358764648e+00,1.654328823089599609e+00,2.688332796096801758e-01,0.000000000000000000e+00,0.000000000000000000e+00,0.000000000000000000e+00,0.000000000000000000e+00,0.000000000000000000e+00,0.000000000000000000e+00,0.000000000000000000e+00,0.000000000000000000e+00,0.000000000000000000e+00,1.114220544695854187e-02,1.461495272815227509e-02,4.017574191093444824e-01,1.183151006698608398e+00,1.865621209144592285e+00,2.237643241882324219e+00,4.136427402496337891e+00,4.247072219848632812e+00,3.700771570205688477e+00,3.608200311660766602e+00,3.490374803543090820e+00,4.038434982299804688e+00,3.934605360031127930e+00,4.304198741912841797e+00,4.250497341156005859e+00,4.076992988586425781e+00,3.555420398712158203e+00,3.275289297103881836e+00,2.946790218353271484e+00,2.795308113098144531e+00,2.877655982971191406e+00,2.938438653945922852e+00,2.877684354782104492e+00,1.584696650505065918e+00,1.362543225288391113e+00,1.486306548118591309e+00,1.552094936370849609e+00,1.370044112205505371e+00,1.317112207412719727e+00,1.472040891647338867e+00,1.394070863723754883e+00,1.254076123237609863e+00,1.060977220535278320e+00,1.119755744934082031e+00,1.013346195220947266e+00,7.784233093261718750e-01,6.869828701019287109e-01,6.298314929008483887e-01,3.586718142032623291e-01,3.239547014236450195e-01,8.173045516014099121e-01,1.679322600364685059e+00,1.897801280021667480e+00,1.870895981788635254e+00,1.851467013359069824e+00,1.915715932846069336e+00,2.042087316513061523e+00,1.995488524436950684e+00,1.172596216201782227e+00,5.202075242996215820e-01,3.480223119258880615e-01,6.897018551826477051e-01,8.652393817901611328e-01,9.229031205177307129e-01,8.445966839790344238e-01,8.378179073333740234e-01,5.698835849761962891e-02,9.379418939352035522e-02,1.347021013498306274e-01,1.571423858404159546e-01,1.643809378147125244e-01,1.511480510234832764e-01,8.400452882051467896e-02,5.308153480291366577e-02,4.702603444457054138e-02,1.416348572820425034e-02,1.038581207394599915e-01,2.127698808908462524e-01,1.877479106187820435e-01,1.959993988275527954e-01,4.712638258934020996e-02,0.000000000000000000e+00,0.000000000000000000e+00,0.000000000000000000e+00,3.731591999530792236e-02,9.535196423530578613e-02,7.438670098781585693e-02,5.647714808583259583e-02,3.401140496134757996e-02,5.949598923325538635e-02,1.057606041431427002e-01,0.000000000000000000e+00,3.223280608654022217e-02,1.466667354106903076e-01,4.646864533424377441e-01,3.642327487468719482e-01,2.873861193656921387e-01,3.358614146709442139e-01,2.865794599056243896e-01,2.613394260406494141e-01,1.742630451917648315e-01,4.231806099414825439e-02,2.342613786458969116e-02,2.722344128414988518e-03,0.000000000000000000e+00,0.000000000000000000e+00,0.000000000000000000e+00,0.000000000000000000e+00,4.718010127544403076e-02,4.612833634018898010e-02,6.802716851234436035e-02,9.401602298021316528e-02,1.162596717476844788e-01,1.244156211614608765e-01,1.082601621747016907e-01,1.008233055472373962e-01,9.724347293376922607e-02,1.115312203764915466e-01,1.149602234363555908e-01,1.645861566066741943e-01,1.770824790000915527e-01,2.531071603298187256e-01,2.266221642494201660e-01,1.722168177366256714e-01,1.184265688061714172e-01,1.122557297348976135e-01,1.616582870483398438e-01,1.895765513181686401e-01,2.126700729131698608e-01,1.937391459941864014e-01,1.968202739953994751e-01,1.188133433461189270e-01,7.532252371311187744e-02,6.251364201307296753e-02,6.077727302908897400e-02,1.094010025262832642e-01,7.302538305521011353e-02,4.040396586060523987e-02,4.392589908093214035e-03,9.003701619803905487e-03,9.935918450355529785e-02,1.051052883267402649e-01,1.233900636434555054e-01,1.129253655672073364e-01,6.133686378598213196e-02,3.042719140648841858e-02,3.407449275255203247e-02,4.123648703098297119e-01,3.670014441013336182e-01,1.069839373230934143e-01,6.884567439556121826e-02
6.419778347015380859e+00,6.720370769500732422e+00,7.035912513732910156e+00,7.086809635162353516e+00,7.305516242980957031e+00,9.060474395751953125e+00,9.538245201110839844e+00,8.791081428527832031e+00,8.666874885559082031e+00,8.883991241455078125e+00,9.518518447875976562e+00,7.241837501525878906e+00,7.491615295410156250e+00,8.464423179626464844e+00,8.036498069763183594e+00,7.273960590362548828e+00,6.627614974975585938e+00,7.006872177124023438e+00,7.620126247406005859e+00,8.462084770202636719e+00,5.688561916351318359e+00,5.489183902740478516e+00,6.172408103942871094e+00,6.176255702972412109e+00,6.578757762908935547e+00,6.613849639892578125e+00,6.597118377685546875e+00,5.907579898834228516e+00,5.601118087768554688e+00,6.534309387207031250e+00,7.526240825653076172e+00,7.172720432281494141e+00,6.111578941345214844e+00,6.029587745666503906e+00,6.832160472869873047e+00,6.860970973968505859e+00,7.503231525421142578e+00,7.853363990783691406e+00,8.855078697204589844e+00,1.012981224060058594e+01,1.108183670043945312e+01,1.120831489562988281e+01,1.117656230926513672e+01,1.055974102020263672e+01,9.549387931823730469e+00,9.884816169738769531e+00,8.686949729919433594e+00,8.461466789245605469e+00,8.028411865234375000e+00,6.420557975769042969e+00,5.492670059204101562e+00,4.736807346343994141e+00,4.823835849761962891e+00,5.421007633209228516e+00,6.366212368011474609e+00,7.604078292846679688e+00,7.397212982177734375e+00,7.435136318206787109e+00,7.712422370910644531e+00,8.236073493957519531e+00,7.767061710357666016e+00,6.970678329467773438e+00,6.479644775390625000e+00,6.563280105590820312e+00,6.715254306793212891e+00,7.152522087097167969e+00,5.970325946807861328e+00,5.201672077178955078e+00,5.166512012481689453e+00,4.434321880340576172e+00,3.575307369232177734e+00,3.636756181716918945e+00,3.169808864593505859e+00,3.049723148345947266e+00,3.332882881164550781e+00,3.492624282836914062e+00,3.240863084793090820e+00,3.902192354202270508e+00,4.576160907745361328e+00,4.562370777130126953e+00,4.317203998565673828e+00,2.739062786102294922e+00,1.396873712539672852e+00,7.878057360649108887e-01,7.978669404983520508e-01,2.377526611089706421e-01,0.000000000000000000e+00,0.000000000000000000e+00,0.000000000000000000e+00,0.000000000000000000e+00,0.000000000000000000e+00,0.000000000000000000e+00,0.000000000000000000e+00,0.000000000000000000e+00,0.000000000000000000e+00,0.000000000000000000e+00,0.000000000000000000e+00,1.388341635465621948e-01,1.240240573883056641e+00,2.568249702453613281e+00,1.433986783027648926e+00,3.067141771316528320e+00,3.549093246459960938e+00,3.037233829498291016e+00,3.412567377090454102e+00,3.309923171997070312e+00,3.793227195739746094e+00,3.096745014190673828e+00,3.215699672698974609e+00,3.173530340194702148e+00,2.888562679290771484e+00,2.848548889160156250e+00,2.689047098159790039e+00,2.506811618804931641e+00,2.352324485778808594e+00,2.435070276260375977e+00,1.637651920318603516e+00,1.603757977485656738e+00,1.536433577537536621e+00,1.419557809829711914e+00,1.387039422988891602e+00,1.179013967514038086e+00,1.310747265815734863e+00,1.414111256599426270e+00,1.532355904579162598e+00,1.544763445854187012e+00,2.136913776397705078e+00,1.726627469062805176e+00,2.002371549606323242e+00,1.594448804855346680e+00,9.004617929458618164e-01,1.125275015830993652e+00,9.704666733741760254e-01,6.172969341278076172e-01,1.222743511199951172e+00,1.629366397857666016e+00,1.928348541259765625e+00,1.994074702262878418e+00,1.920112609863281250e+00,1.832907199859619141e+00,1.953085303306579590e+00,2.002391815185546875e+00,1.924269199371337891e+00,1.088955998420715332e+00,5.319089293479919434e-01,2.787402272224426270e-01,6.699181795120239258e-01,7.656496763229370117e-01,9.329748749732971191e-01,8.825893402099609375e-01,6.232699155807495117e-01,9.439483284950256348e-02,1.507080495357513428e-01,1.907911896705627441e-01,2.058003246784210205e-01,1.745680123567581177e-01,8.665773272514343262e-01,5.603122711181640625e-01,3.324419558048248291e-01,2.461385428905487061e-01,2.753765881061553955e-01,3.732256591320037842e-01,2.008866965770721436e-01,8.400818705558776855e-02,1.337450742721557617e-01,6.394980847835540771e-02,3.092135116457939148e-02,6.908801943063735962e-02,1.190769076347351074e-01,2.098266035318374634e-01,8.538690954446792603e-02,7.050482556223869324e-03,3.087060339748859406e-02,1.066072806715965271e-01,9.489718824625015259e-02,6.439790129661560059e-02,8.636024594306945801e-02,2.112290412187576294e-01,2.310163527727127075e-01,1.688662171363830566e-01,4.194182753562927246e-01,2.940459251403808594e-01,2.751803398132324219e-01,1.854529380798339844e-01,1.467977613210678101e-01,1.433103065937757492e-02,0.000000000000000000e+00,3.372862702235579491e-04,4.808423109352588654e-03,2.513076411560177803e-03,8.878210559487342834e-03,2.986033819615840912e-02,4.846321418881416321e-02,8.404655754566192627e-02,6.079575046896934509e-02,6.798556447029113770e-02,9.962072968482971191e-02,8.979519456624984741e-02,1.103786006569862366e-01,1.057355776429176331e-01,7.700085639953613281e-02,9.066346287727355957e-02,1.166441440582275391e-01,1.576428860425949097e-01,1.762048155069351196e-01,1.837283670902252197e-01,1.997807621955871582e-01,1.992536634206771851e-01,1.413419991731643677e-01,1.132762804627418518e-01,7.446080446243286133e-02,1.057086363434791565e-01,1.059045270085334778e-01,1.774148941040039062e-01,1.989978998899459839e-01,1.780838519334793091e-01,1.194810941815376282e-01,4.304267838597297668e-02,2.243698202073574066e-02,6.068618968129158020e-03,2.910951897501945496e-02,1.794704236090183258e-02,2.245559357106685638e-03,0.000000000000000000e+00,0.000000000000000000e+00,6.460949778556823730e-02,1.549211442470550537e-01,1.354778707027435303e-01,2.439813166856765747e-01,1.753007769584655762e-01,1.650936752557754517e-01,2.481036633253097534e-01,6.065745949745178223e-01,3.082517385482788086e-01,1.321833878755569458e-01,8.518037199974060059e-02
6.502201080322265625e+00,6.716166019439697266e+00,7.360915184020996094e+00,7.039190292358398438e+00,7.642078399658203125e+00,8.580920219421386719e+00,9.846270561218261719e+00,9.265544891357421875e+00,7.998617649078369141e+00,7.036170005798339844e+00,8.407685279846191406e+00,7.449112892150878906e+00,6.998850822448730469e+00,7.375402450561523438e+00,8.079996109008789062e+00,8.063097000122070312e+00,6.877805233001708984e+00,8.989065170288085938e+00,7.703547954559326172e+00,6.805373191833496094e+00,5.473639011383056641e+00,5.549520492553710938e+00,5.716242790222167969e+00,5.060322761535644531e+00,5.197257995605468750e+00,5.367512226104736328e+00,5.312213897705078125e+00,5.299855709075927734e+00,5.759377479553222656e+00,5.507245540618896484e+00,6.210095882415771484e+00,5.237214565277099609e+00,5.807154655456542969e+00,5.249092578887939453e+00,5.646557331085205078e+00,5.840580463409423828e+00,6.071194648742675781e+00,6.855370044708251953e+00,7.803833961486816406e+00,8.580574035644531250e+00,9.299902915954589844e+00,1.105171394348144531e+01,1.095533084869384766e+01,1.050966453552246094e+01,9.151780128479003906e+00,9.238291740417480469e+00,9.472987174987792969e+00,6.534121990203857422e+00,6.041646480560302734e+00,5.476390838623046875e+00,4.304202079772949219e+00,4.071348667144775391e+00,4.468677043914794922e+00,5.525021553039550781e+00,5.967937946319580078e+00,6.341632366180419922e+00,6.205143451690673828e+00,5.939183235168457031e+00,6.304589748382568359e+00,5.768636703491210938e+00,7.577614784240722656e+00,6.979250907897949219e+00,5.791291713714599609e+00,5.491106986999511719e+00,5.934465885162353516e+00,6.998467922210693359e+00,6.242224216461181641e+00,5.355540752410888672e+00,5.235801696777343750e+00,4.757576942443847656e+00,3.799126863479614258e+00,3.971078634262084961e+00,3.485699653625488281e+00,3.290467977523803711e+00,3.427469015121459961e+00,3.321342468261718750e+00,3.176350116729736328e+00,3.626789808273315430e+00,3.346665143966674805e+00,3.166502714157104492e+00,3.183557510375976562e+00,1.988691806793212891e+00,8.497837781906127930e-01,1.511177718639373779e-01,1.438654065132141113e-01,5.430528894066810608e-02,0.000000000000000000e+00,0.000000000000000000e+00,0.000000000000000000e+00,0.000000000000000000e+00,0.000000000000000000e+00,0.000000000000000000e+00,0.000000000000000000e+00,0.000000000000000000e+00,2.106058411300182343e-02,1.327236182987689972e-02,7.810945808887481689e-02,1.811967194080352783e-01,4.385634660720825195e-01,1.226953983306884766e+00,1.160824418067932129e+00,3.267522811889648438e+00,2.855047941207885742e+00,2.632141113281250000e+00,2.983898162841796875e+00,2.641079902648925781e+00,2.915224552154541016e+00,2.553153038024902344e+00,2.636564970016479492e+00,2.592103481292724609e+00,2.400712966918945312e+00,2.182399034500122070e+00,2.102518796920776367e+00,2.224915981292724609e+00,2.242738485336303711e+00,2.411087512969970703e+00,1.640193581581115723e+00,1.617040634155273438e+00,1.464859008789062500e+00,1.550624847412109375e+00,1.512926340103149414e+00,1.567948222160339355e+00,1.560423493385314941e+00,1.518322825431823730e+00,1.630141615867614746e+00,1.624941349029541016e+00,2.292667627334594727e+00,2.093295812606811523e+00,1.928468346595764160e+00,1.694367170333862305e+00,5.704564452171325684e-01,5.466816425323486328e-01,4.990869760513305664e-01,1.244332075119018555e+00,1.725193500518798828e+00,1.854765892028808594e+00,1.937991857528686523e+00,1.938504695892333984e+00,1.871555447578430176e+00,1.843677878379821777e+00,2.018420934677124023e+00,1.926701545715332031e+00,1.671719431877136230e+00,6.083862781524658203e-01,3.619128763675689697e-01,3.781346976757049561e-01,6.788064837455749512e-01,7.493636012077331543e-01,8.167583346366882324e-01,7.031575441360473633e-01,3.395268321037292480e-01,1.141929775476455688e-01,1.646636575460433960e-01,2.011198103427886963e-01,1.944549083709716797e-01,1.497090458869934082e-01,9.767495989799499512e-01,8.869547247886657715e-01,5.600870251655578613e-01,1.862296909093856812e-01,3.146105110645294189e-01,2.766943275928497314e-01,1.843482702970504761e-01,6.413272768259048462e-02,1.129209473729133606e-01,2.362614721059799194e-01,2.158138751983642578e-01,2.021129578351974487e-01,1.139594390988349915e-01,1.406355947256088257e-01,2.099278569221496582e-01,2.047150880098342896e-01,1.859441250562667847e-01,2.533600926399230957e-01,1.816123276948928833e-01,1.188662424683570862e-01,2.417883276939392090e-01,3.137609958648681641e-01,2.107104957103729248e-01,7.667816430330276489e-02,8.645269274711608887e-02,3.941186964511871338e-01,3.692381083965301514e-01,2.447104454040527344e-01,1.749439686536788940e-01,8.180883526802062988e-02,4.294831678271293640e-02,9.858539327979087830e-03,8.629773743450641632e-03,0.000000000000000000e+00,1.394357299432158470e-03,7.596972398459911346e-03,3.064579889178276062e-02,2.279724180698394775e-02,2.587703242897987366e-02,4.354226589202880859e-02,7.022920250892639160e-02,7.550314813852310181e-02,1.136099696159362793e-01,1.286479234695434570e-01,1.863709986209869385e-01,1.829725950956344604e-01,1.434622257947921753e-01,1.631325483322143555e-01,1.956595033407211304e-01,2.141769975423812866e-01,2.096153199672698975e-01,2.321070581674575806e-01,1.942361295223236084e-01,1.554121524095535278e-01,7.659048587083816528e-02,6.129861995577812195e-02,7.257028669118881226e-02,1.271399855613708496e-01,2.105215042829513550e-01,1.738174408674240112e-01,1.686168611049652100e-01,1.282540261745452881e-01,9.338710457086563110e-02,6.868443638086318970e-02,8.728358149528503418e-02,5.497993901371955872e-03,1.079766154289245605e-01,7.218796014785766602e-02,0.000000000000000000e+00,0.000000000000000000e+00,0.000000000000000000e+00,1.320597380399703979e-01,4.336062371730804443e-01,3.572278320789337158e-01,2.856157422065734863e-01,3.063269257545471191e-01,6.826221942901611328e-01,4.005815386772155762e-01,2.624814212322235107e-01,2.527394890785217285e-01
6.252616405487060547e+00,7.184992313385009766e+00,6.976725578308105469e+00,6.850950717926025391e+00,7.416838645935058594e+00,8.308624267578125000e+00,8.789255142211914062e+00,7.739853382110595703e+00,7.905989170074462891e+00,7.890735626220703125e+00,8.177362442016601562e+00,7.438120365142822266e+00,7.258874893188476562e+00,7.236496925354003906e+00,8.034970283508300781e+00,7.577188968658447266e+00,7.809508800506591797e+00,7.287928104400634766e+00,6.954606533050537109e+00,5.208680629730224609e+00,5.002755165100097656e+00,4.852067947387695312e+00,4.756137847900390625e+00,4.715517997741699219e+00,4.412789344787597656e+00,4.624359130859375000e+00,4.178042888641357422e+00,4.777878284454345703e+00,5.166745662689208984e+00,5.257554531097412109e+00,5.767788410186767578e+00,4.950400352478027344e+00,5.447589397430419922e+00,5.009487628936767578e+00,4.818502426147460938e+00,4.570708751678466797e+00,5.358478546142578125e+00,5.426974296569824219e+00,6.502756118774414062e+00,7.509180545806884766e+00,8.048893928527832031e+00,9.226187705993652344e+00,9.426054000854492188e+00,9.844664573669433594e+00,7.799220085144042969e+00,8.245761871337890625e+00,9.076015472412109375e+00,8.318584442138671875e+00,6.011521816253662109e+00,4.344460964202880859e+00,3.832726716995239258e+00,4.399561882019042969e+00,5.037281990051269531e+00,5.375224590301513672e+00,6.265868186950683594e+00,6.217945575714111328e+00,4.955685615539550781e+00,4.724286079406738281e+00,4.172417640686035156e+00,4.858344554901123047e+00,4.795804500579833984e+00,4.949010848999023438e+00,5.471574783325195312e+00,5.425918102264404297e+00,5.798932075500488281e+00,6.799798011779785156e+00,5.604863166809082031e+00,4.561257362365722656e+00,4.440913200378417969e+00,3.922343015670776367e+00,3.792063951492309570e+00,4.352972507476806641e+00,4.524382591247558594e+00,3.940173387527465820e+00,4.006263256072998047e+00,3.869611740112304688e+00,3.319828033447265625e+00,3.606421232223510742e+00,3.020250320434570312e+00,2.287732839584350586e+00,2.053115606307983398e+00,1.436704397201538086e+00,7.487983703613281250e-01,1.117721870541572571e-01,1.143313050270080566e-01,1.089571118354797363e-01,4.477886855602264404e-02,3.507602028548717499e-03,4.576525092124938965e-02,1.190626546740531921e-01,8.451527357101440430e-02,0.000000000000000000e+00,0.000000000000000000e+00,3.990238066762685776e-03,2.113346010446548462e-02,4.375120624899864197e-02,6.916721910238265991e-02,3.855733945965766907e-02,4.930830895900726318e-01,8.864377140998840332e-01,7.904495596885681152e-01,2.377986192703247070e+00,2.214983463287353516e+00,2.146600961685180664e+00,2.136434793472290039e+00,1.874645829200744629e+00,2.078007936477661133e+00,2.014325857162475586e+00,2.058142900466918945e+00,1.975226759910583496e+00,2.087364196777343750e+00,2.026242733001708984e+00,1.942726850509643555e+00,2.077496767044067383e+00,2.045507192611694336e+00,2.190212965011596680e+00,1.519466876983642578e+00,1.609509706497192383e+00,1.495499134063720703e+00,1.539493441581726074e+00,1.570043563842773438e+00,1.550400018692016602e+00,1.448323249816894531e+00,1.345927238464355469e+00,1.423563480377197266e+00,1.581490516662597656e+00,2.301097393035888672e+00,1.898234963417053223e+00,1.709347009658813477e+00,1.542225003242492676e+00,7.618535161018371582e-01,7.411417365074157715e-01,1.229915499687194824e+00,1.580360770225524902e+00,1.819693326950073242e+00,1.929255366325378418e+00,1.997061610221862793e+00,1.954418659210205078e+00,1.923405170440673828e+00,1.811162352561950684e+00,1.980696439743041992e+00,1.843005061149597168e+00,1.343870401382446289e+00,4.704256057739257812e-01,3.118950426578521729e-01,4.694906175136566162e-01,6.518831253051757812e-01,6.662319898605346680e-01,7.386660575866699219e-01,3.782251775264739990e-01,4.403435289859771729e-01,1.348773688077926636e-01,1.710867583751678467e-01,1.960720866918563843e-01,1.646667420864105225e-01,1.524281352758407593e-01,1.000864148139953613e+00,1.070796370506286621e+00,9.364830851554870605e-01,2.132503539323806763e-01,1.668901294469833374e-01,2.113725244998931885e-01,2.601339221000671387e-01,2.195713520050048828e-01,3.276486396789550781e-01,3.034917414188385010e-01,2.045142054557800293e-01,2.012976258993148804e-01,1.590476334095001221e-01,2.044502496719360352e-01,3.069824576377868652e-01,2.009700387716293335e-01,2.544081211090087891e-01,2.926432490348815918e-01,1.849082708358764648e-01,1.831687092781066895e-01,3.607099652290344238e-01,3.252465426921844482e-01,1.996973305940628052e-01,1.101704090833663940e-01,1.120600923895835876e-01,1.600887775421142578e-01,5.804145708680152893e-02,1.375159025192260742e-01,2.242926359176635742e-01,1.316225081682205200e-01,7.633327692747116089e-02,9.278906136751174927e-02,4.434221982955932617e-02,1.722926826914772391e-04,0.000000000000000000e+00,8.023108355700969696e-03,2.785623446106910706e-02,5.130031332373619080e-02,2.598424628376960754e-02,3.128628432750701904e-02,8.830428123474121094e-02,8.216550201177597046e-02,9.380418807268142700e-02,1.340625286102294922e-01,1.806281656026840210e-01,2.460048943758010864e-01,1.643692106008529663e-01,1.801367849111557007e-01,1.831694245338439941e-01,2.112965285778045654e-01,2.121215760707855225e-01,2.126188874244689941e-01,2.008388191461563110e-01,1.770332604646682739e-01,1.063952371478080750e-01,4.415852203965187073e-02,2.941924519836902618e-02,5.849571898579597473e-02,1.316598802804946899e-01,1.373162418603897095e-01,1.079080179333686829e-01,2.068477869033813477e-01,1.447562724351882935e-01,1.009528860449790955e-01,1.212660670280456543e-01,2.373977564275264740e-03,2.160303480923175812e-02,6.631529331207275391e-02,0.000000000000000000e+00,0.000000000000000000e+00,0.000000000000000000e+00,3.882548958063125610e-02,2.515828609466552734e-01,2.538470923900604248e-01,2.133533358573913574e-01,3.296545445919036865e-01,3.378292024135589600e-01,3.298432230949401855e-01,3.165296912193298340e-01,3.822601735591888428e-01
6.429479122161865234e+00,6.814668178558349609e+00,7.006290912628173828e+00,7.178073883056640625e+00,7.237884521484375000e+00,6.776827812194824219e+00,7.013278007507324219e+00,7.075298309326171875e+00,6.991716861724853516e+00,7.412600994110107422e+00,7.427240848541259766e+00,6.875130176544189453e+00,7.418640613555908203e+00,6.957718849182128906e+00,7.939202308654785156e+00,7.676546573638916016e+00,8.359058380126953125e+00,7.499241828918457031e+00,5.844941139221191406e+00,5.785512447357177734e+00,5.678819656372070312e+00,5.241414546966552734e+00,5.242035388946533203e+00,4.672617912292480469e+00,4.575745582580566406e+00,4.190376758575439453e+00,3.598397016525268555e+00,4.288634300231933594e+00,4.718764305114746094e+00,5.645436763763427734e+00,5.822623252868652344e+00,4.905620098114013672e+00,5.122658252716064453e+00,4.889626026153564453e+00,3.991101980209350586e+00,4.257728099822998047e+00,4.735870838165283203e+00,5.834088802337646484e+00,6.806599140167236328e+00,7.036806106567382812e+00,6.737491607666015625e+00,7.646095752716064453e+00,8.296271324157714844e+00,7.501312255859375000e+00,7.104347229003906250e+00,7.128617286682128906e+00,6.974696159362792969e+00,6.541324138641357422e+00,5.048659324645996094e+00,4.183879852294921875e+00,4.013014316558837891e+00,4.592062950134277344e+00,5.531280517578125000e+00,6.235256671905517578e+00,7.665978431701660156e+00,7.028133869171142578e+00,5.919121265411376953e+00,5.638310909271240234e+00,4.729515552520751953e+00,3.997214555740356445e+00,3.226931333541870117e+00,3.443951129913330078e+00,3.475352287292480469e+00,4.772012710571289062e+00,5.230138778686523438e+00,6.381548881530761719e+00,4.576905250549316406e+00,4.177251815795898438e+00,4.160843849182128906e+00,4.170684337615966797e+00,3.643764019012451172e+00,4.362848758697509766e+00,4.524132251739501953e+00,3.718283176422119141e+00,4.003226280212402344e+00,4.160247325897216797e+00,3.949809551239013672e+00,4.221574783325195312e+00,3.166889905929565430e+00,2.322774410247802734e+00,2.202656269073486328e+00,1.442333936691284180e+00,1.369003534317016602e+00,4.531985223293304443e-01,5.957170128822326660e-01,2.691425085067749023e-01,1.999886631965637207e-01,1.137879490852355957e-01,1.059506013989448547e-01,5.228969454765319824e-01,5.087442994117736816e-01,1.083516120910644531e+00,4.476665854454040527e-01,3.704598248004913330e-01,9.421849250793457031e-02,9.480186551809310913e-02,2.370440028607845306e-02,1.039315760135650635e-01,5.560168027877807617e-01,1.175150632858276367e+00,1.077796697616577148e+00,2.277274131774902344e+00,2.057436227798461914e+00,2.048798561096191406e+00,2.112889766693115234e+00,1.841444611549377441e+00,2.068420410156250000e+00,1.798467993736267090e+00,1.925686836242675781e+00,1.844224929809570312e+00,1.802421092987060547e+00,1.879780650138854980e+00,1.887535691261291504e+00,2.097837686538696289e+00,2.023669719696044922e+00,2.248836040496826172e+00,1.512400507926940918e+00,1.549409031867980957e+00,1.493853688240051270e+00,1.674652338027954102e+00,1.738003373146057129e+00,1.450846672058105469e+00,1.137979865074157715e+00,1.442590713500976562e+00,1.628507614135742188e+00,1.590515136718750000e+00,2.199457406997680664e+00,1.907396793365478516e+00,1.783822059631347656e+00,1.468310356140136719e+00,1.405644655227661133e+00,1.344614267349243164e+00,1.490180969238281250e+00,1.802056431770324707e+00,1.894940733909606934e+00,1.941452980041503906e+00,1.996504664421081543e+00,1.917596817016601562e+00,1.887366414070129395e+00,1.800590157508850098e+00,1.856972694396972656e+00,1.624254941940307617e+00,1.058695316314697266e+00,4.820897579193115234e-01,4.900600612163543701e-01,6.484866142272949219e-01,7.395362257957458496e-01,7.073699235916137695e-01,7.108681201934814453e-01,3.767936825752258301e-01,7.043915987014770508e-01,1.611524224281311035e-01,1.817589998245239258e-01,1.848249435424804688e-01,1.637895703315734863e-01,1.555796563625335693e-01,9.027069211006164551e-01,6.328608989715576172e-01,6.748200654983520508e-01,2.298482656478881836e-01,1.962842643260955811e-01,1.705923229455947876e-01,3.027356863021850586e-01,3.871335685253143311e-01,3.859526216983795166e-01,3.378495872020721436e-01,2.153182476758956909e-01,2.628668248653411865e-01,2.671254873275756836e-01,2.806620299816131592e-01,3.076581358909606934e-01,2.756646275520324707e-01,3.171176016330718994e-01,3.135327696800231934e-01,2.240720987319946289e-01,2.100586444139480591e-01,3.229390084743499756e-01,3.035244345664978027e-01,1.792073994874954224e-01,1.146836206316947937e-01,9.402724355459213257e-02,5.713743343949317932e-02,0.000000000000000000e+00,0.000000000000000000e+00,1.043186038732528687e-01,1.631564833223819733e-02,3.251351043581962585e-02,7.761676609516143799e-02,1.361970975995063782e-02,2.572115336079150438e-04,0.000000000000000000e+00,7.281494792550802231e-03,2.252044714987277985e-02,3.250923752784729004e-02,2.680248394608497620e-02,3.491080179810523987e-02,6.568218767642974854e-02,2.955971658229827881e-02,4.303226619958877563e-02,1.089207082986831665e-01,1.426671594381332397e-01,1.909558326005935669e-01,1.669853329658508301e-01,1.661042422056198120e-01,1.949258446693420410e-01,2.451017200946807861e-01,2.352341711521148682e-01,2.132006734609603882e-01,2.183583676815032959e-01,2.220705598592758179e-01,1.573299765586853027e-01,9.232214838266372681e-02,2.804859168827533722e-02,4.716565087437629700e-02,6.369976699352264404e-02,1.393827497959136963e-01,2.312197089195251465e-01,1.495684385299682617e-01,1.489602178335189819e-01,1.079574972391128540e-01,7.890250533819198608e-02,4.696158319711685181e-02,6.995576620101928711e-02,5.736909061670303345e-02,0.000000000000000000e+00,0.000000000000000000e+00,0.000000000000000000e+00,0.000000000000000000e+00,0.000000000000000000e+00,0.000000000000000000e+00,0.000000000000000000e+00,1.907451897859573364e-01,2.250858694314956665e-01,3.058940470218658447e-01,4.218259155750274658e-01,5.576206445693969727e-01
5.997291088104248047e+00,6.510846614837646484e+00,7.463271617889404297e+00,7.704510688781738281e+00,7.404916763305664062e+00,7.319581985473632812e+00,7.500500202178955078e+00,7.567426204681396484e+00,7.592064380645751953e+00,7.956758499145507812e+00,7.714745521545410156e+00,7.507621765136718750e+00,6.889462471008300781e+00,6.241260051727294922e+00,7.567883014678955078e+00,6.977972030639648438e+00,7.855293750762939453e+00,7.651058673858642578e+00,6.044053554534912109e+00,6.653538703918457031e+00,5.993848323822021484e+00,6.208733081817626953e+00,5.745993137359619141e+00,5.732995986938476562e+00,6.440151691436767578e+00,5.368741035461425781e+00,5.089356422424316406e+00,4.986574172973632812e+00,5.510192871093750000e+00,5.601292610168457031e+00,5.715786933898925781e+00,4.915863513946533203e+00,5.282288551330566406e+00,5.003750324249267578e+00,4.407685279846191406e+00,4.420033931732177734e+00,4.700205326080322266e+00,5.959610939025878906e+00,6.792357921600341797e+00,6.860527515411376953e+00,6.424550056457519531e+00,7.294578075408935547e+00,7.612845897674560547e+00,7.237853050231933594e+00,7.323557853698730469e+00,7.381560325622558594e+00,6.866250991821289062e+00,6.636378288269042969e+00,5.386359214782714844e+00,3.959048271179199219e+00,4.476380825042724609e+00,5.403558731079101562e+00,5.800795555114746094e+00,6.429159164428710938e+00,7.473852634429931641e+00,7.461699485778808594e+00,6.385930538177490234e+00,5.827195167541503906e+00,5.804226875305175781e+00,4.275839805603027344e+00,3.692662477493286133e+00,3.402376890182495117e+00,3.686355352401733398e+00,4.366310596466064453e+00,4.957601070404052734e+00,6.819783687591552734e+00,5.484174251556396484e+00,5.071369647979736328e+00,4.784472942352294922e+00,4.753160476684570312e+00,4.134944438934326172e+00,4.307945251464843750e+00,3.917665719985961914e+00,3.572687149047851562e+00,3.866390943527221680e+00,3.995698451995849609e+00,3.257608652114868164e+00,3.771986722946166992e+00,3.007189035415649414e+00,2.716348886489868164e+00,2.598021507263183594e+00,1.438562989234924316e+00,1.486671209335327148e+00,6.783746480941772461e-01,7.204757928848266602e-01,3.654535710811614990e-01,3.345331847667694092e-01,2.027388662099838257e-01,2.166524380445480347e-01,3.102214336395263672e-01,3.478577733039855957e-01,1.375141739845275879e+00,6.045700907707214355e-01,3.377297818660736084e-01,1.081854477524757385e-01,9.005858749151229858e-02,6.094723194837570190e-02,5.681300163269042969e-01,8.056825995445251465e-01,1.231624960899353027e+00,1.201804399490356445e+00,2.340285301208496094e+00,2.131768465042114258e+00,2.106097698211669922e+00,2.161648511886596680e+00,1.830575346946716309e+00,2.110291481018066406e+00,1.779966831207275391e+00,1.866545438766479492e+00,1.883874773979187012e+00,1.871071934700012207e+00,1.910785079002380371e+00,1.899579167366027832e+00,2.072737455368041992e+00,2.012973546981811523e+00,2.459696054458618164e+00,1.616600155830383301e+00,1.670662522315979004e+00,1.607812404632568359e+00,1.550421118736267090e+00,1.624144434928894043e+00,1.447678685188293457e+00,1.087602019309997559e+00,1.446648001670837402e+00,1.460217118263244629e+00,1.199103116989135742e+00,1.655877113342285156e+00,1.433927416801452637e+00,1.298605322837829590e+00,1.389496803283691406e+00,1.568695306777954102e+00,1.841706991195678711e+00,1.908782124519348145e+00,1.973034381866455078e+00,1.881397128105163574e+00,1.962208271026611328e+00,1.930998444557189941e+00,1.912826776504516602e+00,1.895924448966979980e+00,1.805790066719055176e+00,1.930186033248901367e+00,1.513684988021850586e+00,9.877282977104187012e-01,5.615774393081665039e-01,7.066248655319213867e-01,6.586655378341674805e-01,8.069253563880920410e-01,6.780998706817626953e-01,5.256344079971313477e-01,4.568053185939788818e-01,5.987433195114135742e-01,8.067433536052703857e-02,9.585314244031906128e-02,7.253700494766235352e-02,5.484904348850250244e-02,6.481837481260299683e-02,5.627854466438293457e-01,5.697255730628967285e-01,4.998051524162292480e-01,4.462683498859405518e-01,3.930988311767578125e-01,3.987571597099304199e-01,2.942377030849456787e-01,3.357631862163543701e-01,3.335533142089843750e-01,2.865116000175476074e-01,2.408805340528488159e-01,2.546228766441345215e-01,2.748258709907531738e-01,2.584184408187866211e-01,2.267129719257354736e-01,2.254339754581451416e-01,2.402507960796356201e-01,3.109500408172607422e-01,2.931314408779144287e-01,2.050542235374450684e-01,2.593840360641479492e-01,2.294726073741912842e-01,1.359870433807373047e-01,7.863903045654296875e-02,3.596729785203933716e-02,5.486784037202596664e-03,2.103475155308842659e-03,1.020136177539825439e-01,1.726298481225967407e-01,1.679333150386810303e-01,1.026530489325523376e-01,7.075896859169006348e-02,9.942956268787384033e-03,8.939571562223136425e-04,0.000000000000000000e+00,1.588556729257106781e-02,4.198975116014480591e-02,4.327543079853057861e-02,5.607168376445770264e-02,4.666570574045181274e-02,6.492338329553604126e-02,5.885710939764976501e-02,6.618472188711166382e-02,1.333200186491012573e-01,1.387224197387695312e-01,1.447761356830596924e-01,1.783500909805297852e-01,2.122094482183456421e-01,2.214221358299255371e-01,2.545935809612274170e-01,2.715904116630554199e-01,2.402787804603576660e-01,2.701894640922546387e-01,2.363805770874023438e-01,1.886431872844696045e-01,1.807084381580352783e-01,8.751320838928222656e-02,6.198473274707794189e-02,4.372424632310867310e-02,5.310960114002227783e-02,6.975501775741577148e-02,1.286088973283767700e-01,1.292242407798767090e-01,1.149019226431846619e-01,9.246625751256942749e-02,1.432429552078247070e-01,1.762173622846603394e-01,1.308800727128982544e-01,1.555705815553665161e-01,1.281531155109405518e-01,5.369139090180397034e-02,2.467281743884086609e-02,4.925918765366077423e-04,4.260710626840591431e-02,3.409685194492340088e-02,5.152468085289001465e-01,4.643296897411346436e-01,3.927179872989654541e-01,6.373527646064758301e-01,6.676273345947265625e-01
6.243029117584228516e+00,6.946319103240966797e+00,6.490140914916992188e+00,6.637242794036865234e+00,6.475245475769042969e+00,7.021025180816650391e+00,8.311112403869628906e+00,8.133230209350585938e+00,8.136370658874511719e+00,7.887388229370117188e+00,9.260374069213867188e+00,8.078778266906738281e+00,7.064758777618408203e+00,7.053783416748046875e+00,7.581227779388427734e+00,7.922143936157226562e+00,6.882334232330322266e+00,7.000636577606201172e+00,6.498229980468750000e+00,7.224906444549560547e+00,7.365844726562500000e+00,7.639311313629150391e+00,7.690039157867431641e+00,6.151376724243164062e+00,5.876860141754150391e+00,5.617856502532958984e+00,5.257057666778564453e+00,4.155886173248291016e+00,4.983548164367675781e+00,4.402175426483154297e+00,4.559866428375244141e+00,4.662735462188720703e+00,6.105479717254638672e+00,5.368541717529296875e+00,4.799970626831054688e+00,4.159223556518554688e+00,3.990161657333374023e+00,5.315781593322753906e+00,5.951458454132080078e+00,5.969820022583007812e+00,7.582044124603271484e+00,7.111325263977050781e+00,7.856314659118652344e+00,7.276005744934082031e+00,7.022660255432128906e+00,7.417377471923828125e+00,7.343815803527832031e+00,6.530859470367431641e+00,5.045744419097900391e+00,5.114958286285400391e+00,4.611849784851074219e+00,5.646060466766357422e+00,5.942614555358886719e+00,7.468352794647216797e+00,7.282919406890869141e+00,7.929678440093994141e+00,6.585874557495117188e+00,7.025627136230468750e+00,6.210731983184814453e+00,4.371566772460937500e+00,3.617860555648803711e+00,4.036912441253662109e+00,3.957247734069824219e+00,4.087317466735839844e+00,4.329901695251464844e+00,4.734277248382568359e+00,5.448035240173339844e+00,5.622272014617919922e+00,5.019331455230712891e+00,3.986309289932250977e+00,2.998698234558105469e+00,3.366409301757812500e+00,3.271967411041259766e+00,3.250506639480590820e+00,3.773091793060302734e+00,4.220557212829589844e+00,4.263698101043701172e+00,4.557074546813964844e+00,4.520437240600585938e+00,3.219913721084594727e+00,3.416513681411743164e+00,3.200664281845092773e+00,2.110205411911010742e+00,1.320563435554504395e+00,1.443893432617187500e+00,7.655845880508422852e-01,1.511533379554748535e+00,1.474452257156372070e+00,2.694965839385986328e+00,2.475811481475830078e+00,2.000547885894775391e+00,2.349398374557495117e+00,1.632728576660156250e+00,1.895886778831481934e+00,3.938091397285461426e-01,2.556486427783966064e-01,4.296542406082153320e-01,7.138713002204895020e-01,6.150113940238952637e-01,1.345806360244750977e+00,1.359665274620056152e+00,1.632362961769104004e+00,1.475125908851623535e+00,1.448801755905151367e+00,1.544749975204467773e+00,1.764263153076171875e+00,2.772719383239746094e+00,2.103930234909057617e+00,1.677977085113525391e+00,1.736045479774475098e+00,1.703182697296142578e+00,1.115649223327636719e+00,1.100745439529418945e+00,1.152969121932983398e+00,1.143577814102172852e+00,1.352822780609130859e+00,1.594005107879638672e+00,1.717566370964050293e+00,1.691116333007812500e+00,1.625651359558105469e+00,1.605158090591430664e+00,1.386738777160644531e+00,1.148286819458007812e+00,1.354076266288757324e+00,1.345547914505004883e+00,9.149734973907470703e-01,1.484233617782592773e+00,1.413900136947631836e+00,1.434958577156066895e+00,1.665236234664916992e+00,2.167112112045288086e+00,2.196213245391845703e+00,2.207769632339477539e+00,2.093935489654541016e+00,1.979802250862121582e+00,1.981759786605834961e+00,1.825859546661376953e+00,1.804275393486022949e+00,1.731753349304199219e+00,1.623998641967773438e+00,1.780550360679626465e+00,1.277955412864685059e+00,1.226975917816162109e+00,9.253819584846496582e-01,9.206514954566955566e-01,8.365298509597778320e-01,7.002814412117004395e-01,7.176284790039062500e-01,6.669880747795104980e-01,4.249758124351501465e-01,4.509433209896087646e-01,4.206247627735137939e-01,3.397706449031829834e-01,3.861214518547058105e-01,6.209079623222351074e-01,6.505249142646789551e-01,6.625231504440307617e-01,5.396332740783691406e-01,4.658396542072296143e-01,3.840666413307189941e-01,3.556708693504333496e-01,2.003403156995773315e-01,1.878998130559921265e-01,1.997557133436203003e-01,2.162556648254394531e-01,2.055195868015289307e-01,2.447814941406250000e-01,2.637143135070800781e-01,2.455706596374511719e-01,2.287203967571258545e-01,2.027867436408996582e-01,1.962457746267318726e-01,2.410190850496292114e-01,2.783726751804351807e-01,2.520034909248352051e-01,1.889770925045013428e-01,1.481561213731765747e-01,1.808789521455764771e-01,1.550472378730773926e-01,8.011431246995925903e-02,3.256555646657943726e-02,1.819782191887497902e-03,0.000000000000000000e+00,6.319689005613327026e-02,7.250753045082092285e-02,1.180099248886108398e-01,6.007641181349754333e-02,3.409999608993530273e-02,1.533088274300098419e-02,6.361820269376039505e-03,1.317732036113739014e-02,2.811415866017341614e-02,8.349166251718997955e-03,1.312290597707033157e-02,2.654430828988552094e-02,4.048965498805046082e-02,5.785587057471275330e-02,7.338064908981323242e-02,9.843535721302032471e-02,1.612504273653030396e-01,1.163347214460372925e-01,1.012215912342071533e-01,1.510091722011566162e-01,1.660042107105255127e-01,1.870970278978347778e-01,2.538690567016601562e-01,3.411172330379486084e-01,3.009230196475982666e-01,3.290536403656005859e-01,2.636795938014984131e-01,2.267007976770401001e-01,2.449736744165420532e-01,2.330423742532730103e-01,7.292036712169647217e-02,6.473654508590698242e-02,5.414107814431190491e-02,7.715726643800735474e-02,1.128451898694038391e-01,1.511931419372558594e-01,1.692879945039749146e-01,1.543210297822952271e-01,8.927386999130249023e-02,8.968603610992431641e-02,3.777401894330978394e-02,1.923649013042449951e-01,9.267449378967285156e-02,2.534700036048889160e-01,2.640693783760070801e-01,1.905750483274459839e-01,4.185759723186492920e-01,4.683225452899932861e-01,8.162299990653991699e-01,7.785730957984924316e-01,8.811246752738952637e-01,1.036510586738586426e+00,1.026757717132568359e+00
6.407151699066162109e+00,7.020205974578857422e+00,6.549631118774414062e+00,7.712303638458251953e+00,7.316312789916992188e+00,8.071985244750976562e+00,8.359894752502441406e+00,8.463434219360351562e+00,8.483068466186523438e+00,7.982273101806640625e+00,8.429330825805664062e+00,7.576919078826904297e+00,7.565887928009033203e+00,6.839588642120361328e+00,7.774256229400634766e+00,7.921260356903076172e+00,7.162292957305908203e+00,7.634931087493896484e+00,6.851972103118896484e+00,7.710947036743164062e+00,7.156027793884277344e+00,7.677714824676513672e+00,8.200949668884277344e+00,7.908985137939453125e+00,7.081116676330566406e+00,6.377036094665527344e+00,5.611080646514892578e+00,5.357349395751953125e+00,5.065714836120605469e+00,4.918755054473876953e+00,5.206585884094238281e+00,5.701327323913574219e+00,6.212297439575195312e+00,5.568183422088623047e+00,4.523799896240234375e+00,4.379099845886230469e+00,4.241540431976318359e+00,5.000466346740722656e+00,6.082682609558105469e+00,5.695938587188720703e+00,7.957499504089355469e+00,7.573397159576416016e+00,7.271500110626220703e+00,7.243794918060302734e+00,6.523754596710205078e+00,7.222681045532226562e+00,6.913539409637451172e+00,6.077858924865722656e+00,5.779556751251220703e+00,5.806635379791259766e+00,5.184558868408203125e+00,5.414372444152832031e+00,5.560250282287597656e+00,7.019280433654785156e+00,6.535729408264160156e+00,7.087893486022949219e+00,6.531756401062011719e+00,6.437086582183837891e+00,5.938075542449951172e+00,4.521470069885253906e+00,3.668627262115478516e+00,3.702092885971069336e+00,3.565194368362426758e+00,3.596013307571411133e+00,3.724356174468994141e+00,3.778478145599365234e+00,5.010615825653076172e+00,4.759686470031738281e+00,5.237683773040771484e+00,5.023443222045898438e+00,4.464226722717285156e+00,4.398820877075195312e+00,3.015445470809936523e+00,3.228503227233886719e+00,3.678201675415039062e+00,4.088068962097167969e+00,4.223136425018310547e+00,4.420636177062988281e+00,4.515438556671142578e+00,3.022250175476074219e+00,2.871068477630615234e+00,2.841547966003417969e+00,2.015220403671264648e+00,1.433973312377929688e+00,1.293513774871826172e+00,7.886776924133300781e-01,1.609429001808166504e+00,1.666418790817260742e+00,2.772230148315429688e+00,2.351884841918945312e+00,2.080015182495117188e+00,2.098700761795043945e+00,1.728134036064147949e+00,2.102240800857543945e+00,5.979756116867065430e-01,3.866795301437377930e-01,7.086557149887084961e-01,5.118811130523681641e-01,7.098821401596069336e-01,1.433788537979125977e+00,1.542179226875305176e+00,1.617164850234985352e+00,1.553608179092407227e+00,1.524766564369201660e+00,1.556928873062133789e+00,1.706550121307373047e+00,2.677001714706420898e+00,1.982442378997802734e+00,1.579939961433410645e+00,1.805376768112182617e+00,1.657115817070007324e+00,1.149706721305847168e+00,1.239534854888916016e+00,1.309059143066406250e+00,1.402873039245605469e+00,1.543719410896301270e+00,1.717123508453369141e+00,1.690315008163452148e+00,1.687539577484130859e+00,1.522034287452697754e+00,1.521448612213134766e+00,1.281620740890502930e+00,1.161021471023559570e+00,1.362769961357116699e+00,1.262870788574218750e+00,4.138919413089752197e-01,1.353430986404418945e+00,1.485699295997619629e+00,1.990636229515075684e+00,2.083260297775268555e+00,2.222918510437011719e+00,2.196656465530395508e+00,2.142128944396972656e+00,2.096961498260498047e+00,2.020467042922973633e+00,1.964146137237548828e+00,1.853765249252319336e+00,1.781222224235534668e+00,1.437118649482727051e+00,1.218861699104309082e+00,9.079212546348571777e-01,5.602096319198608398e-01,8.604180812835693359e-01,1.233876347541809082e+00,1.213286042213439941e+00,1.020708441734313965e+00,7.829635739326477051e-01,6.680293679237365723e-01,5.230103135108947754e-01,4.812157154083251953e-01,4.563463330268859863e-01,5.591280460357666016e-01,6.776165366172790527e-01,7.439674139022827148e-01,7.561746835708618164e-01,7.970031499862670898e-01,6.816473007202148438e-01,5.653991103172302246e-01,5.753237605094909668e-01,6.213462948799133301e-01,5.420282483100891113e-01,2.836842834949493408e-01,2.789022624492645264e-01,3.079569637775421143e-01,2.788276076316833496e-01,2.783820927143096924e-01,3.071669638156890869e-01,2.997443675994873047e-01,2.909686267375946045e-01,2.380272001028060913e-01,1.849171668291091919e-01,1.939905583858489990e-01,1.826773285865783691e-01,1.840874999761581421e-01,1.590995192527770996e-01,1.694908440113067627e-01,1.765688508749008179e-01,2.187129557132720947e-01,1.466726213693618774e-01,1.040337905287742615e-01,5.599267035722732544e-02,2.497569099068641663e-02,7.880499586462974548e-03,1.063872426748275757e-01,1.132854744791984558e-01,1.382012069225311279e-01,9.794957190752029419e-02,8.531662821769714355e-02,4.500116035342216492e-02,1.466085482388734818e-02,1.926591806113719940e-02,0.000000000000000000e+00,0.000000000000000000e+00,4.971542395651340485e-03,6.640407722443342209e-03,2.392843924462795258e-02,4.883283004164695740e-02,5.153150483965873718e-02,7.323492318391799927e-02,8.114114403724670410e-02,5.552514269948005676e-02,4.562873393297195435e-02,1.065267696976661682e-01,1.354110687971115112e-01,1.493992060422897339e-01,1.873188465833663940e-01,2.556750774383544922e-01,3.201941847801208496e-01,3.260285258293151855e-01,3.528070151805877686e-01,3.362015187740325928e-01,3.649964630603790283e-01,3.374925255775451660e-01,1.927018612623214722e-01,1.205569878220558167e-01,6.873209774494171143e-02,2.291449904441833496e-02,3.794712573289871216e-02,5.976201593875885010e-02,1.380442529916763306e-01,1.694999784231185913e-01,1.390300244092941284e-01,1.549239009618759155e-01,2.283559143543243408e-01,4.006401598453521729e-01,3.053561151027679443e-01,3.763476610183715820e-01,4.341733157634735107e-01,4.064338207244873047e-01,5.820045471191406250e-01,8.040695190429687500e-01,8.936472535133361816e-01,8.723106980323791504e-01,1.149488449096679688e+00,1.185748815536499023e+00,1.167306661605834961e+00
7.484790325164794922e+00,8.218897819519042969e+00,8.569339752197265625e+00,9.959980010986328125e+00,9.651444435119628906e+00,9.942477226257324219e+00,9.983471870422363281e+00,8.979267120361328125e+00,8.003950119018554688e+00,8.084084510803222656e+00,8.359608650207519531e+00,8.716461181640625000e+00,7.086371898651123047e+00,6.586052417755126953e+00,6.902836322784423828e+00,7.234378337860107422e+00,6.916199684143066406e+00,7.332990169525146484e+00,6.748188018798828125e+00,6.804502487182617188e+00,7.450289726257324219e+00,8.388310432434082031e+00,7.805294036865234375e+00,7.556542396545410156e+00,7.244047641754150391e+00,6.973539829254150391e+00,5.002534389495849609e+00,4.538548469543457031e+00,3.899363756179809570e+00,4.313571929931640625e+00,4.199735164642333984e+00,4.695816993713378906e+00,5.815835952758789062e+00,4.786175251007080078e+00,4.345742225646972656e+00,4.192637920379638672e+00,4.572122573852539062e+00,4.547231197357177734e+00,5.775442123413085938e+00,5.818657398223876953e+00,6.972558498382568359e+00,8.589885711669921875e+00,8.753159523010253906e+00,7.038694381713867188e+00,6.904967784881591797e+00,6.181612968444824219e+00,7.088154315948486328e+00,6.398543357849121094e+00,6.032579421997070312e+00,6.324396133422851562e+00,6.119831562042236328e+00,5.439985275268554688e+00,5.278210163116455078e+00,5.643217086791992188e+00,5.579937458038330078e+00,6.224373817443847656e+00,6.471031665802001953e+00,4.828091621398925781e+00,5.047192573547363281e+00,4.416313171386718750e+00,3.959719657897949219e+00,4.025195121765136719e+00,3.613983631134033203e+00,3.607309341430664062e+00,3.900950193405151367e+00,3.771890163421630859e+00,4.038964748382568359e+00,4.613408088684082031e+00,5.071045398712158203e+00,4.870019435882568359e+00,4.197021484375000000e+00,4.143325805664062500e+00,3.561439514160156250e+00,2.686846494674682617e+00,2.963041782379150391e+00,3.732961416244506836e+00,4.032786846160888672e+00,4.383563518524169922e+00,4.313392639160156250e+00,5.028543472290039062e+00,5.326717853546142578e+00,4.797019481658935547e+00,3.892454385757446289e+00,2.841651916503906250e+00,2.440490484237670898e+00,2.156673192977905273e+00,2.254839181900024414e+00,2.265820264816284180e+00,3.543299436569213867e+00,4.755996227264404297e+00,4.985857009887695312e+00,3.955167770385742188e+00,3.688298225402832031e+00,2.822615385055541992e+00,1.114930748939514160e+00,7.089641690254211426e-01,7.378630638122558594e-01,9.962058663368225098e-01,1.217919945716857910e+00,1.629954338073730469e+00,1.526944875717163086e+00,1.643519520759582520e+00,1.732786297798156738e+00,1.641473174095153809e+00,1.492459416389465332e+00,1.761323332786560059e+00,2.708413600921630859e+00,2.085253238677978516e+00,1.666215300559997559e+00,1.887250185012817383e+00,1.743525743484497070e+00,1.261600255966186523e+00,1.094467282295227051e+00,1.277053117752075195e+00,1.324399232864379883e+00,1.465378761291503906e+00,1.596456289291381836e+00,1.508179187774658203e+00,1.589086413383483887e+00,1.580625414848327637e+00,1.550629138946533203e+00,1.302754402160644531e+00,8.801853060722351074e-01,1.156374573707580566e+00,1.206934690475463867e+00,8.779782652854919434e-01,1.569309592247009277e+00,1.755833864212036133e+00,2.010819196701049805e+00,1.931469678878784180e+00,2.042983055114746094e+00,2.044741868972778320e+00,1.996810913085937500e+00,1.995524883270263672e+00,1.965164661407470703e+00,1.892053365707397461e+00,1.830338835716247559e+00,1.751725673675537109e+00,1.157203793525695801e+00,9.471864700317382812e-01,6.939521431922912598e-01,6.428736448287963867e-01,8.709834218025207520e-01,1.065226793289184570e+00,1.073444247245788574e+00,9.923593401908874512e-01,6.565507054328918457e-01,5.033681988716125488e-01,3.365774750709533691e-01,3.106835782527923584e-01,4.181754291057586670e-01,6.368684768676757812e-01,7.395671010017395020e-01,7.707622647285461426e-01,7.500206232070922852e-01,6.754939556121826172e-01,5.301682353019714355e-01,5.286145210266113281e-01,5.551087260246276855e-01,5.198355317115783691e-01,3.465642035007476807e-01,2.952589988708496094e-01,3.395160138607025146e-01,3.265414535999298096e-01,3.130441904067993164e-01,2.726034224033355713e-01,3.146667182445526123e-01,3.070358633995056152e-01,2.558457851409912109e-01,2.018974423408508301e-01,1.630168855190277100e-01,1.768194586038589478e-01,1.897249370813369751e-01,1.714639961719512939e-01,1.950327903032302856e-01,1.862765848636627197e-01,2.125035971403121948e-01,2.532437443733215332e-01,1.319759190082550049e-01,8.244396001100540161e-02,6.046792119741439819e-02,3.295107558369636536e-02,4.350475594401359558e-02,1.436109691858291626e-01,1.427331119775772095e-01,1.157794594764709473e-01,9.177946299314498901e-02,9.149391204118728638e-02,8.873105049133300781e-02,2.912814728915691376e-02,1.899972558021545410e-02,0.000000000000000000e+00,0.000000000000000000e+00,0.000000000000000000e+00,0.000000000000000000e+00,8.730321191251277924e-03,3.018787316977977753e-02,2.985353767871856689e-02,2.544137276709079742e-02,3.941922262310981750e-02,3.510844334959983826e-02,3.269030898809432983e-02,3.874726220965385437e-02,4.263722896575927734e-02,7.501675933599472046e-02,9.738086909055709839e-02,1.549098789691925049e-01,2.088917791843414307e-01,2.645791769027709961e-01,3.014806210994720459e-01,3.964240550994873047e-01,4.209364652633666992e-01,3.617197573184967041e-01,2.528302967548370361e-01,2.135012596845626831e-01,6.200201809406280518e-02,1.890742033720016479e-02,5.143094062805175781e-02,1.187120229005813599e-01,1.191910803318023682e-01,2.764249742031097412e-01,1.379108726978302002e-01,1.839857548475265503e-01,3.248394131660461426e-01,4.040399491786956787e-01,4.120592772960662842e-01,6.524887084960937500e-01,7.255260944366455078e-01,5.443549752235412598e-01,7.831569314002990723e-01,9.533660411834716797e-01,9.759522676467895508e-01,1.085689783096313477e+00,1.366398096084594727e+00,1.410522580146789551e+00,1.586728334426879883e+00
9.363992691040039062e+00,9.707874298095703125e+00,1.082519340515136719e+01,1.142155456542968750e+01,1.129358959197998047e+01,1.087292480468750000e+01,1.101474666595458984e+01,1.009858512878417969e+01,9.432165145874023438e+00,9.689907073974609375e+00,9.738072395324707031e+00,1.039429759979248047e+01,7.629361152648925781e+00,7.134403228759765625e+00,6.699636936187744141e+00,6.190439701080322266e+00,6.100422382354736328e+00,6.681483745574951172e+00,6.925539493560791016e+00,7.343590259552001953e+00,6.802595138549804688e+00,6.566058158874511719e+00,6.579729557037353516e+00,6.558563232421875000e+00,6.301160812377929688e+00,5.809140682220458984e+00,4.588662624359130859e+00,3.986940860748291016e+00,4.351310729980468750e+00,3.287355184555053711e+00,3.492940425872802734e+00,3.584041833877563477e+00,4.279682636260986328e+00,5.166882038116455078e+00,5.494174003601074219e+00,4.754144191741943359e+00,5.022603511810302734e+00,4.892285823822021484e+00,5.142120838165283203e+00,4.646976470947265625e+00,6.159161090850830078e+00,6.755751609802246094e+00,7.322890758514404297e+00,8.143317222595214844e+00,8.673816680908203125e+00,7.885241508483886719e+00,7.316185951232910156e+00,6.724329948425292969e+00,6.934979438781738281e+00,5.570365905761718750e+00,5.769205093383789062e+00,4.736467361450195312e+00,4.020664215087890625e+00,3.442860126495361328e+00,4.379912853240966797e+00,4.462343692779541016e+00,3.868607044219970703e+00,3.893021345138549805e+00,3.968616008758544922e+00,3.278546571731567383e+00,2.844459056854248047e+00,2.945437908172607422e+00,2.869545459747314453e+00,2.968828678131103516e+00,3.561511516571044922e+00,2.905728816986083984e+00,3.554417610168457031e+00,5.183594226837158203e+00,5.786472797393798828e+00,3.844826698303222656e+00,3.995648384094238281e+00,3.872035503387451172e+00,3.560263395309448242e+00,3.720870494842529297e+00,3.628131628036499023e+00,3.439522266387939453e+00,3.708089351654052734e+00,4.187386989593505859e+00,4.854540824890136719e+00,5.285029888153076172e+00,4.882729530334472656e+00,5.176625251770019531e+00,4.853138446807861328e+00,3.491640806198120117e+00,3.536506175994873047e+00,4.376402854919433594e+00,5.492650985717773438e+00,4.868467330932617188e+00,5.247342109680175781e+00,7.016948223114013672e+00,6.728830337524414062e+00,6.759561061859130859e+00,3.267287015914916992e+00,3.015868425369262695e+00,1.342933416366577148e+00,9.231576919555664062e-01,1.007996320724487305e+00,1.026833176612854004e+00,9.858410954475402832e-01,1.186292290687561035e+00,1.068486928939819336e+00,1.526381611824035645e+00,1.324719429016113281e+00,1.370845198631286621e+00,1.375434756278991699e+00,1.231222987174987793e+00,1.880672693252563477e+00,2.285094261169433594e+00,1.723091959953308105e+00,1.828488707542419434e+00,1.633478641510009766e+00,1.418344497680664062e+00,1.337548017501831055e+00,1.354051828384399414e+00,1.311299681663513184e+00,1.423076272010803223e+00,1.491155385971069336e+00,1.375712275505065918e+00,1.489812135696411133e+00,1.574897408485412598e+00,1.597894430160522461e+00,1.350414633750915527e+00,9.126944541931152344e-01,1.023202180862426758e+00,9.655646681785583496e-01,1.079993724822998047e+00,1.826123833656311035e+00,1.931814312934875488e+00,1.711450934410095215e+00,1.861549973487854004e+00,1.955969572067260742e+00,2.004447937011718750e+00,1.964563012123107910e+00,1.936946988105773926e+00,1.917813181877136230e+00,1.875718832015991211e+00,1.734267830848693848e+00,1.593073844909667969e+00,7.941126823425292969e-01,6.947254538536071777e-01,4.975326359272003174e-01,6.928014755249023438e-01,8.536552190780639648e-01,7.131479382514953613e-01,9.457026124000549316e-01,9.386743903160095215e-01,7.485724091529846191e-01,4.359460175037384033e-01,3.665278255939483643e-01,4.715922474861145020e-01,4.787881672382354736e-01,6.035845279693603516e-01,7.005833983421325684e-01,5.125406384468078613e-01,5.748430490493774414e-01,6.357470154762268066e-01,4.533866345882415771e-01,4.226461052894592285e-01,5.058552622795104980e-01,5.320273041725158691e-01,5.973930358886718750e-01,3.738024532794952393e-01,3.723278343677520752e-01,3.690294325351715088e-01,3.485477566719055176e-01,3.013643920421600342e-01,3.073164522647857666e-01,2.911482751369476318e-01,2.261683195829391479e-01,1.869943141937255859e-01,1.914091855287551880e-01,2.090414017438888550e-01,2.249467223882675171e-01,1.737813800573348999e-01,1.658586263656616211e-01,1.165904849767684937e-01,1.179561465978622437e-01,1.894925087690353394e-01,1.284132450819015503e-01,9.360680729150772095e-02,7.927322387695312500e-02,6.257707625627517700e-02,8.187304437160491943e-02,1.246936470270156860e-01,1.371112018823623657e-01,5.421551689505577087e-02,5.675004422664642334e-02,9.583529829978942871e-02,9.819598495960235596e-02,2.654097601771354675e-02,2.924393117427825928e-02,2.866422943770885468e-02,8.346412330865859985e-03,0.000000000000000000e+00,4.828716628253459930e-04,1.465713512152433395e-02,3.204287961125373840e-02,3.869696706533432007e-02,2.846761234104633331e-02,3.170581534504890442e-02,4.782579466700553894e-02,5.201408267021179199e-02,4.550201073288917542e-02,2.129131741821765900e-02,3.856726735830307007e-02,7.800552248954772949e-02,1.181088685989379883e-01,1.866932660341262817e-01,2.219681590795516968e-01,2.972368299961090088e-01,4.128626883029937744e-01,4.777775406837463379e-01,3.903089463710784912e-01,3.719877004623413086e-01,2.165309041738510132e-01,8.979470282793045044e-02,3.198732435703277588e-02,2.365754358470439911e-02,6.549721211194992065e-02,1.055694669485092163e-01,3.134871721267700195e-01,3.216362595558166504e-01,2.945472896099090576e-01,4.381411969661712646e-01,3.576884269714355469e-01,4.270566105842590332e-01,7.939095497131347656e-01,8.325262069702148438e-01,7.852517366409301758e-01,9.787228107452392578e-01,1.145528316497802734e+00,1.096208572387695312e+00,1.117855906486511230e+00,1.324998974800109863e+00,1.598891139030456543e+00,1.625621080398559570e+00
1.011329269409179688e+01,1.006182384490966797e+01,1.026801490783691406e+01,1.135893535614013672e+01,1.180146312713623047e+01,1.150299263000488281e+01,1.072526454925537109e+01,1.060963916778564453e+01,9.768818855285644531e+00,1.006019496917724609e+01,1.037823104858398438e+01,9.911230087280273438e+00,7.349255084991455078e+00,7.508124351501464844e+00,6.703732490539550781e+00,5.888854980468750000e+00,5.985822677612304688e+00,6.824667930603027344e+00,6.951690673828125000e+00,7.252972126007080078e+00,7.345336437225341797e+00,7.130921840667724609e+00,6.566543102264404297e+00,6.980062961578369141e+00,6.879578590393066406e+00,5.942831993103027344e+00,4.933700561523437500e+00,3.607194185256958008e+00,3.516977071762084961e+00,3.166107892990112305e+00,3.297140836715698242e+00,3.705806255340576172e+00,3.643478870391845703e+00,4.177061557769775391e+00,5.019203662872314453e+00,4.647788524627685547e+00,4.579895496368408203e+00,3.926747798919677734e+00,4.444747447967529297e+00,5.691043853759765625e+00,6.748603343963623047e+00,6.680294036865234375e+00,6.914258956909179688e+00,7.003092765808105469e+00,7.118645191192626953e+00,5.242688179016113281e+00,5.613612651824951172e+00,6.996404647827148438e+00,7.321427345275878906e+00,5.808540821075439453e+00,3.870476245880126953e+00,3.735999584197998047e+00,3.859683036804199219e+00,2.336500406265258789e+00,2.877455949783325195e+00,3.521515846252441406e+00,3.011793136596679688e+00,3.268484115600585938e+00,3.120736360549926758e+00,3.132947206497192383e+00,2.335753202438354492e+00,2.294548273086547852e+00,1.717316269874572754e+00,1.664839267730712891e+00,2.628044605255126953e+00,2.855312824249267578e+00,3.606400728225708008e+00,4.705754280090332031e+00,5.239603519439697266e+00,3.838302850723266602e+00,4.093601703643798828e+00,4.482581615447998047e+00,4.281951427459716797e+00,4.884007453918457031e+00,3.872075557708740234e+00,3.264975309371948242e+00,3.486153602600097656e+00,3.835040807723999023e+00,4.347903251647949219e+00,5.306109905242919922e+00,5.060845851898193359e+00,5.509569168090820312e+00,4.841160297393798828e+00,3.392778158187866211e+00,3.371653079986572266e+00,3.655337810516357422e+00,5.504291057586669922e+00,5.335882186889648438e+00,5.049243450164794922e+00,6.794060230255126953e+00,7.171854019165039062e+00,6.585747718811035156e+00,3.468221902847290039e+00,2.898896217346191406e+00,1.689786553382873535e+00,9.000160694122314453e-01,1.005966067314147949e+00,9.658566713333129883e-01,6.425387859344482422e-01,9.024778604507446289e-01,9.184154272079467773e-01,1.457654953002929688e+00,1.342926263809204102e+00,1.306315779685974121e+00,1.336985111236572266e+00,1.179785013198852539e+00,1.828207969665527344e+00,2.204262733459472656e+00,1.568678379058837891e+00,1.657165050506591797e+00,1.435128927230834961e+00,1.169692158699035645e+00,1.317646384239196777e+00,1.338151812553405762e+00,1.367578029632568359e+00,1.369428992271423340e+00,1.271478891372680664e+00,1.203676342964172363e+00,1.407971262931823730e+00,1.418949961662292480e+00,1.482214212417602539e+00,1.337401628494262695e+00,9.669833779335021973e-01,7.962237000465393066e-01,8.293738961219787598e-01,8.244014978408813477e-01,1.071383357048034668e+00,1.098660469055175781e+00,1.501853227615356445e+00,1.783038020133972168e+00,1.527290701866149902e+00,1.547387003898620605e+00,1.709791421890258789e+00,1.828126788139343262e+00,1.826496720314025879e+00,1.716201066970825195e+00,1.616337060928344727e+00,1.304260730743408203e+00,7.507448792457580566e-01,5.634142756462097168e-01,5.913710594177246094e-01,7.280858755111694336e-01,5.257745385169982910e-01,9.219381213188171387e-01,9.699894189834594727e-01,9.274279475212097168e-01,7.222470045089721680e-01,6.667299866676330566e-01,6.610952615737915039e-01,5.440083742141723633e-01,6.049857139587402344e-01,7.308039069175720215e-01,7.604931592941284180e-01,6.992641091346740723e-01,7.300291061401367188e-01,8.324097394943237305e-01,5.972636938095092773e-01,5.100818872451782227e-01,5.664992332458496094e-01,6.581708788871765137e-01,7.919360995292663574e-01,4.108786284923553467e-01,4.299028217792510986e-01,4.460921287536621094e-01,4.574023783206939697e-01,3.557180464267730713e-01,3.467275798320770264e-01,2.618496417999267578e-01,2.267835587263107300e-01,1.893973499536514282e-01,1.636561006307601929e-01,1.464554220438003540e-01,1.388868391513824463e-01,1.280795484781265259e-01,1.322495639324188232e-01,1.256912946701049805e-01,1.040066704154014587e-01,9.487204998731613159e-02,8.645305037498474121e-02,6.790195405483245850e-02,7.124427706003189087e-02,9.420906752347946167e-02,1.272296011447906494e-01,1.650312989950180054e-01,1.511352658271789551e-01,1.205957457423210144e-01,1.071045771241188049e-01,1.006533429026603699e-01,1.064169630408287048e-01,3.808716312050819397e-02,3.165894374251365662e-02,3.027197346091270447e-02,6.097804754972457886e-03,1.268789730966091156e-02,1.979764364659786224e-02,3.922010213136672974e-02,6.504070013761520386e-02,7.566440105438232422e-02,6.516276299953460693e-02,4.081215336918830872e-02,4.933840408921241760e-02,6.046539917588233948e-02,3.491411358118057251e-02,2.700937353074550629e-02,4.154941067099571228e-02,7.807704061269760132e-02,1.146669685840606689e-01,1.838429421186447144e-01,2.080064117908477783e-01,2.941622436046600342e-01,3.625937998294830322e-01,4.351081848144531250e-01,4.117759764194488525e-01,3.251967430114746094e-01,2.617085576057434082e-01,2.671253979206085205e-01,1.156797632575035095e-01,5.723750963807106018e-02,5.232327803969383240e-02,7.092471420764923096e-02,2.248568683862686157e-01,2.560372054576873779e-01,2.747659981250762939e-01,2.741652727127075195e-01,2.806391716003417969e-01,3.169546127319335938e-01,5.681650042533874512e-01,4.803413152694702148e-01,8.178762197494506836e-01,1.098322391510009766e+00,1.163746356964111328e+00,1.029053807258605957e+00,9.709115624427795410e-01,1.083306193351745605e+00,1.261127352714538574e+00,1.309664845466613770e+00
9.574912071228027344e+00,9.379025459289550781e+00,8.867835998535156250e+00,1.075630474090576172e+01,1.100063896179199219e+01,1.225654315948486328e+01,1.270600414276123047e+01,1.244662666320800781e+01,1.185816192626953125e+01,1.211792945861816406e+01,1.229353904724121094e+01,1.118524265289306641e+01,7.745727539062500000e+00,7.592879295349121094e+00,6.898956298828125000e+00,5.908774375915527344e+00,5.729566097259521484e+00,5.486098766326904297e+00,7.164083003997802734e+00,8.056633949279785156e+00,7.721868515014648438e+00,9.704714775085449219e+00,6.841363906860351562e+00,7.112929344177246094e+00,7.429431438446044922e+00,7.426475524902343750e+00,6.073410034179687500e+00,5.627140522003173828e+00,4.019352436065673828e+00,3.563992977142333984e+00,3.550466775894165039e+00,4.275209426879882812e+00,4.475211620330810547e+00,4.494170665740966797e+00,4.963593006134033203e+00,3.902616500854492188e+00,3.744570732116699219e+00,3.727895736694335938e+00,4.919388294219970703e+00,5.442440986633300781e+00,6.801180839538574219e+00,7.894331932067871094e+00,7.468792438507080078e+00,6.559448719024658203e+00,6.179476261138916016e+00,5.716980457305908203e+00,5.506992340087890625e+00,5.807118892669677734e+00,6.329790115356445312e+00,5.643851280212402344e+00,3.779588460922241211e+00,3.095721244812011719e+00,2.394427776336669922e+00,1.232908606529235840e+00,5.313184857368469238e-01,1.100152850151062012e+00,1.225984573364257812e+00,1.522533416748046875e+00,2.009532451629638672e+00,1.669013381004333496e+00,1.316460490226745605e+00,1.352400660514831543e+00,1.364540696144104004e+00,1.454405426979064941e+00,2.249637126922607422e+00,2.596543788909912109e+00,2.985991239547729492e+00,3.065092563629150391e+00,3.542035102844238281e+00,3.227190256118774414e+00,3.441561222076416016e+00,3.627576351165771484e+00,3.585912466049194336e+00,3.452132225036621094e+00,3.542079210281372070e+00,3.019426107406616211e+00,4.510369300842285156e+00,4.691295146942138672e+00,5.557177066802978516e+00,5.873631000518798828e+00,5.495131492614746094e+00,5.502772331237792969e+00,4.464798927307128906e+00,3.486598253250122070e+00,3.574111938476562500e+00,3.072579622268676758e+00,4.661964893341064453e+00,4.442774295806884766e+00,7.671357631683349609e+00,9.348435401916503906e+00,1.000785255432128906e+01,7.143504619598388672e+00,3.535540103912353516e+00,3.558418035507202148e+00,1.027850270271301270e+00,8.489977717399597168e-01,9.232755303382873535e-01,1.048503160476684570e+00,9.246513843536376953e-01,7.581276297569274902e-01,6.023401021957397461e-01,1.191647887229919434e+00,1.120884776115417480e+00,1.109233975410461426e+00,1.246276974678039551e+00,9.587361812591552734e-01,9.779630303382873535e-01,1.213676571846008301e+00,9.566141366958618164e-01,9.523301124572753906e-01,8.743182420730590820e-01,1.192791104316711426e+00,1.418484330177307129e+00,1.422752141952514648e+00,1.348810911178588867e+00,1.323078155517578125e+00,1.325917243957519531e+00,1.242450475692749023e+00,1.321028828620910645e+00,1.346140861511230469e+00,1.372134566307067871e+00,1.236017107963562012e+00,8.867588043212890625e-01,6.770372986793518066e-01,7.663403153419494629e-01,6.159220933914184570e-01,8.345296382904052734e-01,9.543627500534057617e-01,1.383146286010742188e+00,1.789800524711608887e+00,1.675541043281555176e+00,1.395143628120422363e+00,1.526267290115356445e+00,1.654000997543334961e+00,1.643965721130371094e+00,1.557579636573791504e+00,8.182387351989746094e-01,5.987243056297302246e-01,4.069398343563079834e-01,3.055437207221984863e-01,3.692685365676879883e-01,4.172305762767791748e-01,4.137264788150787354e-01,7.939078807830810547e-01,8.444454669952392578e-01,7.805098891258239746e-01,7.110522985458374023e-01,3.639316260814666748e-01,3.480665087699890137e-01,3.057836890220642090e-01,3.226678967475891113e-01,3.161219954490661621e-01,2.926698029041290283e-01,3.155782818794250488e-01,3.202685415744781494e-01,3.432213664054870605e-01,3.585822582244873047e-01,2.803153693675994873e-01,3.469764590263366699e-01,3.791880011558532715e-01,4.069568812847137451e-01,4.586214721202850342e-01,4.726429879665374756e-01,4.698565304279327393e-01,4.929464757442474365e-01,3.733862042427062988e-01,3.250310122966766357e-01,2.231669276952743530e-01,2.088275700807571411e-01,2.044131457805633545e-01,1.883048415184020996e-01,1.800347268581390381e-01,1.800041943788528442e-01,1.520604193210601807e-01,1.415317058563232422e-01,1.523827314376831055e-01,1.359875351190567017e-01,1.101434007287025452e-01,9.935185313224792480e-02,8.480408787727355957e-02,7.154802232980728149e-02,1.117721199989318848e-01,1.425980180501937866e-01,1.862047761678695679e-01,1.999078840017318726e-01,1.496175378561019897e-01,1.459120661020278931e-01,1.337510645389556885e-01,1.256039440631866455e-01,4.527729004621505737e-02,3.771214932203292847e-02,2.897422760725021362e-02,9.866720996797084808e-03,1.911591552197933197e-02,3.518358245491981506e-02,4.616294801235198975e-02,4.101319611072540283e-02,5.616848915815353394e-02,6.897401809692382812e-02,3.740705922245979309e-02,6.992534548044204712e-02,5.182213708758354187e-02,4.557995125651359558e-02,4.106204211711883545e-02,5.697088688611984253e-02,7.481493800878524780e-02,1.031194701790809631e-01,1.353900283575057983e-01,1.692515760660171509e-01,2.351846396923065186e-01,2.421658635139465332e-01,2.405017912387847900e-01,2.816579937934875488e-01,2.566679120063781738e-01,2.362771928310394287e-01,2.148968577384948730e-01,1.671111732721328735e-01,1.118827164173126221e-01,8.602050691843032837e-02,1.189313307404518127e-01,2.563006281852722168e-01,1.760816127061843872e-01,2.387116849422454834e-01,2.392029613256454468e-01,3.701080679893493652e-01,4.010776877403259277e-01,4.954733848571777344e-01,6.153110265731811523e-01,7.256919145584106445e-01,1.096040964126586914e+00,1.104355573654174805e+00,9.693552851676940918e-01,9.737652540206909180e-01,1.165302395820617676e+00,1.416761517524719238e+00,1.553265571594238281e+00
9.978103637695312500e+00,1.027633380889892578e+01,1.107520961761474609e+01,1.257832908630371094e+01,1.241203880310058594e+01,1.301189708709716797e+01,1.577236270904541016e+01,1.505476379394531250e+01,1.482984733581542969e+01,1.483138656616210938e+01,1.472362232208251953e+01,1.366775226593017578e+01,1.062823390960693359e+01,1.055790519714355469e+01,8.356850624084472656e+00,6.544323921203613281e+00,6.111528873443603516e+00,6.757802009582519531e+00,8.069347381591796875e+00,7.970293998718261719e+00,8.023880958557128906e+00,9.347579956054687500e+00,9.896757125854492188e+00,9.842145919799804688e+00,8.633181571960449219e+00,9.629621505737304688e+00,8.219045639038085938e+00,8.310147285461425781e+00,6.271765708923339844e+00,5.653871059417724609e+00,4.448775768280029297e+00,3.913951873779296875e+00,4.142005920410156250e+00,5.516779422760009766e+00,5.968533992767333984e+00,4.928800582885742188e+00,4.982983112335205078e+00,4.278089046478271484e+00,5.347955703735351562e+00,5.886250019073486328e+00,7.719839572906494141e+00,6.330009937286376953e+00,5.774613380432128906e+00,5.946410655975341797e+00,7.771691322326660156e+00,7.131583213806152344e+00,6.419501781463623047e+00,5.299631118774414062e+00,5.923894882202148438e+00,4.334143161773681641e+00,3.533077716827392578e+00,3.099229097366333008e+00,2.546717643737792969e+00,1.288203716278076172e+00,9.419207572937011719e-01,5.788884162902832031e-01,1.062364935874938965e+00,7.014821171760559082e-01,1.581713438034057617e+00,1.230733036994934082e+00,6.430593132972717285e-01,1.166458606719970703e+00,1.225797533988952637e+00,1.069022536277770996e+00,1.129763841629028320e+00,1.550175070762634277e+00,1.855108261108398438e+00,1.480711102485656738e+00,1.812090873718261719e+00,1.480550885200500488e+00,2.392716646194458008e+00,2.872466564178466797e+00,2.642432451248168945e+00,2.120264053344726562e+00,2.427327156066894531e+00,2.991011381149291992e+00,4.969462871551513672e+00,4.876906871795654297e+00,5.920350074768066406e+00,6.039625167846679688e+00,6.279165744781494141e+00,5.472839832305908203e+00,4.382704734802246094e+00,4.209084510803222656e+00,3.586756706237792969e+00,2.612142562866210938e+00,2.907491683959960938e+00,2.682239532470703125e+00,5.453465461730957031e+00,6.878849506378173828e+00,7.450057506561279297e+00,6.345725059509277344e+00,3.585821151733398438e+00,3.787046194076538086e+00,1.081645607948303223e+00,6.730463504791259766e-01,7.215042114257812500e-01,8.613312244415283203e-01,6.328132748603820801e-01,6.799815893173217773e-01,6.435319781303405762e-01,8.227612376213073730e-01,9.846223592758178711e-01,1.007766366004943848e+00,9.685994982719421387e-01,7.721099257469177246e-01,7.928052544593811035e-01,7.447398900985717773e-01,7.037904858589172363e-01,7.188647985458374023e-01,7.770538330078125000e-01,1.020956039428710938e+00,1.193032503128051758e+00,1.390944361686706543e+00,1.304300546646118164e+00,1.233108162879943848e+00,1.241005063056945801e+00,1.185012698173522949e+00,1.220715880393981934e+00,1.291916370391845703e+00,1.344858288764953613e+00,1.186696052551269531e+00,9.179409146308898926e-01,6.639559864997863770e-01,7.647946476936340332e-01,6.142950654029846191e-01,8.517361879348754883e-01,1.236278891563415527e+00,1.557412266731262207e+00,1.876185655593872070e+00,1.851677894592285156e+00,1.640977263450622559e+00,1.560411214828491211e+00,1.553418755531311035e+00,1.506281495094299316e+00,1.424010157585144043e+00,6.639221310615539551e-01,4.424157440662384033e-01,2.930354475975036621e-01,1.550884097814559937e-01,3.210131525993347168e-01,3.259406685829162598e-01,3.756307959556579590e-01,4.001575708389282227e-01,3.255920112133026123e-01,2.918987572193145752e-01,3.234834671020507812e-01,3.267467319965362549e-01,3.501370251178741455e-01,2.807369232177734375e-01,3.078726530075073242e-01,3.034275472164154053e-01,2.825766205787658691e-01,3.150178194046020508e-01,2.643713653087615967e-01,3.560289144515991211e-01,3.882742226123809814e-01,3.811306059360504150e-01,4.186432957649230957e-01,4.598690867424011230e-01,4.916743636131286621e-01,5.905768275260925293e-01,5.079324841499328613e-01,4.989345967769622803e-01,4.804564416408538818e-01,3.766774833202362061e-01,3.283524513244628906e-01,2.241210937500000000e-01,2.060545682907104492e-01,1.928091943264007568e-01,2.581667006015777588e-01,2.772865593433380127e-01,2.946232557296752930e-01,1.863229423761367798e-01,1.732117086648941040e-01,1.730321347713470459e-01,1.502119004726409912e-01,1.394623965024948120e-01,1.198336258530616760e-01,1.191765889525413513e-01,9.405679255723953247e-02,1.132437959313392639e-01,1.821241527795791626e-01,1.864619702100753784e-01,1.455572396516799927e-01,5.603361129760742188e-02,5.888427421450614929e-02,1.252423822879791260e-01,1.351212859153747559e-01,6.372934579849243164e-02,5.481862276792526245e-02,4.002691060304641724e-02,2.641139179468154907e-02,6.024236977100372314e-02,7.447481900453567505e-02,4.742437228560447693e-02,2.424817159771919250e-02,3.590832650661468506e-02,4.059764370322227478e-02,3.398875892162322998e-02,5.869389697909355164e-02,8.529482036828994751e-02,8.364821970462799072e-02,7.921105623245239258e-02,7.484504580497741699e-02,5.990195646882057190e-02,5.723181739449501038e-02,9.833826124668121338e-02,1.326643973588943481e-01,1.841071546077728271e-01,1.910533457994461060e-01,1.935561448335647583e-01,2.110801190137863159e-01,1.967919766902923584e-01,1.982066929340362549e-01,1.831576377153396606e-01,1.663670837879180908e-01,1.539201289415359497e-01,1.125427931547164917e-01,1.303996592760086060e-01,1.942697316408157349e-01,2.522156536579132080e-01,2.674706876277923584e-01,2.471955716609954834e-01,3.636797964572906494e-01,4.979054331779479980e-01,6.984627246856689453e-01,6.536062359809875488e-01,7.521226406097412109e-01,9.998294711112976074e-01,1.177666783332824707e+00,9.565828442573547363e-01,1.039951682090759277e+00,1.436906576156616211e+00,1.698412775993347168e+00,1.567741274833679199e+00
1.015141391754150391e+01,1.034564876556396484e+01,1.103834342956542969e+01,1.257421779632568359e+01,1.251563930511474609e+01,1.393771171569824219e+01,1.628015708923339844e+01,1.519598770141601562e+01,1.557598114013671875e+01,1.490374755859375000e+01,1.545914840698242188e+01,1.458348369598388672e+01,1.040037059783935547e+01,9.770660400390625000e+00,8.187314987182617188e+00,6.615170001983642578e+00,6.522143840789794922e+00,7.381839275360107422e+00,8.846736907958984375e+00,8.661368370056152344e+00,8.712219238281250000e+00,1.008399295806884766e+01,1.054851341247558594e+01,9.336830139160156250e+00,9.049140930175781250e+00,9.872463226318359375e+00,8.618096351623535156e+00,1.015401363372802734e+01,7.875205516815185547e+00,7.101529598236083984e+00,5.588663101196289062e+00,4.327985763549804688e+00,4.584404945373535156e+00,5.328551292419433594e+00,5.054664134979248047e+00,4.798669338226318359e+00,5.338573932647705078e+00,4.595431804656982422e+00,5.723489761352539062e+00,5.892518043518066406e+00,8.023531913757324219e+00,6.411639213562011719e+00,5.846582889556884766e+00,6.055014133453369141e+00,7.062796592712402344e+00,7.496035099029541016e+00,7.674770355224609375e+00,7.807757854461669922e+00,7.001924037933349609e+00,5.354638576507568359e+00,3.774728298187255859e+00,2.365348577499389648e+00,1.402302980422973633e+00,1.165773749351501465e+00,1.108665227890014648e+00,1.228626012802124023e+00,1.056746125221252441e+00,7.196585536003112793e-01,1.338111281394958496e+00,1.294147014617919922e+00,1.326197266578674316e+00,1.703638672828674316e+00,1.208490610122680664e+00,1.160945177078247070e+00,1.040487170219421387e+00,1.263967394828796387e+00,7.886515259742736816e-01,1.170313119888305664e+00,1.201188325881958008e+00,1.253102183341979980e+00,1.570811152458190918e+00,2.013720035552978516e+00,2.139357805252075195e+00,1.700262546539306641e+00,1.973150730133056641e+00,2.626507520675659180e+00,4.887348651885986328e+00,4.890512943267822266e+00,5.577851295471191406e+00,6.053029537200927734e+00,6.751081466674804688e+00,5.712302207946777344e+00,4.607124328613281250e+00,3.913423538208007812e+00,3.569142103195190430e+00,2.688564538955688477e+00,2.990994930267333984e+00,3.119304656982421875e+00,5.471901416778564453e+00,7.279129505157470703e+00,7.391435146331787109e+00,5.851906776428222656e+00,2.316916465759277344e+00,2.428943872451782227e+00,1.000486850738525391e+00,3.644117116928100586e-01,4.448244869709014893e-01,6.133082509040832520e-01,6.432549953460693359e-01,6.611962318420410156e-01,7.328420281410217285e-01,8.176111578941345215e-01,9.528138041496276855e-01,9.220681786537170410e-01,8.983997106552124023e-01,7.031021118164062500e-01,7.343955636024475098e-01,6.872718334197998047e-01,6.746218800544738770e-01,9.047943949699401855e-01,1.132483959197998047e+00,1.173758864402770996e+00,1.169850230216979980e+00,1.354121327400207520e+00,1.288151979446411133e+00,1.110683560371398926e+00,1.228346705436706543e+00,1.203100204467773438e+00,1.285993576049804688e+00,1.157187938690185547e+00,1.001129746437072754e+00,1.040881276130676270e+00,1.013651609420776367e+00,8.286968469619750977e-01,7.265291213989257812e-01,5.507754087448120117e-01,1.090269327163696289e+00,1.351723670959472656e+00,1.755749583244323730e+00,1.877394556999206543e+00,1.856426835060119629e+00,1.754359245300292969e+00,1.795379996299743652e+00,1.684751629829406738e+00,1.546060323715209961e+00,1.301679134368896484e+00,7.050848007202148438e-01,5.000886321067810059e-01,3.918635845184326172e-01,1.145016849040985107e-01,1.876247823238372803e-01,3.272225558757781982e-01,2.904973328113555908e-01,2.474531233310699463e-01,2.319913953542709351e-01,2.366661280393600464e-01,2.789148390293121338e-01,2.935572266578674316e-01,3.303140401840209961e-01,3.094824850559234619e-01,3.068963587284088135e-01,2.753415703773498535e-01,2.139704078435897827e-01,1.708800941705703735e-01,2.149686962366104126e-01,3.326410353183746338e-01,4.000449478626251221e-01,4.236337244510650635e-01,4.413757622241973877e-01,4.642278254032135010e-01,5.694347620010375977e-01,6.661099791526794434e-01,6.509643793106079102e-01,6.033608913421630859e-01,5.469206571578979492e-01,3.967589139938354492e-01,3.241825103759765625e-01,3.168798089027404785e-01,2.841018736362457275e-01,3.176941871643066406e-01,3.594155609607696533e-01,4.119659662246704102e-01,3.837500512599945068e-01,2.786116302013397217e-01,2.481603175401687622e-01,2.224165499210357666e-01,1.847586929798126221e-01,1.703088432550430298e-01,1.737193316221237183e-01,1.793334335088729858e-01,1.909000575542449951e-01,1.260297149419784546e-01,1.508778631687164307e-01,1.318370401859283447e-01,4.478869587182998657e-02,0.000000000000000000e+00,1.792846992611885071e-02,8.034767210483551025e-02,1.256178170442581177e-01,7.048958539962768555e-02,5.893362313508987427e-02,6.031764298677444458e-02,4.694370552897453308e-02,6.353207677602767944e-02,1.082836389541625977e-01,7.434117794036865234e-02,4.989464208483695984e-02,1.429966092109680176e-02,1.107149012386798859e-02,3.862940892577171326e-02,4.430576786398887634e-02,9.798078238964080811e-02,8.816902339458465576e-02,8.961110562086105347e-02,8.698435127735137939e-02,5.690468102693557739e-02,3.515906259417533875e-02,2.804204821586608887e-02,5.178194120526313782e-02,7.788699120283126831e-02,1.120055019855499268e-01,1.120574548840522766e-01,1.103052422404289246e-01,1.186739802360534668e-01,1.374190598726272583e-01,1.447081714868545532e-01,1.384524106979370117e-01,1.332211196422576904e-01,1.299555301666259766e-01,1.758560687303543091e-01,2.866011261940002441e-01,2.644525170326232910e-01,2.879511415958404541e-01,3.191301822662353516e-01,4.054038524627685547e-01,4.657569825649261475e-01,6.577854752540588379e-01,5.741332769393920898e-01,5.808385610580444336e-01,9.275560379028320312e-01,1.122698068618774414e+00,9.654384255409240723e-01,7.841425538063049316e-01,1.395939946174621582e+00,1.622490167617797852e+00,1.488948225975036621e+00
1.092917633056640625e+01,1.106618118286132812e+01,1.142497062683105469e+01,1.306924629211425781e+01,1.269979667663574219e+01,1.392943954467773438e+01,1.667131423950195312e+01,1.512482547760009766e+01,1.542727756500244141e+01,1.586351203918457031e+01,1.594619274139404297e+01,1.301573276519775391e+01,1.042483901977539062e+01,1.088926887512207031e+01,7.621882915496826172e+00,6.974331855773925781e+00,7.418399333953857422e+00,7.229005336761474609e+00,9.337211608886718750e+00,9.078835487365722656e+00,8.886581420898437500e+00,8.355946540832519531e+00,1.054340171813964844e+01,1.151120471954345703e+01,8.303764343261718750e+00,9.123270034790039062e+00,9.086351394653320312e+00,1.024040317535400391e+01,7.897688388824462891e+00,6.090346336364746094e+00,6.348323345184326172e+00,5.443695068359375000e+00,4.899518489837646484e+00,6.215115547180175781e+00,5.448514461517333984e+00,5.512412548065185547e+00,6.159036636352539062e+00,5.503424167633056641e+00,7.001650810241699219e+00,6.702270030975341797e+00,8.670993804931640625e+00,7.130134105682373047e+00,6.866859912872314453e+00,6.140893459320068359e+00,6.500798702239990234e+00,6.647737979888916016e+00,7.181215286254882812e+00,6.075975894927978516e+00,5.841775894165039062e+00,3.853737354278564453e+00,3.209876775741577148e+00,2.302920818328857422e+00,1.451265335083007812e+00,1.247962236404418945e+00,1.005922675132751465e+00,5.605044960975646973e-01,5.774582624435424805e-01,6.432815194129943848e-01,7.336543798446655273e-01,7.531610727310180664e-01,7.777695655822753906e-01,1.316521406173706055e+00,1.014120936393737793e+00,1.161564469337463379e+00,1.241148114204406738e+00,1.229075670242309570e+00,6.046546101570129395e-01,4.435264468193054199e-01,8.887473940849304199e-01,8.244805335998535156e-01,5.567709207534790039e-01,9.440458416938781738e-01,1.230000257492065430e+00,1.345796585083007812e+00,1.893889188766479492e+00,3.008620977401733398e+00,4.843014240264892578e+00,4.609348773956298828e+00,4.694003105163574219e+00,4.442374706268310547e+00,4.900635242462158203e+00,4.549132823944091797e+00,3.897891759872436523e+00,3.020178318023681641e+00,3.021092414855957031e+00,2.521756887435913086e+00,2.411746740341186523e+00,1.960610270500183105e+00,1.885828256607055664e+00,4.297875404357910156e+00,3.831247091293334961e+00,3.234123945236206055e+00,8.914873003959655762e-01,7.104452252388000488e-01,3.168893158435821533e-01,1.471969783306121826e-01,1.348513811826705933e-01,2.586012184619903564e-01,4.991737902164459229e-01,7.197337746620178223e-01,7.694867849349975586e-01,6.842240691184997559e-01,6.833502054214477539e-01,6.481979489326477051e-01,6.553988456726074219e-01,6.897099018096923828e-01,7.337504625320434570e-01,6.043302416801452637e-01,5.972702503204345703e-01,5.733796358108520508e-01,8.936508297920227051e-01,1.097949028015136719e+00,1.018329501152038574e+00,1.140171885490417480e+00,1.185084104537963867e+00,1.179044842720031738e+00,1.238769412040710449e+00,1.227265954017639160e+00,1.273739337921142578e+00,1.182336091995239258e+00,1.080581307411193848e+00,1.029386997222900391e+00,8.980436325073242188e-01,9.007250666618347168e-01,6.928866505622863770e-01,5.155099630355834961e-01,9.020432829856872559e-01,1.629155039787292480e+00,1.793389320373535156e+00,1.767625212669372559e+00,1.806034922599792480e+00,1.728201985359191895e+00,1.759694457054138184e+00,1.673514842987060547e+00,1.634063601493835449e+00,1.343299031257629395e+00,6.828570365905761719e-01,5.022024512290954590e-01,4.751226902008056641e-01,1.739010810852050781e-01,1.485970169305801392e-01,2.766835689544677734e-01,2.491340190172195435e-01,2.225231826305389404e-01,1.898785531520843506e-01,3.094675540924072266e-01,2.317151278257369995e-01,2.880020737648010254e-01,2.061760425567626953e-01,2.220337092876434326e-01,2.011921107769012451e-01,1.956440359354019165e-01,1.920072585344314575e-01,8.657357096672058105e-02,2.409773021936416626e-01,2.758854329586029053e-01,3.252118229866027832e-01,3.612051606178283691e-01,3.685103058815002441e-01,4.580096602439880371e-01,5.455039739608764648e-01,6.402685642242431641e-01,6.817611455917358398e-01,6.609497666358947754e-01,5.967023372650146484e-01,4.792172908782958984e-01,3.861494362354278564e-01,3.280298709869384766e-01,3.281353116035461426e-01,3.220565617084503174e-01,3.564493954181671143e-01,4.334031641483306885e-01,4.236175119876861572e-01,3.392814397811889648e-01,2.915642261505126953e-01,2.660212218761444092e-01,2.394076883792877197e-01,2.279850095510482788e-01,1.961296945810317993e-01,1.926352232694625854e-01,2.065391689538955688e-01,1.342933923006057739e-01,1.377771496772766113e-01,1.247803270816802979e-01,3.528968244791030884e-02,0.000000000000000000e+00,7.250366359949111938e-02,1.136668026447296143e-01,1.405479758977890015e-01,1.240540072321891785e-01,7.988035678863525391e-02,7.704351097345352173e-02,7.568945735692977905e-02,8.441671729087829590e-02,1.384999603033065796e-01,1.088900268077850342e-01,5.758693069219589233e-02,8.445216342806816101e-03,1.591744832694530487e-02,6.523642688989639282e-02,9.419360756874084473e-02,1.009047701954841614e-01,1.001186594367027283e-01,1.123795881867408752e-01,1.103657037019729614e-01,3.658377751708030701e-02,2.135979756712913513e-02,5.655349697917699814e-03,2.688072435557842255e-02,3.360425308346748352e-02,4.651038721203804016e-02,4.923674464225769043e-02,6.187934055924415588e-02,8.053803443908691406e-02,9.429536759853363037e-02,1.092208698391914368e-01,1.226833388209342957e-01,1.221427991986274719e-01,9.866125136613845825e-02,1.780077219009399414e-01,1.443342119455337524e-01,3.109081685543060303e-01,3.476407229900360107e-01,3.289824128150939941e-01,4.441423416137695312e-01,4.793809056282043457e-01,7.235202789306640625e-01,6.218177676200866699e-01,6.894171237945556641e-01,9.215890169143676758e-01,1.074915170669555664e+00,1.081349849700927734e+00,1.096269845962524414e+00,1.483643770217895508e+00,1.409883022308349609e+00,1.342674255371093750e+00
8.711672782897949219e+00,1.088279056549072266e+01,1.199065589904785156e+01,1.279951858520507812e+01,1.275714874267578125e+01,1.504256534576416016e+01,1.558236598968505859e+01,1.442312526702880859e+01,1.430675601959228516e+01,1.440773105621337891e+01,1.478843116760253906e+01,1.297087478637695312e+01,9.748541831970214844e+00,9.022764205932617188e+00,7.980535030364990234e+00,7.707546234130859375e+00,7.932851314544677734e+00,7.822361946105957031e+00,7.815809726715087891e+00,8.284148216247558594e+00,8.196286201477050781e+00,8.582297325134277344e+00,9.973798751831054688e+00,9.930824279785156250e+00,9.948070526123046875e+00,9.506001472473144531e+00,1.008370399475097656e+01,1.117396831512451172e+01,7.216117858886718750e+00,6.310808181762695312e+00,6.477689266204833984e+00,6.228291511535644531e+00,5.652016162872314453e+00,7.199035644531250000e+00,6.363576889038085938e+00,5.312312126159667969e+00,5.829061031341552734e+00,4.506643295288085938e+00,5.602802276611328125e+00,5.959577560424804688e+00,7.106110095977783203e+00,7.210340499877929688e+00,7.083011150360107422e+00,5.767801284790039062e+00,5.725298404693603516e+00,5.812561988830566406e+00,6.829210758209228516e+00,5.579458713531494141e+00,5.276815891265869141e+00,4.260460853576660156e+00,2.740674495697021484e+00,2.239980220794677734e+00,1.566908359527587891e+00,1.252153038978576660e+00,8.481978774070739746e-01,4.507838487625122070e-01,4.428264200687408447e-01,6.138195991516113281e-01,7.135769128799438477e-01,7.264345288276672363e-01,6.598166227340698242e-01,1.140092611312866211e+00,1.230913639068603516e+00,1.060476064682006836e+00,1.115091919898986816e+00,1.001581430435180664e+00,5.911169648170471191e-01,5.541565418243408203e-01,5.471146106719970703e-01,3.862974345684051514e-01,3.958646357059478760e-01,3.946287930011749268e-01,4.322955906391143799e-01,1.657572269439697266e+00,1.700806617736816406e+00,2.734274625778198242e+00,3.829018354415893555e+00,4.299483776092529297e+00,3.935837507247924805e+00,4.525088787078857422e+00,4.266351222991943359e+00,3.485980033874511719e+00,3.563141107559204102e+00,2.159041881561279297e+00,2.043511390686035156e+00,1.703705072402954102e+00,1.424931168556213379e+00,1.312622308731079102e+00,2.085448265075683594e+00,2.160457849502563477e+00,2.110228061676025391e+00,1.322453498840332031e+00,5.546226501464843750e-01,5.783557295799255371e-01,2.558372318744659424e-01,1.123104393482208252e-01,1.056423187255859375e-01,2.285591363906860352e-01,4.055905938148498535e-01,5.767855048179626465e-01,6.066607236862182617e-01,5.261844396591186523e-01,4.811656773090362549e-01,4.339158535003662109e-01,4.925687015056610107e-01,4.428543746471405029e-01,4.760096967220306396e-01,3.954411447048187256e-01,6.973755955696105957e-01,5.962493419647216797e-01,7.573475241661071777e-01,1.269997239112854004e+00,1.166638970375061035e+00,8.865747451782226562e-01,1.034857511520385742e+00,9.350795745849609375e-01,1.047095179557800293e+00,1.075795054435729980e+00,1.253593206405639648e+00,1.026216506958007812e+00,1.015851616859436035e+00,8.574556112289428711e-01,8.468741178512573242e-01,8.905388116836547852e-01,1.039089322090148926e+00,4.474284946918487549e-01,6.777328848838806152e-01,2.038851976394653320e+00,1.996173620223999023e+00,1.503735184669494629e+00,1.475036025047302246e+00,1.669877529144287109e+00,1.705827713012695312e+00,1.552411794662475586e+00,1.540451645851135254e+00,1.581783533096313477e+00,7.138717770576477051e-01,6.481670141220092773e-01,5.388025045394897461e-01,2.634291648864746094e-01,1.034104973077774048e-01,2.890321314334869385e-01,2.708454430103302002e-01,3.615577518939971924e-01,3.359693288803100586e-01,3.478908240795135498e-01,2.593292593955993652e-01,3.290774226188659668e-01,2.967879474163055420e-01,2.992271780967712402e-01,3.371821939945220947e-01,2.230797410011291504e-01,2.306572794914245605e-01,2.162041366100311279e-01,3.267359435558319092e-01,3.417589962482452393e-01,3.650907278060913086e-01,4.461213648319244385e-01,4.897847175598144531e-01,5.058868527412414551e-01,5.257267951965332031e-01,5.645039081573486328e-01,6.114138364791870117e-01,6.091136932373046875e-01,5.449286103248596191e-01,5.162353515625000000e-01,4.071292579174041748e-01,3.501846492290496826e-01,4.087978005409240723e-01,3.939940333366394043e-01,4.025087654590606689e-01,4.231252670288085938e-01,4.188648164272308350e-01,3.574578464031219482e-01,3.252899050712585449e-01,3.150889873504638672e-01,3.165313601493835449e-01,3.056426644325256348e-01,2.440459579229354858e-01,2.452522516250610352e-01,2.617984712123870850e-01,2.006337344646453857e-01,1.861492097377777100e-01,2.026358097791671753e-01,9.297706186771392822e-02,5.353783443570137024e-02,8.245861530303955078e-02,9.613077342510223389e-02,1.039543151855468750e-01,1.278814822435379028e-01,1.356658637523651123e-01,1.148916110396385193e-01,1.399748325347900391e-01,1.638502925634384155e-01,1.943437457084655762e-01,1.196538284420967102e-01,4.728446528315544128e-02,0.000000000000000000e+00,7.159134838730096817e-03,7.122079282999038696e-02,7.621345669031143188e-02,9.423907101154327393e-02,1.372111886739730835e-01,1.382442712783813477e-01,1.191870421171188354e-01,1.715715043246746063e-02,6.133377552032470703e-03,0.000000000000000000e+00,2.058783778920769691e-03,5.198764149099588394e-03,5.651695653796195984e-03,5.028253421187400818e-03,1.434770226478576660e-02,3.723991289734840393e-02,4.353858157992362976e-02,9.323980659246444702e-02,9.013772010803222656e-02,9.296196699142456055e-02,8.336207270622253418e-02,1.035512238740921021e-01,8.635589480400085449e-02,1.823967397212982178e-01,3.675886094570159912e-01,4.714073836803436279e-01,4.726766645908355713e-01,6.169565916061401367e-01,8.008624315261840820e-01,6.127249002456665039e-01,5.446097850799560547e-01,6.904688477516174316e-01,6.527206897735595703e-01,1.063548803329467773e+00,1.146920800209045410e+00,1.297139883041381836e+00,1.295395374298095703e+00,1.157107949256896973e+00
8.981234550476074219e+00,1.132234764099121094e+01,1.244176197052001953e+01,1.301772785186767578e+01,1.289345932006835938e+01,1.512110996246337891e+01,1.595620632171630859e+01,1.625826072692871094e+01,1.535954284667968750e+01,1.583091354370117188e+01,1.506781291961669922e+01,1.215951728820800781e+01,1.010924339294433594e+01,9.934092521667480469e+00,8.610710144042968750e+00,8.300232887268066406e+00,8.715909957885742188e+00,8.962679862976074219e+00,8.665676116943359375e+00,8.180825233459472656e+00,8.207364082336425781e+00,9.555533409118652344e+00,1.044659423828125000e+01,9.564203262329101562e+00,1.086897563934326172e+01,9.807800292968750000e+00,1.019027519226074219e+01,1.135887050628662109e+01,7.988670825958251953e+00,7.214944839477539062e+00,7.238982677459716797e+00,6.663197517395019531e+00,6.514755725860595703e+00,7.620843887329101562e+00,7.311197280883789062e+00,4.971755504608154297e+00,4.694249153137207031e+00,4.032488346099853516e+00,5.481931686401367188e+00,6.454989910125732422e+00,9.039137840270996094e+00,9.226449966430664062e+00,8.129878044128417969e+00,6.647491455078125000e+00,6.070996761322021484e+00,5.859230041503906250e+00,6.751101493835449219e+00,5.999986171722412109e+00,4.798068046569824219e+00,3.660905838012695312e+00,2.600026130676269531e+00,2.273342609405517578e+00,1.522022843360900879e+00,7.627342343330383301e-01,1.016701936721801758e+00,5.208672881126403809e-01,9.683744311332702637e-01,6.890251040458679199e-01,7.630094289779663086e-01,8.232229948043823242e-01,7.180524468421936035e-01,1.145103096961975098e+00,1.054133057594299316e+00,9.304735660552978516e-01,9.571802020072937012e-01,9.636825323104858398e-01,9.199950098991394043e-01,8.652178645133972168e-01,8.821993470191955566e-01,5.765995979309082031e-01,5.934034585952758789e-01,3.692431449890136719e-01,4.747143089771270752e-01,8.195806145668029785e-01,1.773608207702636719e+00,2.453036308288574219e+00,2.889382362365722656e+00,3.396967172622680664e+00,3.375936985015869141e+00,3.304280996322631836e+00,3.833602190017700195e+00,3.429796218872070312e+00,2.984265804290771484e+00,1.670844554901123047e+00,1.597055315971374512e+00,1.823278903961181641e+00,1.172508955001831055e+00,1.190170884132385254e+00,1.565552115440368652e+00,1.692179083824157715e+00,1.566800951957702637e+00,1.178731203079223633e+00,3.111187219619750977e-01,3.029269576072692871e-01,7.092705368995666504e-02,1.319164931774139404e-01,1.733276247978210449e-01,2.758685052394866943e-01,3.777690827846527100e-01,4.487680494785308838e-01,5.436738729476928711e-01,5.265507102012634277e-01,4.705905318260192871e-01,4.497535526752471924e-01,4.878594279289245605e-01,4.480822980403900146e-01,4.884473383426666260e-01,3.537794947624206543e-01,6.321571469306945801e-01,6.485404968261718750e-01,7.011226415634155273e-01,1.208678722381591797e+00,1.259010910987854004e+00,8.519945144653320312e-01,9.727736115455627441e-01,8.825724720954895020e-01,1.038780689239501953e+00,1.133737087249755859e+00,1.204380035400390625e+00,1.071492314338684082e+00,1.027816891670227051e+00,8.040630817413330078e-01,7.394200563430786133e-01,6.984039545059204102e-01,8.271833062171936035e-01,4.083368182182312012e-01,5.034835934638977051e-01,1.364669799804687500e+00,1.131227850914001465e+00,9.486094713211059570e-01,6.583960056304931641e-01,9.068826436996459961e-01,9.181696772575378418e-01,1.079746246337890625e+00,1.033235192298889160e+00,8.587003946304321289e-01,6.681276559829711914e-01,5.967499613761901855e-01,5.421295762062072754e-01,2.958547472953796387e-01,1.005387157201766968e-01,2.504735887050628662e-01,3.006367683410644531e-01,3.480406403541564941e-01,3.040745258331298828e-01,3.162652850151062012e-01,3.213819265365600586e-01,4.129165410995483398e-01,4.040828943252563477e-01,3.527443110942840576e-01,3.830621838569641113e-01,2.252569645643234253e-01,2.482364326715469360e-01,2.756825387477874756e-01,3.701317906379699707e-01,4.010457694530487061e-01,4.303813278675079346e-01,5.057364106178283691e-01,5.683979392051696777e-01,5.546823740005493164e-01,5.375148057937622070e-01,5.292245745658874512e-01,5.448220372200012207e-01,5.733816027641296387e-01,5.130912661552429199e-01,4.568318128585815430e-01,3.573163449764251709e-01,2.973805665969848633e-01,3.716936111450195312e-01,3.880278468132019043e-01,3.861373066902160645e-01,4.026020467281341553e-01,4.346680641174316406e-01,3.431686162948608398e-01,2.912088036537170410e-01,2.893200814723968506e-01,3.126810193061828613e-01,3.027339875698089600e-01,2.898621261119842529e-01,3.354688584804534912e-01,3.145586848258972168e-01,2.025043666362762451e-01,1.319238245487213135e-01,2.085512280464172363e-01,2.029981315135955811e-01,1.350655257701873779e-01,1.244220957159996033e-01,1.197073087096214294e-01,1.119612008333206177e-01,1.570835709571838379e-01,1.811122149229049683e-01,1.966501474380493164e-01,1.785663515329360962e-01,1.969970613718032837e-01,2.097305208444595337e-01,1.521298289299011230e-01,6.830408424139022827e-02,0.000000000000000000e+00,1.650867611169815063e-02,1.016020923852920532e-01,1.125404238700866699e-01,1.159084364771842957e-01,1.256331652402877808e-01,1.104774624109268188e-01,8.508452028036117554e-02,2.228869125247001648e-04,1.769953989423811436e-03,0.000000000000000000e+00,0.000000000000000000e+00,0.000000000000000000e+00,0.000000000000000000e+00,0.000000000000000000e+00,6.246562697924673557e-04,1.887303590774536133e-02,6.524602323770523071e-02,1.134432703256607056e-01,8.610340952873229980e-02,9.008179605007171631e-02,5.761338770389556885e-02,7.605099678039550781e-02,1.097237840294837952e-01,1.199325397610664368e-01,2.114896178245544434e-01,3.885625898838043213e-01,4.865828156471252441e-01,5.068423151969909668e-01,4.351414740085601807e-01,3.739863336086273193e-01,4.050094485282897949e-01,4.921479523181915283e-01,6.524193882942199707e-01,6.662155389785766602e-01,6.613475084304809570e-01,7.594472765922546387e-01,8.534848690032958984e-01,7.502697706222534180e-01
9.568089485168457031e+00,9.794011116027832031e+00,1.106248188018798828e+01,1.410515308380126953e+01,1.426797008514404297e+01,1.502742004394531250e+01,1.499877452850341797e+01,1.405596065521240234e+01,1.430524635314941406e+01,1.283528900146484375e+01,1.310199832916259766e+01,1.169560623168945312e+01,1.239374065399169922e+01,1.259230232238769531e+01,8.335280418395996094e+00,8.728635787963867188e+00,1.080565261840820312e+01,9.752242088317871094e+00,8.944032669067382812e+00,8.837525367736816406e+00,8.425464630126953125e+00,9.081410408020019531e+00,8.247042655944824219e+00,7.727064609527587891e+00,9.027250289916992188e+00,7.754251003265380859e+00,8.006341934204101562e+00,8.831847190856933594e+00,7.042844295501708984e+00,6.449537277221679688e+00,6.032753467559814453e+00,5.561382293701171875e+00,5.508341312408447266e+00,6.205541133880615234e+00,5.086771011352539062e+00,3.471181392669677734e+00,3.509354591369628906e+00,2.994942665100097656e+00,3.477574586868286133e+00,4.347266197204589844e+00,4.643382549285888672e+00,7.104950428009033203e+00,6.484936237335205078e+00,4.166338443756103516e+00,4.513510704040527344e+00,4.654212951660156250e+00,4.999789714813232422e+00,5.071535110473632812e+00,4.425303459167480469e+00,3.576628208160400391e+00,2.433496952056884766e+00,2.870500802993774414e+00,2.561458110809326172e+00,1.120923757553100586e+00,4.325038492679595947e-01,3.883337676525115967e-01,4.049766361713409424e-01,4.418757557868957520e-01,5.025640726089477539e-01,7.028420567512512207e-01,6.487869620323181152e-01,9.983307719230651855e-01,1.080096840858459473e+00,9.182574152946472168e-01,9.251036047935485840e-01,8.621743917465209961e-01,9.445533752441406250e-01,1.058728694915771484e+00,1.072497963905334473e+00,9.211580157279968262e-01,9.879317283630371094e-01,6.577929258346557617e-01,9.488509893417358398e-01,1.222958445549011230e+00,1.215656757354736328e+00,1.487261295318603516e+00,2.550033807754516602e+00,3.449353218078613281e+00,3.528509616851806641e+00,3.795906066894531250e+00,4.067477226257324219e+00,3.515141725540161133e+00,2.201468467712402344e+00,1.573776364326477051e+00,1.606840491294860840e+00,1.831882119178771973e+00,1.675851106643676758e+00,1.295227050781250000e+00,1.483701825141906738e+00,1.316700100898742676e+00,1.237882852554321289e+00,5.358637571334838867e-01,3.788012266159057617e-01,2.471282482147216797e-01,1.384864747524261475e-01,2.089609652757644653e-01,2.220933288335800171e-01,2.972025871276855469e-01,3.815125226974487305e-01,4.533080756664276123e-01,4.692662358283996582e-01,2.604600787162780762e-01,2.474680095911026001e-01,2.776620090007781982e-01,3.720020651817321777e-01,3.709447681903839111e-01,3.105390071868896484e-01,4.352754950523376465e-01,7.668353915214538574e-01,8.056033253669738770e-01,6.947932243347167969e-01,1.122448682785034180e+00,1.283301472663879395e+00,1.144505739212036133e+00,1.069021224975585938e+00,9.561783671379089355e-01,1.047948479652404785e+00,1.019577980041503906e+00,1.092722654342651367e+00,9.310234785079956055e-01,1.080806493759155273e+00,7.659829854965209961e-01,4.573231041431427002e-01,4.748579561710357666e-01,6.439854502677917480e-01,3.355087339878082275e-01,4.465306699275970459e-01,1.059969544410705566e+00,1.049310326576232910e+00,8.460470438003540039e-01,4.879247248172760010e-01,6.372824907302856445e-01,7.880241274833679199e-01,1.077051997184753418e+00,1.040724873542785645e+00,7.387982606887817383e-01,4.440216124057769775e-01,3.877168297767639160e-01,4.728794693946838379e-01,2.698511779308319092e-01,9.306933730840682983e-02,2.216625362634658813e-01,2.472638785839080811e-01,2.593008279800415039e-01,2.493329644203186035e-01,3.781298995018005371e-01,4.011525809764862061e-01,3.970807790756225586e-01,3.912948966026306152e-01,3.565660417079925537e-01,3.776228129863739014e-01,2.539866268634796143e-01,2.903640270233154297e-01,3.076672255992889404e-01,3.945758044719696045e-01,4.248830974102020264e-01,4.642991721630096436e-01,5.267192125320434570e-01,5.722194314002990723e-01,5.999639034271240234e-01,4.852055907249450684e-01,4.562951624393463135e-01,5.332818627357482910e-01,5.015533566474914551e-01,4.256805181503295898e-01,4.069790542125701904e-01,3.114843070507049561e-01,2.854630351066589355e-01,3.521790802478790283e-01,3.442949056625366211e-01,3.020305931568145752e-01,3.272192478179931641e-01,3.587242662906646729e-01,2.848290503025054932e-01,2.670247852802276611e-01,2.713550627231597900e-01,3.284584581851959229e-01,3.524969816207885742e-01,3.553328812122344971e-01,3.892458081245422363e-01,3.273792862892150879e-01,1.654597222805023193e-01,1.271048635244369507e-01,2.682573497295379639e-01,2.469429075717926025e-01,2.123025059700012207e-01,1.821883320808410645e-01,1.563864052295684814e-01,1.348403692245483398e-01,1.641915738582611084e-01,1.816982477903366089e-01,2.389623671770095825e-01,2.281190305948257446e-01,2.484637796878814697e-01,2.178594470024108887e-01,1.994230896234512329e-01,1.309693157672882080e-01,6.619890779256820679e-02,1.041462346911430359e-01,9.023982286453247070e-02,1.060792356729507446e-01,1.165382340550422668e-01,9.838893264532089233e-02,7.264530658721923828e-02,7.614259421825408936e-02,2.062926767393946648e-03,0.000000000000000000e+00,0.000000000000000000e+00,0.000000000000000000e+00,0.000000000000000000e+00,0.000000000000000000e+00,0.000000000000000000e+00,0.000000000000000000e+00,1.093874871730804443e-02,5.350160063244402409e-04,8.304265886545181274e-02,7.158145308494567871e-02,5.838635191321372986e-02,3.419703617691993713e-02,5.218479782342910767e-02,5.188510939478874207e-02,5.974119901657104492e-02,1.684496998786926270e-01,2.480226755142211914e-01,3.706350028514862061e-01,4.075630605220794678e-01,3.149130046367645264e-01,3.246072530746459961e-01,3.184728622436523438e-01,4.898498356342315674e-01,4.902748763561248779e-01,6.533675789833068848e-01,7.039075493812561035e-01,7.494091987609863281e-01,7.735769748687744141e-01,6.903635263442993164e-01
7.958436965942382812e+00,8.772093772888183594e+00,9.931396484375000000e+00,1.135679721832275391e+01,1.176141357421875000e+01,1.237794208526611328e+01,1.433588981628417969e+01,1.492835807800292969e+01,1.421252727508544922e+01,1.278081512451171875e+01,1.257494926452636719e+01,1.312372970581054688e+01,1.298857879638671875e+01,1.313763904571533203e+01,1.282590866088867188e+01,1.307676410675048828e+01,1.314133262634277344e+01,9.575242996215820312e+00,8.232728958129882812e+00,6.827261447906494141e+00,6.023807048797607422e+00,6.348317623138427734e+00,7.415086746215820312e+00,7.001350879669189453e+00,5.690331459045410156e+00,5.367340564727783203e+00,5.584633827209472656e+00,5.208231925964355469e+00,5.517248630523681641e+00,5.345714569091796875e+00,4.936670780181884766e+00,3.654216527938842773e+00,3.728572368621826172e+00,3.975494146347045898e+00,3.692916154861450195e+00,2.454242467880249023e+00,2.725659608840942383e+00,2.674328327178955078e+00,3.620519638061523438e+00,4.823232650756835938e+00,5.546108722686767578e+00,3.905685424804687500e+00,3.608670711517333984e+00,3.382457733154296875e+00,3.232651233673095703e+00,3.366329193115234375e+00,3.619038343429565430e+00,4.045386791229248047e+00,4.041198253631591797e+00,3.678416728973388672e+00,2.858448028564453125e+00,2.741133928298950195e+00,2.532248735427856445e+00,1.120105981826782227e+00,5.961195826530456543e-01,5.702081322669982910e-01,5.285202860832214355e-01,5.934724807739257812e-01,6.406074166297912598e-01,6.313260197639465332e-01,6.433336138725280762e-01,9.945822358131408691e-01,1.040110707283020020e+00,1.104259490966796875e+00,1.345154285430908203e+00,9.707977175712585449e-01,1.237854003906250000e+00,1.121858716011047363e+00,1.112738132476806641e+00,1.220060706138610840e+00,1.488437414169311523e+00,9.938731193542480469e-01,1.153721690177917480e+00,1.513824105262756348e+00,1.496776103973388672e+00,1.450036048889160156e+00,1.532294988632202148e+00,1.626751303672790527e+00,2.696274757385253906e+00,2.720822334289550781e+00,3.002673864364624023e+00,3.193731307983398438e+00,2.179410934448242188e+00,1.661550045013427734e+00,1.606480002403259277e+00,2.469985008239746094e+00,1.250947356224060059e+00,9.744108915328979492e-01,9.813707470893859863e-01,7.578423619270324707e-01,6.601072549819946289e-01,4.314854443073272705e-01,1.960517168045043945e-01,1.414900720119476318e-01,1.315867751836776733e-01,8.306012302637100220e-02,8.888485282659530640e-02,9.111428260803222656e-02,3.815395534038543701e-01,9.910105913877487183e-02,1.156411468982696533e-01,1.600020676851272583e-01,8.103691786527633667e-02,1.226971670985221863e-01,2.042116224765777588e-01,3.277688324451446533e-01,2.077751159667968750e-01,3.553457558155059814e-01,8.229022622108459473e-01,7.479545474052429199e-01,7.367091774940490723e-01,1.185752391815185547e+00,1.284070491790771484e+00,1.109898328781127930e+00,9.342368245124816895e-01,9.321774840354919434e-01,1.024396419525146484e+00,9.343202710151672363e-01,9.381667375564575195e-01,8.284263014793395996e-01,1.015491724014282227e+00,7.742173075675964355e-01,4.626167416572570801e-01,8.160037547349929810e-02,3.766524195671081543e-01,3.506453931331634521e-01,5.257461071014404297e-01,2.012194246053695679e-01,1.975241750478744507e-01,3.409585654735565186e-01,6.460670232772827148e-01,5.753642320632934570e-01,5.884793400764465332e-01,6.270287632942199707e-01,7.929559946060180664e-01,7.039524912834167480e-01,5.408205986022949219e-01,2.548265755176544189e-01,2.184208184480667114e-01,1.304829120635986328e-01,5.858427658677101135e-02,1.532866656780242920e-01,1.390773206949234009e-01,9.912347793579101562e-02,1.187074854969978333e-01,2.084552645683288574e-01,3.142391145229339600e-01,3.613651990890502930e-01,3.575139343738555908e-01,3.556684553623199463e-01,3.463405370712280273e-01,2.581970095634460449e-01,2.156905084848403931e-01,2.653669118881225586e-01,2.538065910339355469e-01,2.677946388721466064e-01,3.389665484428405762e-01,4.215546548366546631e-01,4.466977119445800781e-01,4.577519595623016357e-01,4.345821738243103027e-01,4.534727632999420166e-01,4.132226407527923584e-01,3.675638437271118164e-01,3.785723447799682617e-01,4.088124632835388184e-01,3.629910349845886230e-01,3.222832679748535156e-01,3.873583078384399414e-01,3.726246356964111328e-01,3.411367237567901611e-01,3.289485275745391846e-01,3.443783819675445557e-01,2.852110564708709717e-01,2.888416647911071777e-01,3.183006644248962402e-01,3.415386974811553955e-01,3.619747161865234375e-01,3.579456508159637451e-01,3.657807707786560059e-01,2.927207052707672119e-01,2.841054201126098633e-01,2.623071074485778809e-01,3.176742196083068848e-01,2.576000690460205078e-01,2.106499820947647095e-01,1.913939118385314941e-01,2.028850317001342773e-01,1.807397007942199707e-01,1.791978925466537476e-01,1.955850571393966675e-01,2.599583268165588379e-01,2.508995234966278076e-01,2.441079318523406982e-01,2.668642401695251465e-01,2.629284262657165527e-01,2.121368348598480225e-01,1.488915979862213135e-01,1.114004775881767273e-01,7.919009029865264893e-02,7.461256533861160278e-02,1.329727172851562500e-01,1.167764067649841309e-01,1.603843830525875092e-02,3.440961614251136780e-02,1.940304599702358246e-02,1.303496770560741425e-02,0.000000000000000000e+00,0.000000000000000000e+00,0.000000000000000000e+00,0.000000000000000000e+00,0.000000000000000000e+00,0.000000000000000000e+00,3.317221533507108688e-03,7.781859952956438065e-03,3.435092046856880188e-02,3.575694188475608826e-02,3.753663226962089539e-02,2.687844820320606232e-02,3.625474497675895691e-02,8.461531251668930054e-03,0.000000000000000000e+00,4.766236525028944016e-03,5.265114828944206238e-02,2.710962295532226562e-01,2.714544534683227539e-01,2.263324707746505737e-01,2.854763567447662354e-01,3.715038001537322998e-01,5.182688236236572266e-01,5.932468175888061523e-01,6.078506708145141602e-01,7.305106520652770996e-01,7.278156876564025879e-01,6.827325224876403809e-01,6.339986920356750488e-01
9.355411529541015625e+00,9.589894294738769531e+00,8.563261985778808594e+00,9.990528106689453125e+00,1.000919055938720703e+01,1.120723915100097656e+01,1.368187046051025391e+01,1.259893321990966797e+01,1.399753379821777344e+01,1.396176338195800781e+01,1.405233192443847656e+01,1.355287456512451172e+01,1.288222694396972656e+01,1.341751766204833984e+01,1.356527423858642578e+01,1.263700294494628906e+01,1.271734523773193359e+01,8.688484191894531250e+00,8.184761047363281250e+00,6.529815196990966797e+00,5.449229717254638672e+00,4.337543964385986328e+00,4.020844936370849609e+00,3.995302200317382812e+00,3.498087406158447266e+00,3.269606351852416992e+00,2.892549753189086914e+00,2.998532772064208984e+00,3.425279378890991211e+00,3.254641294479370117e+00,3.223900556564331055e+00,3.151564359664916992e+00,2.879583835601806641e+00,2.669432163238525391e+00,2.642249822616577148e+00,1.510018587112426758e+00,1.854959249496459961e+00,1.895447492599487305e+00,2.269695281982421875e+00,3.449342012405395508e+00,3.043078899383544922e+00,2.876175642013549805e+00,3.001220941543579102e+00,3.536956071853637695e+00,4.165219783782958984e+00,4.250641822814941406e+00,4.354846477508544922e+00,4.420368194580078125e+00,4.339223384857177734e+00,3.310617923736572266e+00,4.377810478210449219e+00,2.995309829711914062e+00,2.779765844345092773e+00,7.199402451515197754e-01,6.529039740562438965e-01,6.626596450805664062e-01,7.955067157745361328e-01,6.608574986457824707e-01,6.860910058021545410e-01,6.581097245216369629e-01,6.346475481986999512e-01,1.050789356231689453e+00,9.568051099777221680e-01,1.041816949844360352e+00,1.234168052673339844e+00,8.795396089553833008e-01,1.217543125152587891e+00,1.186012625694274902e+00,1.366758942604064941e+00,1.346050143241882324e+00,1.254845738410949707e+00,8.029839396476745605e-01,1.155078768730163574e+00,1.660834670066833496e+00,1.669875264167785645e+00,1.687744975090026855e+00,1.724931955337524414e+00,1.765684127807617188e+00,1.614118695259094238e+00,1.255686283111572266e+00,2.662895441055297852e+00,2.418018341064453125e+00,2.006171226501464844e+00,1.635941982269287109e+00,1.937088489532470703e+00,1.709810376167297363e+00,1.300852537155151367e+00,1.113057613372802734e+00,1.252062320709228516e+00,7.176585197448730469e-01,8.732713460922241211e-01,2.591897547245025635e-01,2.041182667016983032e-01,1.876687109470367432e-01,1.201454252004623413e-01,1.898764520883560181e-01,2.306841313838958740e-01,1.268054395914077759e-01,1.263966560363769531e-01,6.266595423221588135e-02,6.533830612897872925e-02,8.279781788587570190e-02,7.616058737039566040e-02,5.311968177556991577e-02,4.257386550307273865e-02,2.039063125848770142e-01,2.919097840785980225e-01,2.455856353044509888e-01,4.917056262493133545e-01,3.916980326175689697e-01,5.950091481208801270e-01,1.122416257858276367e+00,1.151333570480346680e+00,9.833834171295166016e-01,8.993111252784729004e-01,8.628052473068237305e-01,8.731982111930847168e-01,8.592149615287780762e-01,8.716437220573425293e-01,8.356232643127441406e-01,9.393947720527648926e-01,7.837030291557312012e-01,4.641584455966949463e-01,4.185951352119445801e-01,3.081352710723876953e-01,4.519482851028442383e-01,4.949582517147064209e-01,2.768405377864837646e-01,2.487573623657226562e-01,3.653452098369598389e-01,7.845740914344787598e-01,5.835077762603759766e-01,4.995167255401611328e-01,4.936239719390869141e-01,6.902951598167419434e-01,7.094180583953857422e-01,5.171349644660949707e-01,2.401424944400787354e-01,7.891379296779632568e-02,5.837626382708549500e-02,7.528296858072280884e-02,1.147012859582901001e-01,8.189311623573303223e-02,7.505803555250167847e-02,1.057233288884162903e-01,1.643145829439163208e-01,2.416537851095199585e-01,2.679149806499481201e-01,2.814407348632812500e-01,4.393893182277679443e-01,4.375482499599456787e-01,2.565418183803558350e-01,2.033503949642181396e-01,2.162707149982452393e-01,2.209882289171218872e-01,2.494549602270126343e-01,2.897832989692687988e-01,3.739505410194396973e-01,3.325676321983337402e-01,3.479505777359008789e-01,3.889286220073699951e-01,3.565117418766021729e-01,3.451050221920013428e-01,3.456657528877258301e-01,3.665502071380615234e-01,4.146316647529602051e-01,3.815768361091613770e-01,3.133431375026702881e-01,3.695234358310699463e-01,3.791227638721466064e-01,3.507307469844818115e-01,3.393171131610870361e-01,3.484033942222595215e-01,3.373909592628479004e-01,2.798242568969726562e-01,2.763292491436004639e-01,2.993359267711639404e-01,3.322960138320922852e-01,3.159286975860595703e-01,3.046466112136840820e-01,3.070239722728729248e-01,3.194404542446136475e-01,3.739662468433380127e-01,3.320013284683227539e-01,2.557782232761383057e-01,1.901998221874237061e-01,1.862446069717407227e-01,2.069542407989501953e-01,2.261619567871093750e-01,2.446499168872833252e-01,2.572049200534820557e-01,2.765474915504455566e-01,2.994104921817779541e-01,3.041127920150756836e-01,2.788833081722259521e-01,3.128542900085449219e-01,2.833094000816345215e-01,2.292654961347579956e-01,1.887408643960952759e-01,1.501013487577438354e-01,1.418002098798751831e-01,1.746230274438858032e-01,1.076589971780776978e-01,3.600471094250679016e-02,4.406072944402694702e-02,3.896112088114023209e-03,2.850446326192468405e-04,0.000000000000000000e+00,0.000000000000000000e+00,0.000000000000000000e+00,0.000000000000000000e+00,0.000000000000000000e+00,0.000000000000000000e+00,9.526991052553057671e-04,4.018274135887622833e-03,9.869345230981707573e-04,1.085057854652404785e-02,7.984442636370658875e-03,7.390036247670650482e-03,6.031001918017864227e-03,0.000000000000000000e+00,0.000000000000000000e+00,0.000000000000000000e+00,0.000000000000000000e+00,7.217676937580108643e-02,9.781805425882339478e-02,5.438430607318878174e-02,1.310997456312179565e-01,2.696289718151092529e-01,2.018817216157913208e-01,4.983372688293457031e-01,4.362964928150177002e-01,5.699242353439331055e-01,6.892003417015075684e-01,6.660410761833190918e-01,5.904479026794433594e-01
9.870553016662597656e+00,9.734622955322265625e+00,8.741076469421386719e+00,9.817742347717285156e+00,1.019127559661865234e+01,1.139480686187744141e+01,1.325744247436523438e+01,1.268805408477783203e+01,1.433386707305908203e+01,1.420043563842773438e+01,1.442824363708496094e+01,1.436917686462402344e+01,1.416385364532470703e+01,1.284496212005615234e+01,1.310482692718505859e+01,1.207542991638183594e+01,1.275375175476074219e+01,9.395129203796386719e+00,8.119645118713378906e+00,6.187913894653320312e+00,5.070068836212158203e+00,4.312160491943359375e+00,3.751366376876831055e+00,3.487210512161254883e+00,3.086549520492553711e+00,3.034462451934814453e+00,2.802714824676513672e+00,2.428729772567749023e+00,3.027696132659912109e+00,2.891428470611572266e+00,3.032736301422119141e+00,2.951699972152709961e+00,3.271719217300415039e+00,2.783104181289672852e+00,2.695768833160400391e+00,1.739437699317932129e+00,1.725675821304321289e+00,1.668733835220336914e+00,2.392590045928955078e+00,2.347522258758544922e+00,2.892881155014038086e+00,3.198620319366455078e+00,3.295645236968994141e+00,3.328136682510375977e+00,4.639146327972412109e+00,4.330244541168212891e+00,4.208951473236083984e+00,4.725912094116210938e+00,4.745262622833251953e+00,3.660073041915893555e+00,4.058504581451416016e+00,3.216627120971679688e+00,2.909796237945556641e+00,7.430114150047302246e-01,6.679342985153198242e-01,7.308583855628967285e-01,8.721461892127990723e-01,7.247174978256225586e-01,7.154575586318969727e-01,6.956054568290710449e-01,6.695962548255920410e-01,1.058339953422546387e+00,9.601009488105773926e-01,1.052777409553527832e+00,1.217778921127319336e+00,1.045211791992187500e+00,1.074661135673522949e+00,1.178516626358032227e+00,1.404853343963623047e+00,1.343237996101379395e+00,1.271448850631713867e+00,8.154384493827819824e-01,1.176443696022033691e+00,1.665843605995178223e+00,1.677215456962585449e+00,1.679413318634033203e+00,1.735347151756286621e+00,1.733105897903442383e+00,2.911989688873291016e+00,1.277333021163940430e+00,1.303615808486938477e+00,1.043077826499938965e+00,1.839377641677856445e+00,1.362631559371948242e+00,1.415797472000122070e+00,1.382101535797119141e+00,9.762093424797058105e-01,1.078085899353027344e+00,8.330581188201904297e-01,3.331304788589477539e-01,3.695427477359771729e-01,2.555757761001586914e-01,1.828656792640686035e-01,2.232904285192489624e-01,1.745377033948898315e-01,1.921588033437728882e-01,2.046419531106948853e-01,7.975137978792190552e-02,7.216245681047439575e-02,2.521618083119392395e-02,3.411434963345527649e-02,4.093138501048088074e-02,3.466228768229484558e-02,3.494304791092872620e-02,3.118874877691268921e-02,1.925525665283203125e-01,2.784799933433532715e-01,2.242875993251800537e-01,3.981827795505523682e-01,4.828894436359405518e-01,6.335518956184387207e-01,9.904304146766662598e-01,9.942508935928344727e-01,8.516606092453002930e-01,7.791456580162048340e-01,7.887101173400878906e-01,8.231303095817565918e-01,7.406926155090332031e-01,8.451250791549682617e-01,7.447385191917419434e-01,6.613566279411315918e-01,7.657345533370971680e-01,5.718732476234436035e-01,4.571878612041473389e-01,3.611232340335845947e-01,3.810156285762786865e-01,4.030025601387023926e-01,3.435248136520385742e-01,4.339719116687774658e-01,5.409855246543884277e-01,7.451388835906982422e-01,6.421195864677429199e-01,6.058708429336547852e-01,6.738926768302917480e-01,7.970581054687500000e-01,7.679331302642822266e-01,5.633899569511413574e-01,2.236846536397933960e-01,5.862445011734962463e-02,2.340487018227577209e-02,9.999281913042068481e-02,6.726868450641632080e-02,6.008863821625709534e-02,9.112705290317535400e-02,1.790713667869567871e-01,1.883081346750259399e-01,2.867840826511383057e-01,3.528568744659423828e-01,3.687227368354797363e-01,4.771904945373535156e-01,3.378141820430755615e-01,2.005950212478637695e-01,1.768795996904373169e-01,1.538134217262268066e-01,1.557403951883316040e-01,1.984296292066574097e-01,2.425100058317184448e-01,2.986588776111602783e-01,2.833713293075561523e-01,2.828483283519744873e-01,2.832042276859283447e-01,2.913056313991546631e-01,3.146718740463256836e-01,3.323715031147003174e-01,3.681463897228240967e-01,3.894335627555847168e-01,3.854951262474060059e-01,3.400526046752929688e-01,3.520137369632720947e-01,3.439932763576507568e-01,3.261461257934570312e-01,3.239198625087738037e-01,3.409745991230010986e-01,3.679407238960266113e-01,2.564235925674438477e-01,2.527185976505279541e-01,2.972805202007293701e-01,3.267980813980102539e-01,3.676283657550811768e-01,3.798911869525909424e-01,3.869495987892150879e-01,4.038137793540954590e-01,4.090525209903717041e-01,3.376750946044921875e-01,2.310071885585784912e-01,1.683221012353897095e-01,1.439592689275741577e-01,1.921307146549224854e-01,2.261934429407119751e-01,2.917680740356445312e-01,3.107697665691375732e-01,2.754134237766265869e-01,2.742572128772735596e-01,3.066642880439758301e-01,3.336655199527740479e-01,3.240621685981750488e-01,3.287742435932159424e-01,2.878806591033935547e-01,2.537677288055419922e-01,2.059325277805328369e-01,1.938867419958114624e-01,1.875662505626678467e-01,1.030115112662315369e-01,4.887279868125915527e-02,4.144320264458656311e-02,5.515895318239927292e-04,0.000000000000000000e+00,0.000000000000000000e+00,0.000000000000000000e+00,0.000000000000000000e+00,0.000000000000000000e+00,0.000000000000000000e+00,0.000000000000000000e+00,0.000000000000000000e+00,0.000000000000000000e+00,0.000000000000000000e+00,0.000000000000000000e+00,0.000000000000000000e+00,0.000000000000000000e+00,0.000000000000000000e+00,0.000000000000000000e+00,0.000000000000000000e+00,0.000000000000000000e+00,0.000000000000000000e+00,5.989133566617965698e-02,0.000000000000000000e+00,0.000000000000000000e+00,5.376122146844863892e-02,1.496076732873916626e-01,2.199430316686630249e-01,3.584128618240356445e-01,4.695812761783599854e-01,4.741470813751220703e-01,5.029793381690979004e-01,5.696507096290588379e-01,5.877975225448608398e-01
1.066032600402832031e+01,1.069919300079345703e+01,1.073936176300048828e+01,1.075576114654541016e+01,1.105477523803710938e+01,1.206230831146240234e+01,1.456494903564453125e+01,1.363182640075683594e+01,1.595793342590332031e+01,1.726491355895996094e+01,1.742666625976562500e+01,1.755506515502929688e+01,1.575420188903808594e+01,1.582290840148925781e+01,1.337658119201660156e+01,1.191726112365722656e+01,1.248847961425781250e+01,8.260115623474121094e+00,6.978897571563720703e+00,4.734864711761474609e+00,4.598512649536132812e+00,3.645760536193847656e+00,3.775228023529052734e+00,3.383447408676147461e+00,3.066096305847167969e+00,2.163186550140380859e+00,2.108490943908691406e+00,1.731237053871154785e+00,3.119177341461181641e+00,2.830264806747436523e+00,2.116629362106323242e+00,1.954256892204284668e+00,1.869864106178283691e+00,1.902117252349853516e+00,1.731524109840393066e+00,1.314950346946716309e+00,1.104008555412292480e+00,1.163808703422546387e+00,1.523845314979553223e+00,1.831940054893493652e+00,2.251721858978271484e+00,3.157333612442016602e+00,2.969317913055419922e+00,3.221940755844116211e+00,4.579265117645263672e+00,4.159871101379394531e+00,4.622208118438720703e+00,4.611886501312255859e+00,4.756981849670410156e+00,4.323192596435546875e+00,3.556685924530029297e+00,3.043855667114257812e+00,2.482289552688598633e+00,1.809587240219116211e+00,7.418605685234069824e-01,8.280165195465087891e-01,8.437333106994628906e-01,9.198121428489685059e-01,9.459345340728759766e-01,9.044848084449768066e-01,8.519391417503356934e-01,8.243646025657653809e-01,8.660635352134704590e-01,9.543380141258239746e-01,9.556396603584289551e-01,8.069340586662292480e-01,1.020830631256103516e+00,1.424952149391174316e+00,1.420024275779724121e+00,1.659799337387084961e+00,1.677904844284057617e+00,1.087906837463378906e+00,1.240926504135131836e+00,1.870005488395690918e+00,1.880497574806213379e+00,1.775528311729431152e+00,1.627611041069030762e+00,1.633080005645751953e+00,1.452236413955688477e+00,1.206589460372924805e+00,1.196342587471008301e+00,1.141007065773010254e+00,9.430708885192871094e-01,7.759436964988708496e-01,1.292297720909118652e+00,1.079834222793579102e+00,1.248231291770935059e+00,6.931496858596801758e-01,5.156989693641662598e-01,3.693542778491973877e-01,4.052462875843048096e-01,4.133066236972808838e-01,4.664734303951263428e-01,4.944558739662170410e-01,5.259729027748107910e-01,3.534712791442871094e-01,3.720039725303649902e-01,2.362956553697586060e-01,2.865158021450042725e-02,1.554557587951421738e-02,2.093307673931121826e-02,3.977183252573013306e-03,3.641004115343093872e-02,2.908957004547119141e-02,0.000000000000000000e+00,1.020073238760232925e-02,1.419826000928878784e-01,2.605511248111724854e-01,7.417345046997070312e-01,3.460902571678161621e-01,9.880080223083496094e-01,9.201728701591491699e-01,8.630386590957641602e-01,6.675634384155273438e-01,6.948760151863098145e-01,7.099710702896118164e-01,7.806138992309570312e-01,6.173769831657409668e-01,6.389016509056091309e-01,6.925627589225769043e-01,7.110704779624938965e-01,6.059011220932006836e-01,3.763129413127899170e-01,3.472863137722015381e-01,3.626159429550170898e-01,2.740763723850250244e-01,3.399033546447753906e-01,4.652630686759948730e-01,6.906641721725463867e-01,9.074161648750305176e-01,7.600988149642944336e-01,6.967233419418334961e-01,7.899219393730163574e-01,8.408960103988647461e-01,7.921308279037475586e-01,7.262746691703796387e-01,3.955572545528411865e-01,6.193071976304054260e-02,1.240009069442749023e-02,1.995705813169479370e-02,2.754624746739864349e-02,1.036293804645538330e-01,1.209569275379180908e-01,1.322527378797531128e-01,1.827444732189178467e-01,1.637905091047286987e-01,2.252632230520248413e-01,3.877740800380706787e-01,3.717213571071624756e-01,3.748791217803955078e-01,2.475013136863708496e-01,1.624495983123779297e-01,1.228927299380302429e-01,1.117792129516601562e-01,8.212039619684219360e-02,6.433354318141937256e-02,8.851464837789535522e-02,2.418698966503143311e-01,2.811702191829681396e-01,2.635104060173034668e-01,2.560672760009765625e-01,3.184616863727569580e-01,3.687594532966613770e-01,3.606829345226287842e-01,3.470971584320068359e-01,3.537098765373229980e-01,3.648923933506011963e-01,3.619321286678314209e-01,3.544966876506805420e-01,3.344565927982330322e-01,2.642818391323089600e-01,2.539191246032714844e-01,2.844280600547790527e-01,3.506349623203277588e-01,3.017027676105499268e-01,2.996595501899719238e-01,2.578322887420654297e-01,2.392051666975021362e-01,3.264658749103546143e-01,4.210695624351501465e-01,4.439993202686309814e-01,4.554502367973327637e-01,4.496124088764190674e-01,3.837231099605560303e-01,2.850418984889984131e-01,2.862786054611206055e-01,2.696256935596466064e-01,2.757145166397094727e-01,2.742028832435607910e-01,3.199394643306732178e-01,3.413022160530090332e-01,3.130553662776947021e-01,3.177013397216796875e-01,2.958883345127105713e-01,3.092891871929168701e-01,3.130944669246673584e-01,2.969868183135986328e-01,2.639545202255249023e-01,2.576249837875366211e-01,2.051379084587097168e-01,1.751588284969329834e-01,1.230291202664375305e-01,3.400756418704986572e-02,2.181218378245830536e-02,1.237494312226772308e-02,0.000000000000000000e+00,0.000000000000000000e+00,0.000000000000000000e+00,0.000000000000000000e+00,0.000000000000000000e+00,0.000000000000000000e+00,0.000000000000000000e+00,0.000000000000000000e+00,0.000000000000000000e+00,0.000000000000000000e+00,0.000000000000000000e+00,0.000000000000000000e+00,0.000000000000000000e+00,0.000000000000000000e+00,0.000000000000000000e+00,0.000000000000000000e+00,0.000000000000000000e+00,0.000000000000000000e+00,0.000000000000000000e+00,5.763411149382591248e-02,0.000000000000000000e+00,0.000000000000000000e+00,2.382240782026201487e-04,9.211812168359756470e-02,1.812207549810409546e-01,2.888381779193878174e-01,4.104422032833099365e-01,5.168645381927490234e-01,4.767628014087677002e-01,4.834190309047698975e-01,5.194867253303527832e-01
1.088131809234619141e+01,1.077076530456542969e+01,1.100073909759521484e+01,1.160311031341552734e+01,1.215886974334716797e+01,1.288059997558593750e+01,1.551247310638427734e+01,1.471933650970458984e+01,1.634641647338867188e+01,1.914322280883789062e+01,1.797784996032714844e+01,2.169887161254882812e+01,1.829594039916992188e+01,1.852333450317382812e+01,1.460059833526611328e+01,1.172685909271240234e+01,1.114175987243652344e+01,7.936359405517578125e+00,5.945380210876464844e+00,4.652019977569580078e+00,4.705458641052246094e+00,4.872354030609130859e+00,4.583916187286376953e+00,4.248982906341552734e+00,3.558624029159545898e+00,2.484949588775634766e+00,2.281568050384521484e+00,1.992753505706787109e+00,1.186887621879577637e+00,1.187700867652893066e+00,1.274324893951416016e+00,1.627773046493530273e+00,1.458862185478210449e+00,1.085554242134094238e+00,7.390168309211730957e-01,6.192010045051574707e-01,5.601365566253662109e-01,4.619990885257720947e-01,5.720301270484924316e-01,8.445090055465698242e-01,1.618578195571899414e+00,2.399010896682739258e+00,2.698590517044067383e+00,2.618464231491088867e+00,4.074636936187744141e+00,3.454267024993896484e+00,4.548843383789062500e+00,4.744730472564697266e+00,4.627950191497802734e+00,3.784050941467285156e+00,3.653479337692260742e+00,2.957805633544921875e+00,2.700137853622436523e+00,2.045798778533935547e+00,1.418463706970214844e+00,8.131363391876220703e-01,7.671880125999450684e-01,8.483473658561706543e-01,8.299096822738647461e-01,7.882819771766662598e-01,8.194006085395812988e-01,8.158248066902160645e-01,8.880704045295715332e-01,8.391412496566772461e-01,8.524172306060791016e-01,8.405575752258300781e-01,1.395504713058471680e+00,1.588719606399536133e+00,1.638802647590637207e+00,1.944467782974243164e+00,1.063768863677978516e+00,7.294576168060302734e-01,8.252149224281311035e-01,1.142364263534545898e+00,1.109635233879089355e+00,1.497708916664123535e+00,1.455419182777404785e+00,1.466084241867065430e+00,1.189277172088623047e+00,1.020112633705139160e+00,1.078659653663635254e+00,1.003468036651611328e+00,7.352616786956787109e-01,6.954438686370849609e-01,7.036209702491760254e-01,6.856554150581359863e-01,8.013163208961486816e-01,6.704177856445312500e-01,5.789989829063415527e-01,5.746137499809265137e-01,6.029859185218811035e-01,7.263291478157043457e-01,7.341686487197875977e-01,7.576130032539367676e-01,8.306123614311218262e-01,5.116268396377563477e-01,5.504714846611022949e-01,1.766966879367828369e-01,1.065811607986688614e-03,0.000000000000000000e+00,0.000000000000000000e+00,0.000000000000000000e+00,0.000000000000000000e+00,0.000000000000000000e+00,0.000000000000000000e+00,0.000000000000000000e+00,5.016735289245843887e-03,1.496496610343456268e-02,2.161573022603988647e-01,1.251783221960067749e-01,6.020923852920532227e-01,5.380365252494812012e-01,4.790744185447692871e-01,2.326029241085052490e-01,4.201144874095916748e-01,5.717899203300476074e-01,6.834529638290405273e-01,5.278601050376892090e-01,5.839235186576843262e-01,6.242321729660034180e-01,6.153452396392822266e-01,4.529529809951782227e-01,3.375629782676696777e-01,3.481037914752960205e-01,3.690018057823181152e-01,3.507967591285705566e-01,3.798356354236602783e-01,2.941580116748809814e-01,4.809632003307342529e-01,7.668346762657165527e-01,8.157628178596496582e-01,6.033560037612915039e-01,7.814089059829711914e-01,7.933685779571533203e-01,7.265597581863403320e-01,6.004794239997863770e-01,4.421379268169403076e-01,7.120370864868164062e-02,3.267659619450569153e-02,4.188200458884239197e-02,8.197169750928878784e-02,1.986556798219680786e-01,2.033645063638687134e-01,1.934934854507446289e-01,1.774328500032424927e-01,1.527003794908523560e-01,2.278537154197692871e-01,3.510335385799407959e-01,3.379348814487457275e-01,3.620447218418121338e-01,2.524446845054626465e-01,1.384369581937789917e-01,8.099311590194702148e-02,3.711445257067680359e-02,2.671124599874019623e-02,2.283785119652748108e-02,8.534662425518035889e-02,2.548398375511169434e-01,3.041633665561676025e-01,3.797048628330230713e-01,3.498082160949707031e-01,3.807900846004486084e-01,3.733550608158111572e-01,3.838926553726196289e-01,3.661791682243347168e-01,3.497208356857299805e-01,3.783960342407226562e-01,3.940817117691040039e-01,3.787525892257690430e-01,3.767072558403015137e-01,2.651335299015045166e-01,2.617782056331634521e-01,2.834683954715728760e-01,2.625717520713806152e-01,2.651589810848236084e-01,3.232488930225372314e-01,3.051483035087585449e-01,3.005614876747131348e-01,3.576473295688629150e-01,4.417088031768798828e-01,4.450419545173645020e-01,4.665313959121704102e-01,4.253557026386260986e-01,3.500646650791168213e-01,2.822146117687225342e-01,2.735868394374847412e-01,2.954414486885070801e-01,3.175542652606964111e-01,3.159295916557312012e-01,3.254197835922241211e-01,3.224149346351623535e-01,3.089126646518707275e-01,2.924847006797790527e-01,2.911895811557769775e-01,3.001750409603118896e-01,3.062402606010437012e-01,2.899508476257324219e-01,2.618890702724456787e-01,2.469734996557235718e-01,1.762876957654953003e-01,1.213210150599479675e-01,1.047665476799011230e-01,4.951703548431396484e-02,3.331183642148971558e-02,8.325837552547454834e-03,0.000000000000000000e+00,0.000000000000000000e+00,0.000000000000000000e+00,0.000000000000000000e+00,0.000000000000000000e+00,0.000000000000000000e+00,1.063609961420297623e-02,0.000000000000000000e+00,0.000000000000000000e+00,0.000000000000000000e+00,0.000000000000000000e+00,0.000000000000000000e+00,0.000000000000000000e+00,0.000000000000000000e+00,0.000000000000000000e+00,7.386852987110614777e-03,0.000000000000000000e+00,0.000000000000000000e+00,0.000000000000000000e+00,4.226973280310630798e-03,0.000000000000000000e+00,0.000000000000000000e+00,0.000000000000000000e+00,3.981213271617889404e-02,1.518042981624603271e-01,2.435477524995803833e-01,3.946306705474853516e-01,4.067428708076477051e-01,4.054828584194183350e-01,3.662732839584350586e-01,4.532769024372100830e-01
1.112780380249023438e+01,1.194392585754394531e+01,1.225059604644775391e+01,1.208215999603271484e+01,1.230300045013427734e+01,1.258009910583496094e+01,1.433273410797119141e+01,1.397183513641357422e+01,1.553697013854980469e+01,1.874174118041992188e+01,1.772878265380859375e+01,2.098985290527343750e+01,1.567117881774902344e+01,1.509765625000000000e+01,1.296848869323730469e+01,1.173735427856445312e+01,1.015949821472167969e+01,5.955508232116699219e+00,4.523052215576171875e+00,4.557013034820556641e+00,4.651600837707519531e+00,4.492713451385498047e+00,4.478983879089355469e+00,4.149886131286621094e+00,2.952558040618896484e+00,2.006538629531860352e+00,1.952862501144409180e+00,1.736191511154174805e+00,1.001919507980346680e+00,9.232696890830993652e-01,1.063431382179260254e+00,1.393607378005981445e+00,1.317159771919250488e+00,9.722129106521606445e-01,7.882670760154724121e-01,3.078836202621459961e-01,3.167992234230041504e-01,2.656889855861663818e-01,3.284228146076202393e-01,5.867175459861755371e-01,1.101917624473571777e+00,1.806790232658386230e+00,2.217850208282470703e+00,2.368693590164184570e+00,3.945106029510498047e+00,4.160768985748291016e+00,5.704325675964355469e+00,4.936883926391601562e+00,4.392337799072265625e+00,3.043775796890258789e+00,2.522747039794921875e+00,2.702191114425659180e+00,3.148267269134521484e+00,2.205672979354858398e+00,1.487306952476501465e+00,8.200953602790832520e-01,1.521627426147460938e+00,8.618530631065368652e-01,8.686019778251647949e-01,8.445253968238830566e-01,8.383424282073974609e-01,8.243411779403686523e-01,8.902078270912170410e-01,8.709913492202758789e-01,8.968000411987304688e-01,8.949002027511596680e-01,1.380311369895935059e+00,1.627466917037963867e+00,1.773871541023254395e+00,2.016184329986572266e+00,1.134915471076965332e+00,7.215777635574340820e-01,8.763085007667541504e-01,1.178311467170715332e+00,1.141106009483337402e+00,1.554591894149780273e+00,1.446335554122924805e+00,1.448545932769775391e+00,1.101215362548828125e+00,9.559760689735412598e-01,1.119714736938476562e+00,1.107178688049316406e+00,8.255901932716369629e-01,7.521063685417175293e-01,7.149099111557006836e-01,7.501015067100524902e-01,7.978958487510681152e-01,6.777058839797973633e-01,6.223466396331787109e-01,5.676122903823852539e-01,5.946401953697204590e-01,7.106942534446716309e-01,7.158678770065307617e-01,7.334819436073303223e-01,8.080651760101318359e-01,4.850374162197113037e-01,5.189381241798400879e-01,1.488867700099945068e-01,0.000000000000000000e+00,0.000000000000000000e+00,0.000000000000000000e+00,0.000000000000000000e+00,0.000000000000000000e+00,0.000000000000000000e+00,0.000000000000000000e+00,0.000000000000000000e+00,0.000000000000000000e+00,1.242933608591556549e-02,1.704726219177246094e-01,1.688362099230289459e-02,4.782347977161407471e-01,7.474623918533325195e-01,5.989956259727478027e-01,2.803694643080234528e-02,1.173826307058334351e-02,2.310841083526611328e-01,3.305881321430206299e-01,5.357611775398254395e-01,6.855790615081787109e-01,9.567993879318237305e-01,7.259933352470397949e-01,3.923953771591186523e-01,1.291383355855941772e-01,1.198190152645111084e-01,1.452219039201736450e-01,1.448662579059600830e-01,1.412885338068008423e-01,2.039527446031570435e-01,6.380985379219055176e-01,6.631927490234375000e-01,5.407260060310363770e-01,6.828609108924865723e-01,7.183997631072998047e-01,5.975307226181030273e-01,5.797352790832519531e-01,4.585309326648712158e-01,2.885626256465911865e-01,2.601617760956287384e-02,2.018708921968936920e-02,5.454799532890319824e-02,8.532544970512390137e-02,1.420380175113677979e-01,1.657557636499404907e-01,2.736282348632812500e-01,2.270617485046386719e-01,2.226005345582962036e-01,3.098406493663787842e-01,3.730109632015228271e-01,3.664854466915130615e-01,3.216080069541931152e-01,3.233868181705474854e-01,2.942928485572338104e-02,4.617361701093614101e-04,0.000000000000000000e+00,7.430243492126464844e-02,7.147464156150817871e-02,1.780288964509963989e-01,2.272149771451950073e-01,2.779539227485656738e-01,3.766649961471557617e-01,3.796960711479187012e-01,3.699135482311248779e-01,3.604232370853424072e-01,3.618207275867462158e-01,3.497569859027862549e-01,3.789739310741424561e-01,4.014258086681365967e-01,3.172882497310638428e-01,2.929739952087402344e-01,2.762342989444732666e-01,2.226124703884124756e-01,2.821677923202514648e-01,3.099652826786041260e-01,3.054753243923187256e-01,3.007412254810333252e-01,2.928433418273925781e-01,2.637344300746917725e-01,2.946786880493164062e-01,3.641577363014221191e-01,4.148105382919311523e-01,4.033773243427276611e-01,4.256118535995483398e-01,3.884707689285278320e-01,2.824341356754302979e-01,2.682087421417236328e-01,2.469097077846527100e-01,3.069502115249633789e-01,3.108414411544799805e-01,3.069902062416076660e-01,3.081561028957366943e-01,2.998045980930328369e-01,2.933835387229919434e-01,2.938595712184906006e-01,2.763238251209259033e-01,2.834817171096801758e-01,3.062829077243804932e-01,3.266087174415588379e-01,3.273465335369110107e-01,2.917054891586303711e-01,2.141089886426925659e-01,9.419337660074234009e-02,7.345839589834213257e-02,0.000000000000000000e+00,3.501672064885497093e-03,6.872352678328752518e-03,0.000000000000000000e+00,0.000000000000000000e+00,5.730679258704185486e-03,1.607239712029695511e-03,0.000000000000000000e+00,0.000000000000000000e+00,4.944697394967079163e-02,1.401328016072511673e-03,0.000000000000000000e+00,0.000000000000000000e+00,0.000000000000000000e+00,0.000000000000000000e+00,1.548616914078593254e-03,1.549465581774711609e-03,1.839610515162348747e-03,8.555836975574493408e-04,0.000000000000000000e+00,0.000000000000000000e+00,0.000000000000000000e+00,7.142929243855178356e-04,1.598033122718334198e-02,0.000000000000000000e+00,0.000000000000000000e+00,4.663801193237304688e-02,2.128934711217880249e-01,3.296776115894317627e-01,4.621914625167846680e-01,4.242963194847106934e-01,4.059935212135314941e-01,3.445011079311370850e-01,3.893765211105346680e-01
1.040330886840820312e+01,1.318482780456542969e+01,1.253882789611816406e+01,1.138878822326660156e+01,1.150908565521240234e+01,1.131985855102539062e+01,1.286479949951171875e+01,1.330858230590820312e+01,1.612989997863769531e+01,1.792025947570800781e+01,1.767011260986328125e+01,1.616824340820312500e+01,1.230046844482421875e+01,1.168029499053955078e+01,9.526822090148925781e+00,8.510661125183105469e+00,7.019913673400878906e+00,5.339411258697509766e+00,5.169604301452636719e+00,4.690278530120849609e+00,4.822524070739746094e+00,4.094653129577636719e+00,3.740995407104492188e+00,3.697171926498413086e+00,2.827121019363403320e+00,1.960094809532165527e+00,1.865123271942138672e+00,1.389622926712036133e+00,1.005667686462402344e+00,1.002565741539001465e+00,9.247960448265075684e-01,6.654826998710632324e-01,6.602749824523925781e-01,8.492974638938903809e-01,7.854356169700622559e-01,2.374687343835830688e-01,2.379534393548965454e-01,1.997149884700775146e-01,3.111722767353057861e-01,3.092628717422485352e-01,5.145964026451110840e-01,1.046272277832031250e+00,1.195452094078063965e+00,2.314939737319946289e+00,3.171611547470092773e+00,3.115900039672851562e+00,4.475233554840087891e+00,5.235605239868164062e+00,3.895236492156982422e+00,2.793683052062988281e+00,2.531582832336425781e+00,3.456678867340087891e+00,3.461977005004882812e+00,2.509453773498535156e+00,2.247630834579467773e+00,2.004002809524536133e+00,1.961534857749938965e+00,1.739503026008605957e+00,9.166745543479919434e-01,7.577517032623291016e-01,8.412278890609741211e-01,7.886283993721008301e-01,9.676885604858398438e-01,6.137038469314575195e-01,6.466537714004516602e-01,7.689077854156494141e-01,1.330218791961669922e+00,1.030300140380859375e+00,1.049562692642211914e+00,1.787600994110107422e+00,1.403788089752197266e+00,9.110963940620422363e-01,6.256798505783081055e-01,8.643274903297424316e-01,8.443827629089355469e-01,1.160084128379821777e+00,1.220403194427490234e+00,1.275553226470947266e+00,1.093767285346984863e+00,7.439498305320739746e-01,9.201868772506713867e-01,7.550747990608215332e-01,6.789022088050842285e-01,7.271378040313720703e-01,7.404904365539550781e-01,6.482010483741760254e-01,5.219308137893676758e-01,5.163084864616394043e-01,5.709679722785949707e-01,5.195024609565734863e-01,5.129757523536682129e-01,6.797739863395690918e-01,1.073015928268432617e+00,1.088180303573608398e+00,1.165975570678710938e+00,6.249785423278808594e-01,6.449685096740722656e-01,9.317713230848312378e-02,0.000000000000000000e+00,0.000000000000000000e+00,0.000000000000000000e+00,0.000000000000000000e+00,0.000000000000000000e+00,0.000000000000000000e+00,0.000000000000000000e+00,0.000000000000000000e+00,0.000000000000000000e+00,0.000000000000000000e+00,6.735350191593170166e-02,0.000000000000000000e+00,1.233239844441413879e-01,3.042914867401123047e-01,3.973377943038940430e-01,1.187399625778198242e-01,0.000000000000000000e+00,1.130222976207733154e-01,1.990516632795333862e-01,4.675120413303375244e-01,6.091526746749877930e-01,8.437513113021850586e-01,8.885307312011718750e-01,5.196551680564880371e-01,4.169214516878128052e-02,9.856418520212173462e-02,1.664183288812637329e-01,8.035200834274291992e-02,1.015585958957672119e-01,1.197315081954002380e-01,3.841406106948852539e-01,4.097943007946014404e-01,1.895115673542022705e-01,6.141905188560485840e-01,5.933920145034790039e-01,5.549933314323425293e-01,5.176715254783630371e-01,4.028432071208953857e-01,1.488234102725982666e-01,4.866913333535194397e-02,7.835560478270053864e-03,5.598768591880798340e-02,7.740579545497894287e-02,8.579861372709274292e-02,1.362713575363159180e-01,3.655945360660552979e-01,3.496660888195037842e-01,3.917323946952819824e-01,4.591574966907501221e-01,4.140154421329498291e-01,3.020878136157989502e-01,2.012619376182556152e-01,1.315476596355438232e-01,1.571908965706825256e-02,3.617449197918176651e-03,1.798913814127445221e-03,1.054469496011734009e-01,8.231871575117111206e-02,1.813452690839767456e-01,2.100230604410171509e-01,2.893470227718353271e-01,2.926477193832397461e-01,2.290361672639846802e-01,3.081391155719757080e-01,3.520989716053009033e-01,2.931755483150482178e-01,2.938803732395172119e-01,3.086099028587341309e-01,2.991660833358764648e-01,2.183084189891815186e-01,2.133717089891433716e-01,2.288885712623596191e-01,2.878547906875610352e-01,3.517666459083557129e-01,3.591029942035675049e-01,3.636783659458160400e-01,3.276414275169372559e-01,2.930660247802734375e-01,2.543319463729858398e-01,3.151036202907562256e-01,4.030903875827789307e-01,4.566591978073120117e-01,3.975755572319030762e-01,3.679661452770233154e-01,3.202879130840301514e-01,2.747589945793151855e-01,2.587136328220367432e-01,2.839568853378295898e-01,3.410225212574005127e-01,3.185923397541046143e-01,3.170241117477416992e-01,3.030593395233154297e-01,3.141907751560211182e-01,3.041930794715881348e-01,3.228927850723266602e-01,3.114176690578460693e-01,3.538716733455657959e-01,3.685298562049865723e-01,3.612725734710693359e-01,3.362671136856079102e-01,3.217499554157257080e-01,2.402329295873641968e-01,9.168378263711929321e-02,2.430846542119979858e-02,0.000000000000000000e+00,0.000000000000000000e+00,0.000000000000000000e+00,0.000000000000000000e+00,0.000000000000000000e+00,1.471748389303684235e-02,1.608399488031864166e-02,2.359311655163764954e-02,1.613081619143486023e-02,1.237962767481803894e-02,0.000000000000000000e+00,0.000000000000000000e+00,3.784683998674154282e-03,0.000000000000000000e+00,0.000000000000000000e+00,3.970796242356300354e-03,0.000000000000000000e+00,0.000000000000000000e+00,3.483594628050923347e-03,0.000000000000000000e+00,0.000000000000000000e+00,1.121231936849653721e-03,3.229545056819915771e-02,2.439014613628387451e-02,7.638262468390166759e-04,6.924031674861907959e-02,1.697830557823181152e-01,2.914284765720367432e-01,3.245887160301208496e-01,4.401205480098724365e-01,3.796814680099487305e-01,3.907451927661895752e-01,3.281246125698089600e-01,3.503078818321228027e-01
1.064980220794677734e+01,1.101790523529052734e+01,1.090984153747558594e+01,1.057887554168701172e+01,9.164371490478515625e+00,9.123910903930664062e+00,1.167292213439941406e+01,1.172462463378906250e+01,1.437552928924560547e+01,1.495754909515380859e+01,1.413781833648681641e+01,1.379403018951416016e+01,1.038872718811035156e+01,9.587512969970703125e+00,7.341530799865722656e+00,7.230461597442626953e+00,6.477078914642333984e+00,4.697556972503662109e+00,4.417788028717041016e+00,4.734351634979248047e+00,4.582972526550292969e+00,4.248081207275390625e+00,3.382736444473266602e+00,3.048806428909301758e+00,2.115965843200683594e+00,1.628664731979370117e+00,1.584641337394714355e+00,1.355920910835266113e+00,1.153547525405883789e+00,1.030176639556884766e+00,9.702524542808532715e-01,1.147576332092285156e+00,1.103472590446472168e+00,7.097035050392150879e-01,1.430771946907043457e+00,1.049857258796691895e+00,1.028821229934692383e+00,6.525420546531677246e-01,5.821382999420166016e-01,2.813015282154083252e-01,3.028092682361602783e-01,4.196482002735137939e-01,8.405777215957641602e-01,1.915402173995971680e+00,2.891753911972045898e+00,3.138762712478637695e+00,4.019715309143066406e+00,4.273905754089355469e+00,3.372098684310913086e+00,3.313431739807128906e+00,3.055393695831298828e+00,3.069905996322631836e+00,3.100221157073974609e+00,2.809195756912231445e+00,2.887793779373168945e+00,2.316910982131958008e+00,2.412874460220336914e+00,2.142402172088623047e+00,9.870968461036682129e-01,9.812059402465820312e-01,7.300807833671569824e-01,7.262193560600280762e-01,4.916104972362518311e-01,3.809386789798736572e-01,4.068988561630249023e-01,3.781135678291320801e-01,8.534682989120483398e-01,1.344399213790893555e+00,1.381231188774108887e+00,1.595893740653991699e+00,1.572699189186096191e+00,1.116082310676574707e+00,9.774112701416015625e-01,9.590904712677001953e-01,8.462316989898681641e-01,1.226145863533020020e+00,1.605245232582092285e+00,1.635104537010192871e+00,1.500722527503967285e+00,1.076836228370666504e+00,1.123170614242553711e+00,8.307025432586669922e-01,1.023802638053894043e+00,6.376687288284301758e-01,7.161186933517456055e-01,5.848700404167175293e-01,3.862352371215820312e-01,3.481725156307220459e-01,2.520678341388702393e-01,1.461902707815170288e-01,1.598095148801803589e-01,2.160486280918121338e-01,4.006198048591613770e-01,4.005993604660034180e-01,1.610046148300170898e+00,1.874387979507446289e+00,2.017347097396850586e+00,1.254083275794982910e+00,7.308332622051239014e-02,0.000000000000000000e+00,0.000000000000000000e+00,0.000000000000000000e+00,0.000000000000000000e+00,0.000000000000000000e+00,0.000000000000000000e+00,0.000000000000000000e+00,0.000000000000000000e+00,0.000000000000000000e+00,0.000000000000000000e+00,0.000000000000000000e+00,0.000000000000000000e+00,3.388737514615058899e-02,2.986148893833160400e-01,2.520841658115386963e-01,1.129110082983970642e-01,2.009501606225967407e-01,1.880053579807281494e-01,4.923770427703857422e-01,6.842694282531738281e-01,7.488782405853271484e-01,7.843919396400451660e-01,7.037556767463684082e-01,1.064314916729927063e-01,4.460096359252929688e-02,5.674345791339874268e-02,3.275642544031143188e-02,8.313837647438049316e-02,9.468831866979598999e-02,1.957865506410598755e-01,1.662673205137252808e-01,0.000000000000000000e+00,3.132298588752746582e-01,2.888938486576080322e-01,4.809932410717010498e-01,4.369637370109558105e-01,2.525637149810791016e-01,1.896524056792259216e-02,3.810414113104343414e-03,2.976497076451778412e-02,1.064952313899993896e-01,4.819779098033905029e-02,1.090292111039161682e-01,1.814071983098983765e-01,3.427934944629669189e-01,3.893595635890960693e-01,3.939899206161499023e-01,3.577249050140380859e-01,3.067787885665893555e-01,1.474487185478210449e-01,6.711073219776153564e-02,7.533493451774120331e-03,0.000000000000000000e+00,1.868234574794769287e-02,3.463282063603401184e-02,1.594268679618835449e-01,1.600363254547119141e-01,1.873185783624649048e-01,1.151013374328613281e-01,1.901220232248306274e-01,1.924588382244110107e-01,2.035010308027267456e-01,2.958867847919464111e-01,3.336237967014312744e-01,1.904365271329879761e-01,2.039406597614288330e-01,2.583371400833129883e-01,2.243745326995849609e-01,2.996112406253814697e-01,2.664136290550231934e-01,2.950304746627807617e-01,3.408030271530151367e-01,3.667593896389007568e-01,3.923055529594421387e-01,3.822096586227416992e-01,3.741997480392456055e-01,3.104148805141448975e-01,2.688817083835601807e-01,3.020513057708740234e-01,3.857348561286926270e-01,4.503393769264221191e-01,4.296047985553741455e-01,3.130967915058135986e-01,2.927318513393402100e-01,2.996402382850646973e-01,2.855459451675415039e-01,3.003852963447570801e-01,3.081618249416351318e-01,3.292426168918609619e-01,3.582691550254821777e-01,3.708609342575073242e-01,3.635913729667663574e-01,3.717200458049774170e-01,3.894816637039184570e-01,3.881326019763946533e-01,3.800256848335266113e-01,3.762615919113159180e-01,3.692675232887268066e-01,3.234046101570129395e-01,3.052410781383514404e-01,2.221956402063369751e-01,9.191460162401199341e-02,9.929451160132884979e-03,0.000000000000000000e+00,0.000000000000000000e+00,0.000000000000000000e+00,0.000000000000000000e+00,0.000000000000000000e+00,1.028457097709178925e-02,1.898469403386116028e-02,2.488928101956844330e-02,4.717965144664049149e-03,3.668966237455606461e-03,0.000000000000000000e+00,2.340521663427352905e-02,1.472169440239667892e-02,0.000000000000000000e+00,1.360322232358157635e-03,2.106124162673950195e-02,0.000000000000000000e+00,0.000000000000000000e+00,0.000000000000000000e+00,1.122606568969786167e-03,6.137086544185876846e-03,3.051090426743030548e-02,5.732829123735427856e-02,6.264253705739974976e-02,1.209207475185394287e-01,9.866137802600860596e-02,2.561800479888916016e-01,3.082764148712158203e-01,3.004426360130310059e-01,3.714409768581390381e-01,3.826723396778106689e-01,4.150598645210266113e-01,3.961579799652099609e-01,3.807483315467834473e-01
1.023476409912109375e+01,1.062733268737792969e+01,1.027111434936523438e+01,9.052899360656738281e+00,8.638762474060058594e+00,8.533772468566894531e+00,1.089012527465820312e+01,1.075925827026367188e+01,1.326027870178222656e+01,1.378297901153564453e+01,1.342508125305175781e+01,1.340026569366455078e+01,1.094290637969970703e+01,1.010139179229736328e+01,6.936494350433349609e+00,6.251703739166259766e+00,5.592073440551757812e+00,4.712687015533447266e+00,3.636572360992431641e+00,4.368336200714111328e+00,4.310374736785888672e+00,3.939922809600830078e+00,3.128917932510375977e+00,2.896324634552001953e+00,1.954510092735290527e+00,1.403215289115905762e+00,1.287877440452575684e+00,1.238725185394287109e+00,9.357086420059204102e-01,8.910067081451416016e-01,8.380716443061828613e-01,1.085914134979248047e+00,1.045912861824035645e+00,7.204432487487792969e-01,1.294448375701904297e+00,1.388929247856140137e+00,1.092961788177490234e+00,7.637363076210021973e-01,6.848409175872802734e-01,6.747363209724426270e-01,3.158834278583526611e-01,4.405827820301055908e-01,4.629581272602081299e-01,7.291997075080871582e-01,2.403337955474853516e+00,2.595002412796020508e+00,3.189878225326538086e+00,2.490422010421752930e+00,1.276417016983032227e+00,1.487579226493835449e+00,1.373710632324218750e+00,1.191489219665527344e+00,2.512406587600708008e+00,2.321707487106323242e+00,2.161573171615600586e+00,2.849473953247070312e+00,2.881003618240356445e+00,2.267976045608520508e+00,1.963323473930358887e+00,1.028872370719909668e+00,7.805123925209045410e-01,8.200183510780334473e-01,5.693820118904113770e-01,4.884646236896514893e-01,5.142131447792053223e-01,4.514333903789520264e-01,6.082899570465087891e-01,8.729468584060668945e-01,8.670533299446105957e-01,1.083387136459350586e+00,1.285545706748962402e+00,1.075237870216369629e+00,9.542928934097290039e-01,9.994794726371765137e-01,9.136518836021423340e-01,1.297854542732238770e+00,1.712469458580017090e+00,1.661432981491088867e+00,1.489396691322326660e+00,1.018305897712707520e+00,1.072254896163940430e+00,7.941147685050964355e-01,9.897502064704895020e-01,6.457558274269104004e-01,7.664469480514526367e-01,5.445006489753723145e-01,4.724661111831665039e-01,3.554196357727050781e-01,2.363360375165939331e-01,1.266886144876480103e-01,1.398815959692001343e-01,2.109045386314392090e-01,4.059476852416992188e-01,4.136165678501129150e-01,1.672029376029968262e+00,1.995452642440795898e+00,2.121760845184326172e+00,1.297084093093872070e+00,5.378060415387153625e-02,0.000000000000000000e+00,0.000000000000000000e+00,0.000000000000000000e+00,0.000000000000000000e+00,0.000000000000000000e+00,0.000000000000000000e+00,0.000000000000000000e+00,0.000000000000000000e+00,0.000000000000000000e+00,3.429398930165916681e-04,0.000000000000000000e+00,0.000000000000000000e+00,5.525185167789459229e-02,1.390815675258636475e-01,1.545328795909881592e-01,2.806703150272369385e-01,2.528040111064910889e-01,3.521968722343444824e-01,4.352803528308868408e-01,6.133852005004882812e-01,7.368416190147399902e-01,6.026961207389831543e-01,6.918669342994689941e-01,2.696569822728633881e-02,8.496230095624923706e-02,4.303787276148796082e-02,6.977947801351547241e-02,1.173422187566757202e-01,1.666784584522247314e-01,8.507634699344635010e-02,5.577578023076057434e-02,5.557046737521886826e-03,4.707059264183044434e-02,9.174513071775436401e-02,4.266490042209625244e-01,2.926215231418609619e-01,3.672040998935699463e-03,0.000000000000000000e+00,0.000000000000000000e+00,5.760154128074645996e-02,9.882070124149322510e-02,7.231751829385757446e-02,1.403345167636871338e-01,2.515619397163391113e-01,3.142107725143432617e-01,3.441555202007293701e-01,2.930243909358978271e-01,1.338249146938323975e-01,4.265064001083374023e-02,3.592545539140701294e-02,1.117800083011388779e-02,0.000000000000000000e+00,0.000000000000000000e+00,4.681118298321962357e-03,4.071492701768875122e-02,1.185981109738349915e-01,1.470726728439331055e-01,1.848056465387344360e-01,9.002874046564102173e-02,6.508819013833999634e-02,1.290768980979919434e-01,1.729835420846939087e-01,2.186283767223358154e-01,2.304000556468963623e-01,2.703068852424621582e-01,2.809755802154541016e-01,2.534599900245666504e-01,2.540699839591979980e-01,3.105179965496063232e-01,3.408724665641784668e-01,3.552699983119964600e-01,3.719679713249206543e-01,4.069594442844390869e-01,4.360965788364410400e-01,4.281598627567291260e-01,4.433718025684356689e-01,3.437236249446868896e-01,3.448385596275329590e-01,3.502196371555328369e-01,3.154071271419525146e-01,3.618526458740234375e-01,3.964935243129730225e-01,2.807697057723999023e-01,2.467235624790191650e-01,2.363975644111633301e-01,2.549372315406799316e-01,2.973675429821014404e-01,2.366642206907272339e-01,2.440253347158432007e-01,2.643544077873229980e-01,2.684063911437988281e-01,2.733719050884246826e-01,3.672742843627929688e-01,3.793885409832000732e-01,3.719048500061035156e-01,3.314326703548431396e-01,2.851267755031585693e-01,2.612367868423461914e-01,2.233183532953262329e-01,1.415413916110992432e-01,5.609688162803649902e-02,4.512270539999008179e-02,2.604298479855060577e-02,0.000000000000000000e+00,0.000000000000000000e+00,0.000000000000000000e+00,0.000000000000000000e+00,2.098357770591974258e-03,1.009967736899852753e-02,9.520686231553554535e-03,1.294351089745759964e-02,1.626337179914116859e-03,0.000000000000000000e+00,0.000000000000000000e+00,1.374553306959569454e-03,4.896496888250112534e-03,9.773743804544210434e-04,1.277236826717853546e-02,2.429786697030067444e-02,0.000000000000000000e+00,0.000000000000000000e+00,0.000000000000000000e+00,0.000000000000000000e+00,0.000000000000000000e+00,6.838879198767244816e-04,2.410910092294216156e-03,2.114471234381198883e-02,0.000000000000000000e+00,4.894924163818359375e-02,1.918212473392486572e-01,2.601873278617858887e-01,2.966371178627014160e-01,3.506382405757904053e-01,2.813706099987030029e-01,3.199346363544464111e-01,5.231855511665344238e-01,4.489720761775970459e-01
6.968756675720214844e+00,8.296576499938964844e+00,7.559357166290283203e+00,7.811194419860839844e+00,7.515374660491943359e+00,7.207031726837158203e+00,7.570787429809570312e+00,7.196167469024658203e+00,1.039687728881835938e+01,9.338935852050781250e+00,9.270741462707519531e+00,1.023546791076660156e+01,9.104400634765625000e+00,8.194127082824707031e+00,5.229488372802734375e+00,4.554091930389404297e+00,4.815076828002929688e+00,4.472364425659179688e+00,3.386483669281005859e+00,3.514189481735229492e+00,3.847714900970458984e+00,2.926943063735961914e+00,2.763693332672119141e+00,2.526990652084350586e+00,2.641147851943969727e+00,2.139802694320678711e+00,2.427344799041748047e+00,1.061858057975769043e+00,8.313275575637817383e-01,7.499517798423767090e-01,1.086472511291503906e+00,1.212930917739868164e+00,1.414687275886535645e+00,1.665639042854309082e+00,1.758610725402832031e+00,1.324803113937377930e+00,1.533982753753662109e+00,1.131581544876098633e+00,9.138417243957519531e-01,8.884215354919433594e-01,6.285795569419860840e-01,3.985325098037719727e-01,4.283758401870727539e-01,6.573616862297058105e-01,8.823823928833007812e-01,8.749760985374450684e-01,9.723586440086364746e-01,1.176600337028503418e+00,1.138973712921142578e+00,1.203382492065429688e+00,1.332157015800476074e+00,1.334658265113830566e+00,1.335119724273681641e+00,2.330874919891357422e+00,2.297223806381225586e+00,2.073966741561889648e+00,2.711840629577636719e+00,2.960408449172973633e+00,2.671008586883544922e+00,1.399392485618591309e+00,9.553088545799255371e-01,1.008537888526916504e+00,6.710176467895507812e-01,5.639623403549194336e-01,5.622872710227966309e-01,6.320139169692993164e-01,1.023459553718566895e+00,1.502664923667907715e+00,1.501840233802795410e+00,1.553628087043762207e+00,1.210814237594604492e+00,1.164915084838867188e+00,8.090949058532714844e-01,1.040025591850280762e+00,1.086787223815917969e+00,1.422762751579284668e+00,1.543160676956176758e+00,1.549325585365295410e+00,1.976810097694396973e+00,1.457744717597961426e+00,1.511135578155517578e+00,1.725615739822387695e+00,1.207435131072998047e+00,8.713800907135009766e-01,9.484071731567382812e-01,7.357445359230041504e-01,3.880621790885925293e-01,2.939524054527282715e-01,1.009399741888046265e-01,3.331961482763290405e-02,2.607682347297668457e-02,9.831625968217849731e-02,5.657787919044494629e-01,5.762131810188293457e-01,1.318405032157897949e+00,2.117605924606323242e+00,2.266150474548339844e+00,1.022488117218017578e+00,2.819573134183883667e-02,0.000000000000000000e+00,0.000000000000000000e+00,0.000000000000000000e+00,0.000000000000000000e+00,0.000000000000000000e+00,0.000000000000000000e+00,0.000000000000000000e+00,0.000000000000000000e+00,0.000000000000000000e+00,1.146875787526369095e-02,0.000000000000000000e+00,0.000000000000000000e+00,1.150554195046424866e-01,1.688663810491561890e-01,2.598132789134979248e-01,2.784180045127868652e-01,2.393957376480102539e-01,3.166618347167968750e-01,4.056285321712493896e-01,5.550794601440429688e-01,5.152006149291992188e-01,3.838197290897369385e-01,3.930657804012298584e-01,6.368648260831832886e-02,1.221116334199905396e-01,1.085520908236503601e-01,9.714102745056152344e-02,1.191751658916473389e-01,8.575893193483352661e-02,4.961095377802848816e-02,3.111616335809230804e-02,1.766369305551052094e-02,3.486434742808341980e-02,3.546267002820968628e-02,2.834557890892028809e-01,1.271554082632064819e-01,0.000000000000000000e+00,0.000000000000000000e+00,0.000000000000000000e+00,8.219812810420989990e-02,1.024474054574966431e-01,8.454956859350204468e-02,2.110368460416793823e-01,2.546456456184387207e-01,2.917467057704925537e-01,3.220317959785461426e-01,2.195032089948654175e-01,1.037564128637313843e-01,9.539852850139141083e-03,0.000000000000000000e+00,0.000000000000000000e+00,0.000000000000000000e+00,2.499241614714264870e-03,1.150195393711328506e-02,1.805278658866882324e-02,5.871954932808876038e-02,6.211755797266960144e-02,1.115616112947463989e-01,1.021662652492523193e-01,4.052669554948806763e-02,8.824976533651351929e-02,1.680140942335128784e-01,2.445668578147888184e-01,2.917440533638000488e-01,3.309830129146575928e-01,3.484899699687957764e-01,2.830437123775482178e-01,3.294571936130523682e-01,3.409987092018127441e-01,3.259304761886596680e-01,3.386556804180145264e-01,3.675612807273864746e-01,3.958264887332916260e-01,4.138679504394531250e-01,4.148064553737640381e-01,4.384141862392425537e-01,3.416678607463836670e-01,3.804525434970855713e-01,3.728193044662475586e-01,3.426827788352966309e-01,3.220747709274291992e-01,2.906017899513244629e-01,2.846238017082214355e-01,2.623744010925292969e-01,2.252022325992584229e-01,1.795075386762619019e-01,2.609074115753173828e-01,2.305442392826080322e-01,2.332753986120223999e-01,2.499439120292663574e-01,2.294665127992630005e-01,2.255966365337371826e-01,2.680187225341796875e-01,2.655411362648010254e-01,2.482260167598724365e-01,2.198341041803359985e-01,1.934891194105148315e-01,1.635896414518356323e-01,1.082695052027702332e-01,2.272904850542545319e-02,9.510572068393230438e-03,3.950247913599014282e-02,5.438072979450225830e-02,4.453451838344335556e-03,0.000000000000000000e+00,0.000000000000000000e+00,1.449053827673196793e-02,3.633968159556388855e-02,1.420011464506387711e-02,1.010020729154348373e-02,3.285485506057739258e-02,4.309551417827606201e-02,2.307626418769359589e-02,3.858834039419889450e-03,0.000000000000000000e+00,0.000000000000000000e+00,7.608305168105289340e-05,1.077940501272678375e-02,3.675566613674163818e-02,2.322221407666802406e-04,0.000000000000000000e+00,0.000000000000000000e+00,0.000000000000000000e+00,0.000000000000000000e+00,0.000000000000000000e+00,0.000000000000000000e+00,1.519443280994892120e-02,4.461257159709930420e-02,0.000000000000000000e+00,7.746663689613342285e-02,9.053946286439895630e-02,2.516000568866729736e-01,3.042685985565185547e-01,2.698948085308074951e-01,2.669351100921630859e-01,5.009732246398925781e-01,4.105415344238281250e-01
6.178582191467285156e+00,4.865584373474121094e+00,5.265661716461181641e+00,5.936455249786376953e+00,5.549636840820312500e+00,4.757774829864501953e+00,5.247155189514160156e+00,5.305742263793945312e+00,5.693757057189941406e+00,6.785251140594482422e+00,5.689850330352783203e+00,7.445384979248046875e+00,8.561573982238769531e+00,6.981764316558837891e+00,5.322279453277587891e+00,4.445004940032958984e+00,4.050103187561035156e+00,2.682500123977661133e+00,2.247712612152099609e+00,2.437716960906982422e+00,2.410533189773559570e+00,2.031081676483154297e+00,1.797486066818237305e+00,1.867320418357849121e+00,2.033124923706054688e+00,1.941146969795227051e+00,1.783666253089904785e+00,8.211113214492797852e-01,1.446540236473083496e+00,1.761992812156677246e+00,1.489348769187927246e+00,1.749231457710266113e+00,1.752640366554260254e+00,1.072008728981018066e+00,1.752852797508239746e+00,1.907926917076110840e+00,1.820057868957519531e+00,1.831728100776672363e+00,2.014835834503173828e+00,1.940843343734741211e+00,1.676716446876525879e+00,6.439377665519714355e-01,6.617050766944885254e-01,6.916805505752563477e-01,7.864773869514465332e-01,7.754818201065063477e-01,8.890238404273986816e-01,1.045535564422607422e+00,1.008855104446411133e+00,1.304500699043273926e+00,1.382161498069763184e+00,1.487471699714660645e+00,1.476971387863159180e+00,1.366800427436828613e+00,1.253523230552673340e+00,2.319552898406982422e+00,2.156671285629272461e+00,2.169588088989257812e+00,1.156487584114074707e+00,1.116098523139953613e+00,1.058230757713317871e+00,1.082831859588623047e+00,8.356926441192626953e-01,5.646368861198425293e-01,5.644412040710449219e-01,1.024072051048278809e+00,1.169969916343688965e+00,1.018301844596862793e+00,1.049509644508361816e+00,1.163661122322082520e+00,8.245013356208801270e-01,8.081333637237548828e-01,9.664433598518371582e-01,9.301501512527465820e-01,9.859720468521118164e-01,1.042478084564208984e+00,1.422360301017761230e+00,1.367657899856567383e+00,1.083272218704223633e+00,1.089247107505798340e+00,1.065107226371765137e+00,1.138935685157775879e+00,1.027165770530700684e+00,1.043446898460388184e+00,1.071258425712585449e+00,7.280032634735107422e-01,4.457176327705383301e-01,1.805106699466705322e-01,1.996049657464027405e-02,0.000000000000000000e+00,0.000000000000000000e+00,0.000000000000000000e+00,0.000000000000000000e+00,0.000000000000000000e+00,0.000000000000000000e+00,7.757701277732849121e-01,8.076208233833312988e-01,4.388519525527954102e-01,0.000000000000000000e+00,0.000000000000000000e+00,0.000000000000000000e+00,0.000000000000000000e+00,0.000000000000000000e+00,0.000000000000000000e+00,0.000000000000000000e+00,0.000000000000000000e+00,0.000000000000000000e+00,0.000000000000000000e+00,2.566103264689445496e-02,0.000000000000000000e+00,1.767246983945369720e-02,0.000000000000000000e+00,3.573278337717056274e-02,2.495950907468795776e-01,3.036275506019592285e-01,2.998295426368713379e-01,3.480838835239410400e-01,4.467816948890686035e-01,4.859247803688049316e-01,3.150724172592163086e-01,3.620472848415374756e-01,1.398985385894775391e-01,2.144326083362102509e-02,8.805772662162780762e-02,7.510903477668762207e-02,5.381238460540771484e-02,7.726953178644180298e-02,4.562674835324287415e-02,8.885906636714935303e-02,1.463546901941299438e-01,1.381143182516098022e-01,1.150897145271301270e-01,1.278082430362701416e-01,1.659495085477828979e-01,4.529840778559446335e-03,0.000000000000000000e+00,0.000000000000000000e+00,0.000000000000000000e+00,3.499282896518707275e-02,1.130302771925926208e-01,1.233296319842338562e-01,2.711760997772216797e-01,3.029705882072448730e-01,2.852507829666137695e-01,2.751273810863494873e-01,1.419263333082199097e-01,6.087824329733848572e-02,1.315474160946905613e-03,0.000000000000000000e+00,0.000000000000000000e+00,0.000000000000000000e+00,3.802994964644312859e-03,3.747678594663739204e-03,1.912993751466274261e-02,5.916904192417860031e-03,0.000000000000000000e+00,1.938853785395622253e-02,3.486306965351104736e-02,4.292071238160133362e-02,9.459564089775085449e-02,1.815372258424758911e-01,2.988319993019104004e-01,3.548016548156738281e-01,3.665328621864318848e-01,3.767771720886230469e-01,3.357759714126586914e-01,3.431333005428314209e-01,3.631612658500671387e-01,3.589985668659210205e-01,3.278226256370544434e-01,3.381868302822113037e-01,3.369720578193664551e-01,3.562955558300018311e-01,3.490397930145263672e-01,4.020153582096099854e-01,3.951582312583923340e-01,4.073930680751800537e-01,3.806646168231964111e-01,3.782689273357391357e-01,3.871951997280120850e-01,3.648919761180877686e-01,2.590051889419555664e-01,2.073429375886917114e-01,1.356349438428878784e-01,1.106489077210426331e-01,6.220741569995880127e-02,1.562227308750152588e-01,2.199739366769790649e-01,2.266238927841186523e-01,2.103549838066101074e-01,2.049782723188400269e-01,2.086802423000335693e-01,2.088299393653869629e-01,2.012267708778381348e-01,1.839525103569030762e-01,1.665188968181610107e-01,1.264320611953735352e-01,6.123263016343116760e-02,2.699938602745532990e-02,3.188968077301979065e-02,6.641102582216262817e-02,4.880713298916816711e-02,7.904849015176296234e-03,6.006348878145217896e-03,2.578434720635414124e-02,3.971732035279273987e-02,4.925864189863204956e-02,1.033867057412862778e-02,1.012801378965377808e-02,1.219701208174228668e-02,7.769183814525604248e-02,4.741824045777320862e-02,3.759492561221122742e-02,0.000000000000000000e+00,0.000000000000000000e+00,0.000000000000000000e+00,0.000000000000000000e+00,1.470523793250322342e-02,0.000000000000000000e+00,0.000000000000000000e+00,0.000000000000000000e+00,0.000000000000000000e+00,0.000000000000000000e+00,0.000000000000000000e+00,0.000000000000000000e+00,0.000000000000000000e+00,3.212491422891616821e-02,2.703416626900434494e-03,0.000000000000000000e+00,2.147575467824935913e-02,1.121035665273666382e-01,2.273884415626525879e-01,2.271637022495269775e-01,1.846850067377090454e-01,3.324191868305206299e-01,3.695516288280487061e-01
6.152581214904785156e+00,5.307989120483398438e+00,5.487834453582763672e+00,5.438403129577636719e+00,4.748905658721923828e+00,4.773349761962890625e+00,5.193534851074218750e+00,4.838627815246582031e+00,4.288730621337890625e+00,6.322146415710449219e+00,5.701464176177978516e+00,6.260666847229003906e+00,5.366137027740478516e+00,5.855616092681884766e+00,5.255662441253662109e+00,3.922635793685913086e+00,2.957841634750366211e+00,2.312330961227416992e+00,2.116325139999389648e+00,2.355832815170288086e+00,2.089654684066772461e+00,1.896853208541870117e+00,1.669944047927856445e+00,1.455168366432189941e+00,1.764983296394348145e+00,1.364857435226440430e+00,1.130074739456176758e+00,4.307928085327148438e-01,1.021227717399597168e+00,1.022738218307495117e+00,1.091712951660156250e+00,1.347424387931823730e+00,1.431240081787109375e+00,9.598970413208007812e-01,1.792400121688842773e+00,1.956778645515441895e+00,2.107315301895141602e+00,1.889115810394287109e+00,2.050630807876586914e+00,2.275927782058715820e+00,2.326659917831420898e+00,1.892352581024169922e+00,6.741866469383239746e-01,7.018180489540100098e-01,7.461169958114624023e-01,7.870888113975524902e-01,9.197466969490051270e-01,1.042281150817871094e+00,1.059168219566345215e+00,1.365852952003479004e+00,1.422891020774841309e+00,1.471423149108886719e+00,1.516687273979187012e+00,1.354336261749267578e+00,1.269344687461853027e+00,1.319418430328369141e+00,2.130114316940307617e+00,1.219191074371337891e+00,1.135488033294677734e+00,1.160882830619812012e+00,1.052703976631164551e+00,1.059137582778930664e+00,8.247811198234558105e-01,5.542058348655700684e-01,5.402789115905761719e-01,1.013651490211486816e+00,1.177980184555053711e+00,1.005542755126953125e+00,1.033380627632141113e+00,1.105163693428039551e+00,9.637987613677978516e-01,8.446814417839050293e-01,1.017830014228820801e+00,9.785708785057067871e-01,1.009186625480651855e+00,1.037695050239562988e+00,1.428794860839843750e+00,1.455541253089904785e+00,1.117076754570007324e+00,1.077955842018127441e+00,1.063746690750122070e+00,1.158165693283081055e+00,1.031918048858642578e+00,1.050555706024169922e+00,1.106961131095886230e+00,6.541563272476196289e-01,4.432522356510162354e-01,3.508993983268737793e-01,3.056883513927459717e-01,2.087355963885784149e-02,0.000000000000000000e+00,0.000000000000000000e+00,0.000000000000000000e+00,0.000000000000000000e+00,0.000000000000000000e+00,7.595440745353698730e-01,7.770868539810180664e-01,4.121428430080413818e-01,0.000000000000000000e+00,0.000000000000000000e+00,0.000000000000000000e+00,0.000000000000000000e+00,0.000000000000000000e+00,0.000000000000000000e+00,0.000000000000000000e+00,0.000000000000000000e+00,0.000000000000000000e+00,0.000000000000000000e+00,1.567521947436034679e-03,0.000000000000000000e+00,5.756586417555809021e-02,0.000000000000000000e+00,0.000000000000000000e+00,1.801304891705513000e-02,2.739804685115814209e-01,2.338595837354660034e-01,3.049828708171844482e-01,3.919134438037872314e-01,4.170892834663391113e-01,6.614532470703125000e-01,8.130001425743103027e-01,4.851720333099365234e-01,0.000000000000000000e+00,2.526124007999897003e-02,2.224717848002910614e-02,0.000000000000000000e+00,0.000000000000000000e+00,1.713696122169494629e-02,1.470095217227935791e-01,1.833295375108718872e-01,1.389483958482742310e-01,2.718231976032257080e-01,2.414008975028991699e-01,2.017943561077117920e-01,1.311008818447589874e-02,0.000000000000000000e+00,0.000000000000000000e+00,0.000000000000000000e+00,7.599341869354248047e-02,2.019267082214355469e-01,1.729490160942077637e-01,3.683044612407684326e-01,4.184564054012298584e-01,2.612057328224182129e-01,1.043099537491798401e-01,1.386829465627670288e-02,0.000000000000000000e+00,0.000000000000000000e+00,0.000000000000000000e+00,0.000000000000000000e+00,0.000000000000000000e+00,0.000000000000000000e+00,0.000000000000000000e+00,1.443765405565500259e-02,1.012368313968181610e-02,0.000000000000000000e+00,0.000000000000000000e+00,0.000000000000000000e+00,3.012191038578748703e-03,0.000000000000000000e+00,0.000000000000000000e+00,1.736834645271301270e-02,2.266943156719207764e-01,3.248768150806427002e-01,3.827595412731170654e-01,3.707513511180877686e-01,3.584533631801605225e-01,2.671694457530975342e-01,2.376181036233901978e-01,1.485856920480728149e-01,1.870630085468292236e-01,2.367632836103439331e-01,2.269366085529327393e-01,2.280512899160385132e-01,2.639168500900268555e-01,2.944884002208709717e-01,3.050898909568786621e-01,3.305546045303344727e-01,3.781828284263610840e-01,4.078305065631866455e-01,4.313579201698303223e-01,2.331934422254562378e-01,1.843712776899337769e-01,1.404069457203149796e-02,2.181233093142509460e-02,2.296340651810169220e-02,0.000000000000000000e+00,8.474398404359817505e-02,1.282499879598617554e-01,1.504926383495330811e-01,1.193288639187812805e-01,8.326365053653717041e-02,1.150010675191879272e-01,1.519857347011566162e-01,2.090858072042465210e-01,2.241635918617248535e-01,2.032945901155471802e-01,1.220134943723678589e-01,7.833404839038848877e-02,3.466337174177169800e-02,7.645866274833679199e-02,8.601868152618408203e-02,2.866533026099205017e-02,1.837338134646415710e-02,4.628652334213256836e-02,5.688553676009178162e-02,3.472438082098960876e-02,2.859522216022014618e-02,6.321993656456470490e-03,0.000000000000000000e+00,3.773958235979080200e-02,1.792625524103641510e-02,5.675917025655508041e-03,0.000000000000000000e+00,0.000000000000000000e+00,0.000000000000000000e+00,0.000000000000000000e+00,0.000000000000000000e+00,0.000000000000000000e+00,0.000000000000000000e+00,0.000000000000000000e+00,0.000000000000000000e+00,0.000000000000000000e+00,0.000000000000000000e+00,0.000000000000000000e+00,0.000000000000000000e+00,4.220641683787107468e-03,1.178391464054584503e-02,0.000000000000000000e+00,1.615340076386928558e-02,4.963664803653955460e-03,1.380709260702133179e-01,1.571842879056930542e-01,1.578359603881835938e-01,1.788419336080551147e-01,2.467913329601287842e-01
4.685869216918945312e+00,4.409135341644287109e+00,4.347256660461425781e+00,3.922207117080688477e+00,3.396145343780517578e+00,3.618376016616821289e+00,3.528193235397338867e+00,3.134701490402221680e+00,3.269391059875488281e+00,4.440002918243408203e+00,3.588282823562622070e+00,3.499391555786132812e+00,3.415405988693237305e+00,2.943515300750732422e+00,4.058422565460205078e+00,4.259422779083251953e+00,4.650358200073242188e+00,4.371973514556884766e+00,2.643474578857421875e+00,2.310712575912475586e+00,1.844124197959899902e+00,1.771141409873962402e+00,1.728118538856506348e+00,1.731790781021118164e+00,1.920259952545166016e+00,2.050512552261352539e+00,2.076857089996337891e+00,1.311749815940856934e+00,1.484984517097473145e+00,1.516059875488281250e+00,2.168076753616333008e+00,2.428828477859497070e+00,2.708753347396850586e+00,1.947314143180847168e+00,1.981108665466308594e+00,3.304300546646118164e+00,3.399125576019287109e+00,3.646268606185913086e+00,3.454855203628540039e+00,3.327842473983764648e+00,3.062216997146606445e+00,3.505443572998046875e+00,3.219753265380859375e+00,6.961646676063537598e-01,7.535270452499389648e-01,7.621067762374877930e-01,7.349474430084228516e-01,9.857297539710998535e-01,1.015109896659851074e+00,1.186548113822937012e+00,1.504016041755676270e+00,1.581239938735961914e+00,1.623836874961853027e+00,1.459153652191162109e+00,1.394063353538513184e+00,1.400686979293823242e+00,1.432894349098205566e+00,1.454044699668884277e+00,1.356232881546020508e+00,1.220462560653686523e+00,1.076601028442382812e+00,1.098128199577331543e+00,8.851634860038757324e-01,6.983565688133239746e-01,7.013620138168334961e-01,1.002643942832946777e+00,6.912989020347595215e-01,8.091820478439331055e-01,7.631544470787048340e-01,1.088292837142944336e+00,8.027418851852416992e-01,7.304372191429138184e-01,1.143530130386352539e+00,1.080055952072143555e+00,1.019544720649719238e+00,1.030887722969055176e+00,1.027236461639404297e+00,1.083855748176574707e+00,9.527133107185363770e-01,8.060525059700012207e-01,7.671033143997192383e-01,6.448899507522583008e-01,5.957794785499572754e-01,5.430923700332641602e-01,7.185267806053161621e-01,4.512666165828704834e-01,5.280827283859252930e-01,6.143513917922973633e-01,2.448202669620513916e-01,5.736514460295438766e-03,1.508679054677486420e-02,0.000000000000000000e+00,0.000000000000000000e+00,0.000000000000000000e+00,0.000000000000000000e+00,2.818476036190986633e-02,2.072256430983543396e-02,0.000000000000000000e+00,0.000000000000000000e+00,0.000000000000000000e+00,0.000000000000000000e+00,0.000000000000000000e+00,0.000000000000000000e+00,0.000000000000000000e+00,0.000000000000000000e+00,0.000000000000000000e+00,0.000000000000000000e+00,0.000000000000000000e+00,0.000000000000000000e+00,0.000000000000000000e+00,0.000000000000000000e+00,7.860171049833297729e-02,5.644426867365837097e-02,8.007659018039703369e-02,3.568381369113922119e-01,3.079679012298583984e-01,4.105701148509979248e-01,3.708182573318481445e-01,4.103434085845947266e-01,6.026685237884521484e-01,7.401379942893981934e-01,4.337743818759918213e-01,0.000000000000000000e+00,2.693586796522140503e-02,0.000000000000000000e+00,0.000000000000000000e+00,0.000000000000000000e+00,8.119122125208377838e-03,4.495165124535560608e-02,3.276488929986953735e-02,1.107489317655563354e-02,2.017544768750667572e-02,1.320039574056863785e-02,2.004842311143875122e-01,1.565920114517211914e-01,0.000000000000000000e+00,0.000000000000000000e+00,0.000000000000000000e+00,9.646958112716674805e-02,1.985938996076583862e-01,2.724757492542266846e-01,4.420308172702789307e-01,4.731695353984832764e-01,2.876914739608764648e-01,8.174600452184677124e-02,0.000000000000000000e+00,0.000000000000000000e+00,6.574307102710008621e-03,0.000000000000000000e+00,0.000000000000000000e+00,0.000000000000000000e+00,0.000000000000000000e+00,0.000000000000000000e+00,0.000000000000000000e+00,0.000000000000000000e+00,0.000000000000000000e+00,0.000000000000000000e+00,0.000000000000000000e+00,0.000000000000000000e+00,0.000000000000000000e+00,0.000000000000000000e+00,3.224716708064079285e-02,1.926292479038238525e-01,2.740165293216705322e-01,3.617591261863708496e-01,3.721724152565002441e-01,3.666805326938629150e-01,2.070521861314773560e-01,1.549333035945892334e-01,1.095224246382713318e-01,1.459113806486129761e-01,1.869985759258270264e-01,1.609531939029693604e-01,1.847409456968307495e-01,1.294792592525482178e-01,1.533617377281188965e-01,2.217686772346496582e-01,2.566512525081634521e-01,3.246009647846221924e-01,3.751324713230133057e-01,4.194736182689666748e-01,3.134041726589202881e-01,2.003220319747924805e-01,1.146270409226417542e-01,9.339848533272743225e-03,1.340703200548887253e-02,3.421325609087944031e-02,6.642951816320419312e-02,1.236295923590660095e-01,1.279283910989761353e-01,1.377931088209152222e-01,8.533637970685958862e-02,1.398741304874420166e-01,2.043535411357879639e-01,2.680343389511108398e-01,2.709895074367523193e-01,2.314271777868270874e-01,1.164714619517326355e-01,8.793936669826507568e-02,0.000000000000000000e+00,9.214252233505249023e-02,7.948470860719680786e-02,4.879602417349815369e-02,4.516574367880821228e-02,6.007334217429161072e-02,6.521465629339218140e-02,2.560178935527801514e-02,8.793541043996810913e-02,5.603649839758872986e-02,5.950166657567024231e-02,7.444055378437042236e-02,4.968387261033058167e-02,2.440744079649448395e-02,2.424745587632060051e-03,0.000000000000000000e+00,0.000000000000000000e+00,0.000000000000000000e+00,0.000000000000000000e+00,0.000000000000000000e+00,0.000000000000000000e+00,0.000000000000000000e+00,0.000000000000000000e+00,0.000000000000000000e+00,0.000000000000000000e+00,0.000000000000000000e+00,2.186798676848411560e-02,3.712205588817596436e-02,7.278924458660185337e-04,1.268854271620512009e-02,3.518311679363250732e-02,4.363023489713668823e-02,1.222854014486074448e-03,1.778691634535789490e-02,1.469858288764953613e-01,1.006743609905242920e-01,1.080715805292129517e-01
4.081912517547607422e+00,3.330954313278198242e+00,3.038368701934814453e+00,3.324135541915893555e+00,2.640092134475708008e+00,3.325654745101928711e+00,3.032395362854003906e+00,2.710757493972778320e+00,3.272995710372924805e+00,3.332325458526611328e+00,3.691852092742919922e+00,4.396162986755371094e+00,4.282861709594726562e+00,3.861518383026123047e+00,3.864404678344726562e+00,4.282206535339355469e+00,4.170543670654296875e+00,3.287060260772705078e+00,2.227172851562500000e+00,2.034115791320800781e+00,1.809233784675598145e+00,1.686992526054382324e+00,1.636796116828918457e+00,1.524014115333557129e+00,1.623685479164123535e+00,1.948144912719726562e+00,1.951613545417785645e+00,1.258028507232666016e+00,2.053606748580932617e+00,2.029076099395751953e+00,3.894505739212036133e+00,2.465096950531005859e+00,2.782378673553466797e+00,2.253780126571655273e+00,2.377413988113403320e+00,3.857907295227050781e+00,3.986167907714843750e+00,3.821409702301025391e+00,4.186232089996337891e+00,4.446226596832275391e+00,3.688958644866943359e+00,3.458888530731201172e+00,3.234235048294067383e+00,2.250590324401855469e+00,7.729787826538085938e-01,7.470782995223999023e-01,8.206889629364013672e-01,1.014370560646057129e+00,1.052556753158569336e+00,1.229472994804382324e+00,1.352481365203857422e+00,1.369350671768188477e+00,1.351849436759948730e+00,1.477471351623535156e+00,1.431311726570129395e+00,1.449242711067199707e+00,1.626452565193176270e+00,1.376647353172302246e+00,1.329920291900634766e+00,1.239834785461425781e+00,1.070244073867797852e+00,1.049490213394165039e+00,9.210414886474609375e-01,6.862102746963500977e-01,7.215994596481323242e-01,6.689976453781127930e-01,1.256952643394470215e+00,1.218348145484924316e+00,1.235464334487915039e+00,1.840910911560058594e+00,1.637714743614196777e+00,1.631179094314575195e+00,1.608385324478149414e+00,1.748960018157958984e+00,1.750223159790039062e+00,1.570629119873046875e+00,1.506115913391113281e+00,1.552524805068969727e+00,1.330498576164245605e+00,1.169986128807067871e+00,1.086973428726196289e+00,4.750324785709381104e-01,5.180109739303588867e-01,6.983361244201660156e-01,7.371725440025329590e-01,6.236952543258666992e-01,6.014797687530517578e-01,5.668089389801025391e-01,3.504162430763244629e-01,1.111146211624145508e-01,1.190469563007354736e-01,0.000000000000000000e+00,0.000000000000000000e+00,0.000000000000000000e+00,0.000000000000000000e+00,0.000000000000000000e+00,0.000000000000000000e+00,0.000000000000000000e+00,2.060777042061090469e-03,1.256034523248672485e-01,9.283328056335449219e-02,0.000000000000000000e+00,0.000000000000000000e+00,0.000000000000000000e+00,0.000000000000000000e+00,0.000000000000000000e+00,0.000000000000000000e+00,0.000000000000000000e+00,0.000000000000000000e+00,0.000000000000000000e+00,0.000000000000000000e+00,0.000000000000000000e+00,5.780522152781486511e-02,2.594777643680572510e-01,5.200570821762084961e-01,4.785075783729553223e-01,5.341168045997619629e-01,3.826892673969268799e-01,4.558439850807189941e-01,5.819168686866760254e-01,6.136642694473266602e-01,5.427289009094238281e-01,2.293485850095748901e-01,8.492824435234069824e-02,7.617811206728219986e-04,1.842607371509075165e-02,3.103956021368503571e-02,1.867005974054336548e-02,0.000000000000000000e+00,0.000000000000000000e+00,0.000000000000000000e+00,0.000000000000000000e+00,0.000000000000000000e+00,3.011449426412582397e-02,2.135600149631500244e-01,0.000000000000000000e+00,0.000000000000000000e+00,0.000000000000000000e+00,1.315612047910690308e-01,1.931289285421371460e-01,2.489439994096755981e-01,3.664641380310058594e-01,3.697291016578674316e-01,9.174996614456176758e-02,3.413531929254531860e-03,0.000000000000000000e+00,0.000000000000000000e+00,0.000000000000000000e+00,0.000000000000000000e+00,0.000000000000000000e+00,0.000000000000000000e+00,0.000000000000000000e+00,0.000000000000000000e+00,0.000000000000000000e+00,0.000000000000000000e+00,0.000000000000000000e+00,0.000000000000000000e+00,2.141461521387100220e-02,6.153909489512443542e-03,0.000000000000000000e+00,1.130316872149705887e-02,1.016359105706214905e-01,2.094140052795410156e-01,2.476508468389511108e-01,2.806869745254516602e-01,3.272956907749176025e-01,3.360111713409423828e-01,3.085049092769622803e-01,2.170394510030746460e-01,1.870809197425842285e-01,1.472313106060028076e-01,1.461440175771713257e-01,1.551428437232971191e-01,2.091016918420791626e-01,1.983343958854675293e-01,3.419310599565505981e-02,3.657188639044761658e-02,5.281833931803703308e-02,1.463325917720794678e-01,2.888572514057159424e-01,2.998398542404174805e-01,3.754338324069976807e-01,3.478361368179321289e-01,2.826033830642700195e-01,2.439972460269927979e-01,1.803728640079498291e-01,1.479588150978088379e-01,1.789162606000900269e-01,2.246937304735183716e-01,2.490303516387939453e-01,2.429559975862503052e-01,2.416366338729858398e-01,2.158231586217880249e-01,2.810955047607421875e-01,3.204765617847442627e-01,3.200055956840515137e-01,2.174100875854492188e-01,5.510380119085311890e-02,3.269438818097114563e-02,1.718536913394927979e-01,1.928758025169372559e-01,1.821358501911163330e-01,7.545500993728637695e-02,7.153055071830749512e-02,9.240887314081192017e-02,1.004150807857513428e-01,1.097956746816635132e-01,1.259587109088897705e-01,8.718654513359069824e-02,8.835839480161666870e-02,8.041676878929138184e-02,6.653130054473876953e-02,2.789887972176074982e-02,5.341004580259323120e-04,0.000000000000000000e+00,0.000000000000000000e+00,0.000000000000000000e+00,0.000000000000000000e+00,0.000000000000000000e+00,0.000000000000000000e+00,0.000000000000000000e+00,0.000000000000000000e+00,0.000000000000000000e+00,0.000000000000000000e+00,0.000000000000000000e+00,2.087035961449146271e-02,1.288131773471832275e-01,6.884887814521789551e-02,5.713796988129615784e-02,0.000000000000000000e+00,0.000000000000000000e+00,0.000000000000000000e+00,0.000000000000000000e+00,3.751035407185554504e-02,2.646924555301666260e-02,2.282847464084625244e-02
4.083253860473632812e+00,3.096742868423461914e+00,2.677692651748657227e+00,3.104594469070434570e+00,2.411285638809204102e+00,3.105843067169189453e+00,3.062246322631835938e+00,2.733433008193969727e+00,3.264159917831420898e+00,3.622890472412109375e+00,3.733881711959838867e+00,4.312575817108154297e+00,3.818695783615112305e+00,3.398305892944335938e+00,3.891497135162353516e+00,3.794103860855102539e+00,3.689400196075439453e+00,2.460295438766479492e+00,1.680758595466613770e+00,1.773809432983398438e+00,1.739520072937011719e+00,1.624781727790832520e+00,1.621383547782897949e+00,1.498840689659118652e+00,1.566563248634338379e+00,1.903923630714416504e+00,1.726702690124511719e+00,1.214930415153503418e+00,1.939783334732055664e+00,1.735502004623413086e+00,3.858776330947875977e+00,2.196429491043090820e+00,2.739764690399169922e+00,2.207468032836914062e+00,2.146909236907958984e+00,3.782589673995971680e+00,3.876121759414672852e+00,4.051945686340332031e+00,4.461442947387695312e+00,4.798425674438476562e+00,4.072193145751953125e+00,3.539395332336425781e+00,3.397849559783935547e+00,2.031067132949829102e+00,7.588254213333129883e-01,7.840634584426879883e-01,8.469225764274597168e-01,1.054642677307128906e+00,1.057979226112365723e+00,1.260270357131958008e+00,1.354719996452331543e+00,1.399436831474304199e+00,1.432750344276428223e+00,1.483825922012329102e+00,1.416107416152954102e+00,1.470789074897766113e+00,1.651358127593994141e+00,1.387261271476745605e+00,1.314957022666931152e+00,1.228109836578369141e+00,1.026740550994873047e+00,1.033697605133056641e+00,9.351333975791931152e-01,7.005271911621093750e-01,7.048752903938293457e-01,6.598200798034667969e-01,1.159920334815979004e+00,1.096984744071960449e+00,1.180933356285095215e+00,1.649022102355957031e+00,1.435175776481628418e+00,1.569622397422790527e+00,1.523038506507873535e+00,1.846590280532836914e+00,1.797237157821655273e+00,1.511933326721191406e+00,1.497278809547424316e+00,1.574086070060729980e+00,1.393558382987976074e+00,1.262761950492858887e+00,1.151515603065490723e+00,4.948850274085998535e-01,5.639124512672424316e-01,6.774647235870361328e-01,6.478107571601867676e-01,3.932855725288391113e-01,2.281033247709274292e-01,2.349754422903060913e-01,3.688665032386779785e-01,2.035674601793289185e-01,1.103652119636535645e-01,0.000000000000000000e+00,0.000000000000000000e+00,0.000000000000000000e+00,0.000000000000000000e+00,0.000000000000000000e+00,0.000000000000000000e+00,0.000000000000000000e+00,2.659946912899613380e-03,9.301028400659561157e-02,8.253656327724456787e-02,0.000000000000000000e+00,0.000000000000000000e+00,0.000000000000000000e+00,0.000000000000000000e+00,0.000000000000000000e+00,0.000000000000000000e+00,0.000000000000000000e+00,0.000000000000000000e+00,0.000000000000000000e+00,0.000000000000000000e+00,0.000000000000000000e+00,0.000000000000000000e+00,1.646874547004699707e-01,5.173291563987731934e-01,5.351868867874145508e-01,5.332189202308654785e-01,4.192538559436798096e-01,4.170145690441131592e-01,5.257320404052734375e-01,6.045531630516052246e-01,5.788076519966125488e-01,1.309985965490341187e-01,6.418409943580627441e-02,2.561402507126331329e-02,3.728635236620903015e-02,1.994352973997592926e-02,3.575047012418508530e-03,0.000000000000000000e+00,0.000000000000000000e+00,0.000000000000000000e+00,0.000000000000000000e+00,0.000000000000000000e+00,3.909962996840476990e-02,1.324103325605392456e-01,0.000000000000000000e+00,0.000000000000000000e+00,0.000000000000000000e+00,7.133533805608749390e-02,1.859178692102432251e-01,2.498085349798202515e-01,3.150828182697296143e-01,3.013131320476531982e-01,5.923978611826896667e-02,0.000000000000000000e+00,0.000000000000000000e+00,0.000000000000000000e+00,0.000000000000000000e+00,0.000000000000000000e+00,0.000000000000000000e+00,0.000000000000000000e+00,0.000000000000000000e+00,0.000000000000000000e+00,0.000000000000000000e+00,0.000000000000000000e+00,0.000000000000000000e+00,3.123799338936805725e-02,1.294296532869338989e-01,1.138378083705902100e-01,3.691441938281059265e-02,6.178868189454078674e-02,1.761085838079452515e-01,2.441285997629165649e-01,2.830388247966766357e-01,2.833029925823211670e-01,3.203799128532409668e-01,3.490944504737854004e-01,3.266463875770568848e-01,2.564407289028167725e-01,2.441145181655883789e-01,1.942800879478454590e-01,1.967262625694274902e-01,1.953034549951553345e-01,2.545978426933288574e-01,2.853195071220397949e-01,1.758670508861541748e-01,4.211731627583503723e-02,9.667345881462097168e-02,1.765655577182769775e-01,3.174127936363220215e-01,3.833634257316589355e-01,3.898141682147979736e-01,3.488633036613464355e-01,3.010574281215667725e-01,2.656637132167816162e-01,2.135339081287384033e-01,1.612148880958557129e-01,1.788183897733688354e-01,2.252522110939025879e-01,2.466320395469665527e-01,2.758177220821380615e-01,2.674274444580078125e-01,2.512523829936981201e-01,2.490295916795730591e-01,2.419090420007705688e-01,2.118414938449859619e-01,1.513648033142089844e-01,5.554594472050666809e-02,7.883501052856445312e-02,1.348233669996261597e-01,1.108453348278999329e-01,1.050779670476913452e-01,5.156749859452247620e-02,6.233242154121398926e-02,6.938409060239791870e-02,1.204230859875679016e-01,1.213923096656799316e-01,1.465893536806106567e-01,1.247531324625015259e-01,1.151107326149940491e-01,7.551480829715728760e-02,4.988456889986991882e-02,2.037468738853931427e-02,9.220865555107593536e-03,0.000000000000000000e+00,0.000000000000000000e+00,0.000000000000000000e+00,0.000000000000000000e+00,0.000000000000000000e+00,0.000000000000000000e+00,0.000000000000000000e+00,0.000000000000000000e+00,0.000000000000000000e+00,0.000000000000000000e+00,0.000000000000000000e+00,5.665111169219017029e-02,1.115656122565269470e-01,9.178304672241210938e-02,9.342992305755615234e-02,0.000000000000000000e+00,0.000000000000000000e+00,0.000000000000000000e+00,0.000000000000000000e+00,1.573329791426658630e-02,1.389309484511613846e-02,4.711867123842239380e-02
2.684588670730590820e+00,2.687415122985839844e+00,2.658888816833496094e+00,2.838522195816040039e+00,2.693965196609497070e+00,2.809341192245483398e+00,2.845921754837036133e+00,2.571102380752563477e+00,3.035298109054565430e+00,2.631218910217285156e+00,2.404475927352905273e+00,2.721643924713134766e+00,3.793626546859741211e+00,3.744887351989746094e+00,4.598314285278320312e+00,4.822981834411621094e+00,4.693855762481689453e+00,3.704063653945922852e+00,2.665660619735717773e+00,2.372884035110473633e+00,1.551245093345642090e+00,1.595800042152404785e+00,1.184875249862670898e+00,1.297262191772460938e+00,1.203053712844848633e+00,1.016184449195861816e+00,9.530009627342224121e-01,1.829228520393371582e+00,2.061159849166870117e+00,2.168598413467407227e+00,3.121667861938476562e+00,2.458907365798950195e+00,2.736651897430419922e+00,2.428563833236694336e+00,2.370821237564086914e+00,2.681280612945556641e+00,2.953468084335327148e+00,3.285236835479736328e+00,3.746743917465209961e+00,3.982210636138916016e+00,4.135798931121826172e+00,3.103552341461181641e+00,1.701352119445800781e+00,8.435170054435729980e-01,8.184319138526916504e-01,8.100364208221435547e-01,8.392003178596496582e-01,1.007911682128906250e+00,1.048099279403686523e+00,1.119039654731750488e+00,1.322022557258605957e+00,1.423864722251892090e+00,1.542845010757446289e+00,1.499737143516540527e+00,1.484586834907531738e+00,1.412943720817565918e+00,1.646509885787963867e+00,1.702703714370727539e+00,1.680601954460144043e+00,1.324116349220275879e+00,1.065200567245483398e+00,1.058179378509521484e+00,8.988763689994812012e-01,6.844852566719055176e-01,7.090246677398681641e-01,5.661575794219970703e-01,1.002643346786499023e+00,1.101910471916198730e+00,1.226745486259460449e+00,2.252218961715698242e+00,1.889981627464294434e+00,1.911087989807128906e+00,2.568148136138916016e+00,2.019251585006713867e+00,1.990539312362670898e+00,1.626479387283325195e+00,1.912465929985046387e+00,1.978919386863708496e+00,1.300813198089599609e+00,8.729735612869262695e-01,8.052890896797180176e-01,5.066003799438476562e-01,6.259750723838806152e-01,7.758691310882568359e-01,8.325514197349548340e-01,7.087577581405639648e-01,6.242504715919494629e-01,6.896768808364868164e-01,4.999859333038330078e-01,1.088101938366889954e-01,8.386521600186824799e-03,1.469296496361494064e-02,0.000000000000000000e+00,1.849090680480003357e-02,0.000000000000000000e+00,9.873894974589347839e-03,7.939577102661132812e-03,3.573323786258697510e-02,2.134266644716262817e-01,0.000000000000000000e+00,0.000000000000000000e+00,0.000000000000000000e+00,0.000000000000000000e+00,0.000000000000000000e+00,0.000000000000000000e+00,0.000000000000000000e+00,0.000000000000000000e+00,0.000000000000000000e+00,0.000000000000000000e+00,0.000000000000000000e+00,0.000000000000000000e+00,9.885403560474514961e-04,0.000000000000000000e+00,4.183741658926010132e-02,4.002514183521270752e-01,3.193610608577728271e-01,3.406974375247955322e-01,3.240405023097991943e-01,3.586806654930114746e-01,4.749728143215179443e-01,5.429127216339111328e-01,4.433394670486450195e-01,5.737802013754844666e-02,7.842760533094406128e-02,1.273474693298339844e-01,1.010341048240661621e-01,4.063723981380462646e-02,0.000000000000000000e+00,0.000000000000000000e+00,1.095617073588073254e-03,0.000000000000000000e+00,0.000000000000000000e+00,1.875267596915364265e-03,8.757085539400577545e-03,0.000000000000000000e+00,0.000000000000000000e+00,0.000000000000000000e+00,0.000000000000000000e+00,4.139411821961402893e-02,2.144758701324462891e-01,3.037466704845428467e-01,3.398215174674987793e-01,3.039263784885406494e-01,0.000000000000000000e+00,0.000000000000000000e+00,0.000000000000000000e+00,0.000000000000000000e+00,0.000000000000000000e+00,0.000000000000000000e+00,0.000000000000000000e+00,0.000000000000000000e+00,0.000000000000000000e+00,0.000000000000000000e+00,0.000000000000000000e+00,3.982380405068397522e-02,4.304501414299011230e-02,6.778352707624435425e-02,1.731524616479873657e-01,1.898706257343292236e-01,9.519480168819427490e-02,6.046191602945327759e-02,1.412430256605148315e-01,2.536636888980865479e-01,3.094048202037811279e-01,2.769971191883087158e-01,2.614172697067260742e-01,2.758370637893676758e-01,2.693321704864501953e-01,2.296825349330902100e-01,2.598066926002502441e-01,2.236535549163818359e-01,2.209943979978561401e-01,2.488963156938552856e-01,2.726612985134124756e-01,2.832385301589965820e-01,2.389163374900817871e-01,1.937109082937240601e-01,1.686679124832153320e-01,2.037058323621749878e-01,2.859492599964141846e-01,3.611158430576324463e-01,3.849009275436401367e-01,3.358682096004486084e-01,2.865473031997680664e-01,2.921645045280456543e-01,2.330039292573928833e-01,1.755395680665969849e-01,1.731898337602615356e-01,2.179011106491088867e-01,2.610785663127899170e-01,2.771606445312500000e-01,3.179711401462554932e-01,3.160408735275268555e-01,2.631310820579528809e-01,2.140139937400817871e-01,1.860780268907546997e-01,1.426714807748794556e-01,7.918202877044677734e-02,1.055868417024612427e-01,7.916462421417236328e-02,9.255072474479675293e-02,1.019218415021896362e-01,9.241370111703872681e-02,7.666213810443878174e-02,7.288026809692382812e-02,1.178332567214965820e-01,1.290375888347625732e-01,1.523490995168685913e-01,1.286123096942901611e-01,1.028981357812881470e-01,6.314159184694290161e-02,3.595760464668273926e-02,2.396952360868453979e-02,1.495334412902593613e-02,0.000000000000000000e+00,0.000000000000000000e+00,0.000000000000000000e+00,0.000000000000000000e+00,0.000000000000000000e+00,0.000000000000000000e+00,0.000000000000000000e+00,0.000000000000000000e+00,0.000000000000000000e+00,0.000000000000000000e+00,0.000000000000000000e+00,3.277510404586791992e-02,1.449266672134399414e-01,1.063464805483818054e-01,5.645211786031723022e-02,5.246334243565797806e-03,0.000000000000000000e+00,0.000000000000000000e+00,0.000000000000000000e+00,1.863708905875682831e-02,8.206894621253013611e-03,1.337612569332122803e-01
2.777553081512451172e+00,2.576780080795288086e+00,2.426595211029052734e+00,3.108038425445556641e+00,3.131298780441284180e+00,3.721945047378540039e+00,3.375179529190063477e+00,3.270803928375244141e+00,3.356357812881469727e+00,2.562207460403442383e+00,1.891836524009704590e+00,1.788337469100952148e+00,2.992880344390869141e+00,3.352104187011718750e+00,4.737995147705078125e+00,3.958155393600463867e+00,3.879993915557861328e+00,3.625650405883789062e+00,2.874810695648193359e+00,2.268051147460937500e+00,2.189945459365844727e+00,1.852775692939758301e+00,1.146357536315917969e+00,1.057278394699096680e+00,1.181305527687072754e+00,1.196310997009277344e+00,1.220603704452514648e+00,1.952490925788879395e+00,2.555320501327514648e+00,2.541629076004028320e+00,2.256656169891357422e+00,2.319070339202880859e+00,2.838387727737426758e+00,2.397818565368652344e+00,2.791329860687255859e+00,3.008290290832519531e+00,2.978005409240722656e+00,3.080441236495971680e+00,3.481637954711914062e+00,3.783008098602294922e+00,3.779955625534057617e+00,2.162869215011596680e+00,9.193655252456665039e-01,8.174703717231750488e-01,7.572934627532958984e-01,7.461403012275695801e-01,8.990852236747741699e-01,9.627144336700439453e-01,9.844953417778015137e-01,9.928444623947143555e-01,1.222229838371276855e+00,1.474798202514648438e+00,1.562906384468078613e+00,1.455497741699218750e+00,1.542579770088195801e+00,1.424004197120666504e+00,1.670368552207946777e+00,1.566731214523315430e+00,1.548065900802612305e+00,1.402252435684204102e+00,1.234072923660278320e+00,1.257783651351928711e+00,1.018164634704589844e+00,7.541019916534423828e-01,7.845793962478637695e-01,5.715187788009643555e-01,1.213008999824523926e+00,1.447920560836791992e+00,1.522525310516357422e+00,2.047457695007324219e+00,2.668756246566772461e+00,2.596517801284790039e+00,3.620178222656250000e+00,2.370746850967407227e+00,2.266003847122192383e+00,2.143296003341674805e+00,2.263869285583496094e+00,2.369842529296875000e+00,1.634004235267639160e+00,1.278829932212829590e+00,1.171133399009704590e+00,8.270942568778991699e-01,8.558965921401977539e-01,8.817884922027587891e-01,1.059452176094055176e+00,8.262099623680114746e-01,6.510812044143676758e-01,5.771329998970031738e-01,1.831973046064376831e-01,8.078180998563766479e-02,3.646882623434066772e-02,2.592963352799415588e-02,0.000000000000000000e+00,0.000000000000000000e+00,0.000000000000000000e+00,7.185896392911672592e-03,0.000000000000000000e+00,2.592591345310211182e-01,7.001196146011352539e-01,0.000000000000000000e+00,0.000000000000000000e+00,0.000000000000000000e+00,0.000000000000000000e+00,0.000000000000000000e+00,0.000000000000000000e+00,0.000000000000000000e+00,0.000000000000000000e+00,0.000000000000000000e+00,0.000000000000000000e+00,0.000000000000000000e+00,0.000000000000000000e+00,0.000000000000000000e+00,0.000000000000000000e+00,0.000000000000000000e+00,1.055900901556015015e-01,1.459121853113174438e-01,1.773652136325836182e-01,2.122570127248764038e-01,1.745562106370925903e-01,1.739013642072677612e-01,4.001518189907073975e-01,3.259264230728149414e-01,1.069456264376640320e-01,6.780806928873062134e-02,2.354608178138732910e-01,1.525434702634811401e-01,1.662889122962951660e-01,5.242347717285156250e-02,7.813068479299545288e-02,4.232895374298095703e-02,0.000000000000000000e+00,7.680202368646860123e-03,6.017070729285478592e-03,0.000000000000000000e+00,0.000000000000000000e+00,0.000000000000000000e+00,0.000000000000000000e+00,0.000000000000000000e+00,7.599182426929473877e-02,1.766487360000610352e-01,2.695732116699218750e-01,8.489490300416946411e-02,5.140643939375877380e-02,0.000000000000000000e+00,0.000000000000000000e+00,0.000000000000000000e+00,0.000000000000000000e+00,0.000000000000000000e+00,0.000000000000000000e+00,3.095326758921146393e-02,3.808356076478958130e-02,1.948298327624797821e-02,1.056509912014007568e-01,1.409547477960586548e-01,2.201000601053237915e-01,1.872902214527130127e-01,1.123366132378578186e-01,1.868869364261627197e-01,2.277569323778152466e-01,1.711546629667282104e-01,6.353560090065002441e-02,3.835873305797576904e-02,1.383847594261169434e-01,2.340260446071624756e-01,2.580179572105407715e-01,2.255671173334121704e-01,2.127452343702316284e-01,2.434139549732208252e-01,2.514466941356658936e-01,2.553839981555938721e-01,2.781069576740264893e-01,2.783695757389068604e-01,2.962281405925750732e-01,2.837147414684295654e-01,3.037772476673126221e-01,2.630926668643951416e-01,2.391963601112365723e-01,2.012084126472473145e-01,2.215689420700073242e-01,2.633988261222839355e-01,3.187966048717498779e-01,3.372463583946228027e-01,3.254048228263854980e-01,2.720423936843872070e-01,2.482689619064331055e-01,2.388509660959243774e-01,1.847638487815856934e-01,1.710390448570251465e-01,2.361174374818801880e-01,3.423965573310852051e-01,3.589077293872833252e-01,3.759107291698455811e-01,3.058156669139862061e-01,2.864416539669036865e-01,1.377644687891006470e-01,1.511669605970382690e-01,1.359656006097793579e-01,1.943148672580718994e-01,1.260016858577728271e-01,5.625385418534278870e-02,1.403141915798187256e-01,1.273771375417709351e-01,7.585719227790832520e-02,8.694247901439666748e-02,9.881914407014846802e-02,1.359991878271102905e-01,1.493603587150573730e-01,1.623071581125259399e-01,1.316198259592056274e-01,8.581181615591049194e-02,3.941223397850990295e-02,1.081470958888530731e-02,1.119621377438306808e-02,0.000000000000000000e+00,0.000000000000000000e+00,0.000000000000000000e+00,0.000000000000000000e+00,0.000000000000000000e+00,0.000000000000000000e+00,0.000000000000000000e+00,0.000000000000000000e+00,0.000000000000000000e+00,0.000000000000000000e+00,0.000000000000000000e+00,0.000000000000000000e+00,5.284001678228378296e-02,1.475256681442260742e-01,1.170687228441238403e-01,6.721174716949462891e-02,3.694963455200195312e-02,1.919040456414222717e-02,1.955964835360646248e-03,2.187823876738548279e-03,4.639834165573120117e-02,1.156180724501609802e-01,1.983697265386581421e-01
2.167585134506225586e+00,2.619444608688354492e+00,2.527894735336303711e+00,2.218386173248291016e+00,2.278291463851928711e+00,3.658274173736572266e+00,3.763283014297485352e+00,3.645991563796997070e+00,2.683956623077392578e+00,2.986125469207763672e+00,2.677093267440795898e+00,1.622355937957763672e+00,1.536993741989135742e+00,1.516114354133605957e+00,2.335424423217773438e+00,2.267321348190307617e+00,2.449023246765136719e+00,2.959176540374755859e+00,3.114902734756469727e+00,2.789989709854125977e+00,2.518745660781860352e+00,2.358550786972045898e+00,2.186550140380859375e+00,1.899564981460571289e+00,1.154845595359802246e+00,1.230038166046142578e+00,1.180145859718322754e+00,1.791622757911682129e+00,2.323189735412597656e+00,2.919738292694091797e+00,2.547397851943969727e+00,2.086103677749633789e+00,2.251828670501708984e+00,2.052248239517211914e+00,2.481090307235717773e+00,2.039368152618408203e+00,2.203111648559570312e+00,2.730595827102661133e+00,3.613418340682983398e+00,3.555922269821166992e+00,3.049063920974731445e+00,1.945183277130126953e+00,9.923514723777770996e-01,1.025101661682128906e+00,8.249934315681457520e-01,8.137109279632568359e-01,8.659937977790832520e-01,8.894566297531127930e-01,9.338996410369873047e-01,1.091854691505432129e+00,1.231222033500671387e+00,1.452002525329589844e+00,1.563381910324096680e+00,1.611691832542419434e+00,1.624301671981811523e+00,1.579173326492309570e+00,1.632994771003723145e+00,1.690471768379211426e+00,1.666511297225952148e+00,1.489011883735656738e+00,1.348096728324890137e+00,1.329060912132263184e+00,9.871773123741149902e-01,7.970386743545532227e-01,8.070659637451171875e-01,5.600708127021789551e-01,1.169762611389160156e+00,1.847741246223449707e+00,1.909464001655578613e+00,2.108528852462768555e+00,2.779660224914550781e+00,2.631898164749145508e+00,3.258008003234863281e+00,3.056808233261108398e+00,3.121864318847656250e+00,2.672770738601684570e+00,2.411361694335937500e+00,2.423979282379150391e+00,2.090338468551635742e+00,1.746385097503662109e+00,1.754575848579406738e+00,9.773662686347961426e-01,1.005246520042419434e+00,9.228599667549133301e-01,8.397550582885742188e-01,5.810830593109130859e-01,6.292315721511840820e-01,6.019527912139892578e-01,2.956516742706298828e-01,9.941262751817703247e-02,8.681108802556991577e-02,3.978085145354270935e-02,0.000000000000000000e+00,0.000000000000000000e+00,1.608473360538482666e-01,1.159040257334709167e-01,1.225484907627105713e-01,9.102547913789749146e-02,3.248744606971740723e-01,6.581505294889211655e-03,0.000000000000000000e+00,0.000000000000000000e+00,0.000000000000000000e+00,0.000000000000000000e+00,0.000000000000000000e+00,0.000000000000000000e+00,0.000000000000000000e+00,0.000000000000000000e+00,0.000000000000000000e+00,0.000000000000000000e+00,0.000000000000000000e+00,0.000000000000000000e+00,0.000000000000000000e+00,0.000000000000000000e+00,4.708146676421165466e-02,8.048529922962188721e-02,1.577230691909790039e-01,2.169198840856552124e-01,2.103395462036132812e-01,1.905599236488342285e-01,4.091274440288543701e-01,6.488641500473022461e-01,6.804926693439483643e-02,1.634672582149505615e-01,1.645678579807281494e-01,1.858537048101425171e-01,1.729898452758789062e-01,5.377919226884841919e-02,5.440199002623558044e-02,8.040078729391098022e-02,7.647259626537561417e-03,6.899694446474313736e-03,4.628022667020559311e-03,0.000000000000000000e+00,0.000000000000000000e+00,0.000000000000000000e+00,0.000000000000000000e+00,0.000000000000000000e+00,7.803195714950561523e-02,1.824478358030319214e-01,2.941631674766540527e-01,1.064309179782867432e-01,0.000000000000000000e+00,0.000000000000000000e+00,0.000000000000000000e+00,0.000000000000000000e+00,0.000000000000000000e+00,1.023997180163860321e-02,2.750790119171142578e-02,7.132727652788162231e-02,1.040374785661697388e-01,1.072381734848022461e-01,1.908520460128784180e-01,2.973545491695404053e-01,3.171826601028442383e-01,2.522096931934356689e-01,1.682113409042358398e-01,2.493804991245269775e-01,2.716799080371856689e-01,2.021433264017105103e-01,6.365646421909332275e-02,5.119236931204795837e-02,1.275296509265899658e-01,2.256013900041580200e-01,2.779660522937774658e-01,2.315434068441390991e-01,2.276599258184432983e-01,2.617400288581848145e-01,2.642907500267028809e-01,2.453044354915618896e-01,2.555139958858489990e-01,2.591183781623840332e-01,2.665360867977142334e-01,2.893217206001281738e-01,2.896569371223449707e-01,2.781310975551605225e-01,2.565347850322723389e-01,2.316056489944458008e-01,2.292109280824661255e-01,2.444474548101425171e-01,2.819646298885345459e-01,2.957261800765991211e-01,3.232833743095397949e-01,2.864343225955963135e-01,2.671457231044769287e-01,2.215028107166290283e-01,2.300831228494644165e-01,2.319254428148269653e-01,2.659491002559661865e-01,3.455923795700073242e-01,3.783445060253143311e-01,3.408929407596588135e-01,2.141871452331542969e-01,1.831143200397491455e-01,1.070250496268272400e-01,1.232601627707481384e-01,1.569386720657348633e-01,2.304260432720184326e-01,1.725233942270278931e-01,1.693167686462402344e-01,1.951517015695571899e-01,1.473628580570220947e-01,7.174712419509887695e-02,7.574473321437835693e-02,9.269278496503829956e-02,1.252473294734954834e-01,1.512484401464462280e-01,1.644619405269622803e-01,1.236353069543838501e-01,7.399111241102218628e-02,1.219943724572658539e-02,6.320721469819545746e-03,1.229251455515623093e-02,0.000000000000000000e+00,0.000000000000000000e+00,0.000000000000000000e+00,0.000000000000000000e+00,0.000000000000000000e+00,0.000000000000000000e+00,0.000000000000000000e+00,0.000000000000000000e+00,0.000000000000000000e+00,0.000000000000000000e+00,0.000000000000000000e+00,0.000000000000000000e+00,5.067456513643264771e-03,9.781964123249053955e-02,9.044670313596725464e-02,7.373798638582229614e-02,5.568014457821846008e-02,3.699970245361328125e-02,3.085001185536384583e-02,4.888838529586791992e-02,4.673741385340690613e-02,1.265507936477661133e-01,1.722557842731475830e-01
2.211224317550659180e+00,2.765888690948486328e+00,2.518933773040771484e+00,2.255740404129028320e+00,2.418637752532958984e+00,4.564806461334228516e+00,3.940378665924072266e+00,3.483546018600463867e+00,2.137593507766723633e+00,2.798872232437133789e+00,2.340452671051025391e+00,1.501585364341735840e+00,1.394086837768554688e+00,1.447868347167968750e+00,2.167252540588378906e+00,2.409188270568847656e+00,2.539457082748413086e+00,3.429614543914794922e+00,2.997714042663574219e+00,2.684297084808349609e+00,2.519259929656982422e+00,2.250638484954833984e+00,2.193415880203247070e+00,2.079477787017822266e+00,1.604721069335937500e+00,1.291933178901672363e+00,1.275921821594238281e+00,1.973576188087463379e+00,2.855633735656738281e+00,2.882987976074218750e+00,2.806492090225219727e+00,2.517145872116088867e+00,2.670505762100219727e+00,2.228691577911376953e+00,2.566056728363037109e+00,1.795031189918518066e+00,1.567399382591247559e+00,1.783777952194213867e+00,2.547303676605224609e+00,2.583728075027465820e+00,2.297201156616210938e+00,9.825758337974548340e-01,1.000154733657836914e+00,1.004153490066528320e+00,8.153332471847534180e-01,8.395417332649230957e-01,9.343035221099853516e-01,9.339256882667541504e-01,9.354166984558105469e-01,1.099909305572509766e+00,1.266834139823913574e+00,1.482767462730407715e+00,1.634886860847473145e+00,1.726946234703063965e+00,1.763113141059875488e+00,1.666344523429870605e+00,1.616230726242065430e+00,1.652281403541564941e+00,1.642707943916320801e+00,1.453070402145385742e+00,1.242905378341674805e+00,1.242731928825378418e+00,9.271471500396728516e-01,7.689188122749328613e-01,7.645166516304016113e-01,5.144685506820678711e-01,1.103556156158447266e+00,1.650869965553283691e+00,1.634764552116394043e+00,1.871177792549133301e+00,2.396004199981689453e+00,2.740719795227050781e+00,3.385498762130737305e+00,3.044706583023071289e+00,3.136403799057006836e+00,2.796749830245971680e+00,2.271981477737426758e+00,2.198958158493041992e+00,1.939870476722717285e+00,1.649755597114562988e+00,1.650749087333679199e+00,9.764320850372314453e-01,1.011376500129699707e+00,9.383198022842407227e-01,9.323509931564331055e-01,6.054505109786987305e-01,6.181632280349731445e-01,5.758761763572692871e-01,2.738064825534820557e-01,8.274883031845092773e-02,6.649236381053924561e-02,1.694861426949501038e-02,0.000000000000000000e+00,0.000000000000000000e+00,1.057517156004905701e-01,1.208649873733520508e-01,1.518429666757583618e-01,1.032970622181892395e-01,3.280925452709197998e-01,9.982448071241378784e-03,0.000000000000000000e+00,0.000000000000000000e+00,0.000000000000000000e+00,0.000000000000000000e+00,0.000000000000000000e+00,0.000000000000000000e+00,0.000000000000000000e+00,0.000000000000000000e+00,0.000000000000000000e+00,0.000000000000000000e+00,0.000000000000000000e+00,0.000000000000000000e+00,0.000000000000000000e+00,0.000000000000000000e+00,7.902771979570388794e-02,8.530924469232559204e-02,1.024601906538009644e-01,1.388998478651046753e-01,1.864034831523895264e-01,2.887961268424987793e-01,3.320983946323394775e-01,4.344569742679595947e-01,2.772971056401729584e-02,9.493895620107650757e-02,9.349233657121658325e-02,1.262889206409454346e-01,1.384453475475311279e-01,9.342347085475921631e-02,1.130096316337585449e-01,9.562270343303680420e-02,2.300073951482772827e-02,1.990191638469696045e-02,6.278670858591794968e-03,0.000000000000000000e+00,0.000000000000000000e+00,0.000000000000000000e+00,0.000000000000000000e+00,0.000000000000000000e+00,6.370229274034500122e-02,1.775853931903839111e-01,2.553818821907043457e-01,3.299705684185028076e-02,0.000000000000000000e+00,0.000000000000000000e+00,0.000000000000000000e+00,0.000000000000000000e+00,0.000000000000000000e+00,7.159034162759780884e-02,1.052408739924430847e-01,1.136019602417945862e-01,1.354936212301254272e-01,1.954275220632553101e-01,2.963258922100067139e-01,3.374345302581787109e-01,3.474953174591064453e-01,2.988608181476593018e-01,2.312256544828414917e-01,2.844407856464385986e-01,2.940286695957183838e-01,1.903311908245086670e-01,8.298982679843902588e-02,8.949913829565048218e-02,1.612820923328399658e-01,2.289814800024032593e-01,2.662202119827270508e-01,2.045383453369140625e-01,2.269651889801025391e-01,2.783247232437133789e-01,3.100200295448303223e-01,2.876143753528594971e-01,2.343148440122604370e-01,2.630069851875305176e-01,2.747135758399963379e-01,2.769619822502136230e-01,2.897709608078002930e-01,2.789812982082366943e-01,2.658100724220275879e-01,2.562649250030517578e-01,2.478308230638504028e-01,2.386184632778167725e-01,2.501316368579864502e-01,2.286002039909362793e-01,2.436277270317077637e-01,2.881474494934082031e-01,2.717011570930480957e-01,1.909599155187606812e-01,2.359829992055892944e-01,2.505132257938385010e-01,2.622180581092834473e-01,2.963053286075592041e-01,2.994362115859985352e-01,2.836934030055999756e-01,1.656937152147293091e-01,1.497472226619720459e-01,1.118700429797172546e-01,1.534435153007507324e-01,1.706641465425491333e-01,1.707002967596054077e-01,1.862831413745880127e-01,2.526448071002960205e-01,2.552915811538696289e-01,1.563066840171813965e-01,7.359685003757476807e-02,6.467390060424804688e-02,8.221330493688583374e-02,1.305100172758102417e-01,1.514576524496078491e-01,1.593106985092163086e-01,9.774675965309143066e-02,4.383486881852149963e-02,2.236157096922397614e-02,2.903078682720661163e-02,5.896155163645744324e-02,0.000000000000000000e+00,0.000000000000000000e+00,0.000000000000000000e+00,0.000000000000000000e+00,0.000000000000000000e+00,0.000000000000000000e+00,0.000000000000000000e+00,0.000000000000000000e+00,0.000000000000000000e+00,0.000000000000000000e+00,0.000000000000000000e+00,0.000000000000000000e+00,1.794512500055134296e-03,8.660043776035308838e-02,1.003249809145927429e-01,9.062076359987258911e-02,9.720361232757568359e-02,1.116625145077705383e-01,7.104073464870452881e-02,9.256611019372940063e-02,9.487218409776687622e-02,1.801776885986328125e-01,8.013141155242919922e-02
2.289691925048828125e+00,2.991662502288818359e+00,2.745324373245239258e+00,2.801192760467529297e+00,3.029960632324218750e+00,3.708713531494140625e+00,2.647578716278076172e+00,2.431384801864624023e+00,1.747667312622070312e+00,1.679659008979797363e+00,1.810333251953125000e+00,1.152584552764892578e+00,1.287494421005249023e+00,1.392604589462280273e+00,2.104232311248779297e+00,2.388736963272094727e+00,2.516330957412719727e+00,2.744958877563476562e+00,2.865173816680908203e+00,4.132437229156494141e+00,4.398132801055908203e+00,3.461012840270996094e+00,2.584293603897094727e+00,2.713048696517944336e+00,2.666884183883666992e+00,2.168546915054321289e+00,2.452902317047119141e+00,2.574315309524536133e+00,2.451669692993164062e+00,2.526649713516235352e+00,2.634466171264648438e+00,2.308163642883300781e+00,2.599114656448364258e+00,1.790402770042419434e+00,1.335416555404663086e+00,1.198880553245544434e+00,1.154278755187988281e+00,1.982662320137023926e+00,2.664577007293701172e+00,2.738056421279907227e+00,1.218493223190307617e+00,1.355286955833435059e+00,1.399417757987976074e+00,1.075462579727172852e+00,7.642578482627868652e-01,7.551202774047851562e-01,9.505400657653808594e-01,1.073099136352539062e+00,1.100727796554565430e+00,1.130170464515686035e+00,1.261960983276367188e+00,1.604069471359252930e+00,1.704589486122131348e+00,1.746771097183227539e+00,1.714264869689941406e+00,1.665643215179443359e+00,1.588703751564025879e+00,1.498541951179504395e+00,1.457263708114624023e+00,1.418983459472656250e+00,1.203601002693176270e+00,1.178043246269226074e+00,9.894164800643920898e-01,7.546604275703430176e-01,7.907407879829406738e-01,7.396553158760070801e-01,1.235700726509094238e+00,1.417299151420593262e+00,1.518488287925720215e+00,1.892446279525756836e+00,2.219477891921997070e+00,2.657308340072631836e+00,3.055058717727661133e+00,2.742942094802856445e+00,2.807044506072998047e+00,2.716984748840332031e+00,2.726410865783691406e+00,2.698359727859497070e+00,1.928862214088439941e+00,1.394686937332153320e+00,1.415794134140014648e+00,1.035661935806274414e+00,9.863012433052062988e-01,8.467431068420410156e-01,8.641633987426757812e-01,6.871955394744873047e-01,6.842865347862243652e-01,6.732025742530822754e-01,3.058327734470367432e-01,8.889202028512954712e-02,6.559099256992340088e-02,1.288496851921081543e-01,2.854467332363128662e-01,3.173884153366088867e-01,1.794538050889968872e-01,4.784193634986877441e-02,2.977269515395164490e-02,7.168662548065185547e-02,1.153551220893859863e+00,9.249864220619201660e-01,9.476773738861083984e-01,0.000000000000000000e+00,0.000000000000000000e+00,0.000000000000000000e+00,0.000000000000000000e+00,0.000000000000000000e+00,0.000000000000000000e+00,0.000000000000000000e+00,0.000000000000000000e+00,0.000000000000000000e+00,0.000000000000000000e+00,0.000000000000000000e+00,0.000000000000000000e+00,0.000000000000000000e+00,0.000000000000000000e+00,0.000000000000000000e+00,3.872217610478401184e-02,6.768896430730819702e-02,9.361577033996582031e-02,9.237000346183776855e-02,3.572736680507659912e-01,3.157395422458648682e-01,1.112159043550491333e-01,6.482880562543869019e-03,0.000000000000000000e+00,1.086923629045486450e-01,1.375341415405273438e-01,1.333245635032653809e-01,1.152342632412910461e-01,5.433492735028266907e-02,2.554960735142230988e-02,7.883689552545547485e-02,7.320134341716766357e-02,2.408496569842100143e-03,0.000000000000000000e+00,0.000000000000000000e+00,0.000000000000000000e+00,0.000000000000000000e+00,0.000000000000000000e+00,2.076421119272708893e-02,2.779688872396945953e-02,0.000000000000000000e+00,0.000000000000000000e+00,0.000000000000000000e+00,0.000000000000000000e+00,0.000000000000000000e+00,0.000000000000000000e+00,1.282645314931869507e-01,1.968170255422592163e-01,1.208398938179016113e-01,1.078619211912155151e-01,1.443931907415390015e-01,2.479806840419769287e-01,3.421956300735473633e-01,3.721750080585479736e-01,3.260133564472198486e-01,3.274680972099304199e-01,3.461987376213073730e-01,2.765134871006011963e-01,2.088686972856521606e-01,1.319262981414794922e-01,1.557158827781677246e-01,1.427860856056213379e-01,1.771268546581268311e-01,2.266503423452377319e-01,2.546638250350952148e-01,2.705955207347869873e-01,2.490153610706329346e-01,2.644892334938049316e-01,2.748115658760070801e-01,2.354201078414916992e-01,2.452996224164962769e-01,2.574661374092102051e-01,2.538367509841918945e-01,3.055958747863769531e-01,3.068816065788269043e-01,2.588644921779632568e-01,1.967983096837997437e-01,1.811954975128173828e-01,1.716071963310241699e-01,1.861182153224945068e-01,2.274674624204635620e-01,2.517120540142059326e-01,2.844981253147125244e-01,2.141842246055603027e-01,2.198383212089538574e-01,1.874398440122604370e-01,2.010314017534255981e-01,2.518023848533630371e-01,2.227667719125747681e-01,2.403628230094909668e-01,2.623933553695678711e-01,2.530272603034973145e-01,2.197482436895370483e-01,1.713692992925643921e-01,1.631105542182922363e-01,1.959441900253295898e-01,1.792213469743728638e-01,1.884512603282928467e-01,1.830779463052749634e-01,1.489626169204711914e-01,1.361842453479766846e-01,1.034415662288665771e-01,1.165727078914642334e-01,1.215218603610992432e-01,1.483517438173294067e-01,1.449217200279235840e-01,1.077703982591629028e-01,6.045293807983398438e-02,4.383550956845283508e-02,7.066667824983596802e-02,4.778059944510459900e-02,3.817076608538627625e-02,0.000000000000000000e+00,0.000000000000000000e+00,0.000000000000000000e+00,0.000000000000000000e+00,0.000000000000000000e+00,0.000000000000000000e+00,0.000000000000000000e+00,0.000000000000000000e+00,0.000000000000000000e+00,0.000000000000000000e+00,0.000000000000000000e+00,0.000000000000000000e+00,0.000000000000000000e+00,0.000000000000000000e+00,0.000000000000000000e+00,6.103408709168434143e-02,1.478742957115173340e-01,1.249009594321250916e-01,1.519696265459060669e-01,1.163892447948455811e-01,2.278721630573272705e-01,1.837061047554016113e-01,7.435633242130279541e-02
3.391023874282836914e+00,3.506629705429077148e+00,3.240579128265380859e+00,3.543014526367187500e+00,3.938047170639038086e+00,3.224580049514770508e+00,3.088503360748291016e+00,2.396928548812866211e+00,1.752088069915771484e+00,1.493964076042175293e+00,1.325569033622741699e+00,1.593796730041503906e+00,1.531322836875915527e+00,1.676721453666687012e+00,2.121667385101318359e+00,2.471751213073730469e+00,2.664603948593139648e+00,3.271734952926635742e+00,4.175902366638183594e+00,4.138966083526611328e+00,4.564680099487304688e+00,3.791185617446899414e+00,2.773969650268554688e+00,2.901531457901000977e+00,2.298732995986938477e+00,2.106945037841796875e+00,2.367498159408569336e+00,2.635416507720947266e+00,2.294637441635131836e+00,2.250418901443481445e+00,2.070251703262329102e+00,2.162370681762695312e+00,1.678446292877197266e+00,2.234272956848144531e+00,1.590933203697204590e+00,1.346736431121826172e+00,1.170021176338195801e+00,1.045589447021484375e+00,1.555644750595092773e+00,1.563095331192016602e+00,1.245764374732971191e+00,1.082557082176208496e+00,1.072524666786193848e+00,7.216871380805969238e-01,5.544562339782714844e-01,5.600765347480773926e-01,7.982305884361267090e-01,9.561994671821594238e-01,9.416313767433166504e-01,1.267550706863403320e+00,1.996415734291076660e+00,1.776079297065734863e+00,1.929257869720458984e+00,1.904423356056213379e+00,1.747552752494812012e+00,1.719091773033142090e+00,1.501692414283752441e+00,1.457387924194335938e+00,1.415686607360839844e+00,1.366754055023193359e+00,1.302356719970703125e+00,1.289352178573608398e+00,1.181028127670288086e+00,1.033634185791015625e+00,1.064847588539123535e+00,9.065468907356262207e-01,1.561715364456176758e+00,1.720703840255737305e+00,1.761269688606262207e+00,1.954913496971130371e+00,1.873658180236816406e+00,2.248296976089477539e+00,2.624813318252563477e+00,2.617055416107177734e+00,2.592104196548461914e+00,2.384361743927001953e+00,2.272333383560180664e+00,2.261696815490722656e+00,1.873368978500366211e+00,1.385066390037536621e+00,1.369541049003601074e+00,8.068842291831970215e-01,8.355625271797180176e-01,8.826147317886352539e-01,8.956812620162963867e-01,6.924219131469726562e-01,8.567703366279602051e-01,8.008789420127868652e-01,3.509279191493988037e-01,7.531786710023880005e-02,4.104256629943847656e-02,0.000000000000000000e+00,0.000000000000000000e+00,0.000000000000000000e+00,4.935511574149131775e-02,0.000000000000000000e+00,0.000000000000000000e+00,1.423235796391963959e-02,0.000000000000000000e+00,0.000000000000000000e+00,0.000000000000000000e+00,0.000000000000000000e+00,0.000000000000000000e+00,0.000000000000000000e+00,0.000000000000000000e+00,0.000000000000000000e+00,0.000000000000000000e+00,0.000000000000000000e+00,0.000000000000000000e+00,0.000000000000000000e+00,0.000000000000000000e+00,0.000000000000000000e+00,0.000000000000000000e+00,0.000000000000000000e+00,0.000000000000000000e+00,0.000000000000000000e+00,0.000000000000000000e+00,0.000000000000000000e+00,9.015329182147979736e-03,1.587387770414352417e-01,2.724679112434387207e-01,2.142363637685775757e-01,1.186939105391502380e-01,7.387264817953109741e-02,1.224667672067880630e-02,1.298064142465591431e-01,1.477603614330291748e-01,1.127907708287239075e-01,1.330722272396087646e-01,3.605286031961441040e-02,2.870467863976955414e-02,1.247062310576438904e-01,5.824426189064979553e-02,1.034974004141986370e-03,0.000000000000000000e+00,0.000000000000000000e+00,0.000000000000000000e+00,0.000000000000000000e+00,0.000000000000000000e+00,9.259884245693683624e-03,4.829471465200185776e-03,0.000000000000000000e+00,0.000000000000000000e+00,0.000000000000000000e+00,0.000000000000000000e+00,0.000000000000000000e+00,2.011529169976711273e-02,1.888970583677291870e-01,2.150165289640426636e-01,1.087252721190452576e-01,9.683033823966979980e-02,8.373829722404479980e-02,5.451781302690505981e-02,1.595986634492874146e-01,3.930637240409851074e-01,3.346685469150543213e-01,3.468355536460876465e-01,3.787167072296142578e-01,3.368280231952667236e-01,2.630233466625213623e-01,2.059042453765869141e-01,1.713633984327316284e-01,1.269323974847793579e-01,1.558336466550827026e-01,2.207525521516799927e-01,2.712264657020568848e-01,2.746363282203674316e-01,1.937827616930007935e-01,2.100182771682739258e-01,2.531200647354125977e-01,2.907090187072753906e-01,2.749619781970977783e-01,2.377391904592514038e-01,2.218084782361984253e-01,2.603729069232940674e-01,2.634305655956268311e-01,2.062530517578125000e-01,1.715489774942398071e-01,1.727632731199264526e-01,1.526408195495605469e-01,1.612324416637420654e-01,2.073334306478500366e-01,2.370427846908569336e-01,2.653659582138061523e-01,2.277597337961196899e-01,2.204767465591430664e-01,1.702077239751815796e-01,2.186832726001739502e-01,2.526913285255432129e-01,2.705638408660888672e-01,2.652051150798797607e-01,2.382044345140457153e-01,2.646953463554382324e-01,2.896825969219207764e-01,2.622057497501373291e-01,2.441718727350234985e-01,2.367869615554809570e-01,1.969580799341201782e-01,1.763644814491271973e-01,1.434372216463088989e-01,1.234299018979072571e-01,1.320469826459884644e-01,1.343679577112197876e-01,1.591916680335998535e-01,1.416676789522171021e-01,1.674322336912155151e-01,1.340215355157852173e-01,8.876056224107742310e-02,8.795003592967987061e-02,8.322576433420181274e-02,1.005056425929069519e-01,6.945499032735824585e-02,4.090059176087379456e-02,0.000000000000000000e+00,0.000000000000000000e+00,0.000000000000000000e+00,0.000000000000000000e+00,0.000000000000000000e+00,0.000000000000000000e+00,0.000000000000000000e+00,0.000000000000000000e+00,0.000000000000000000e+00,0.000000000000000000e+00,0.000000000000000000e+00,0.000000000000000000e+00,0.000000000000000000e+00,0.000000000000000000e+00,5.802812520414590836e-03,4.282815381884574890e-02,1.487489938735961914e-01,1.682577133178710938e-01,1.712298989295959473e-01,2.034375965595245361e-01,2.000494301319122314e-01,1.619006395339965820e-01,1.205002665519714355e-01
3.505404949188232422e+00,3.595481395721435547e+00,3.289332866668701172e+00,3.686216115951538086e+00,3.974311828613281250e+00,3.125110626220703125e+00,3.054978609085083008e+00,2.717010974884033203e+00,1.922513008117675781e+00,1.557485580444335938e+00,1.377285599708557129e+00,1.713669300079345703e+00,1.804734587669372559e+00,1.695724248886108398e+00,2.411948442459106445e+00,2.799412727355957031e+00,2.902253150939941406e+00,3.311712265014648438e+00,4.222070217132568359e+00,4.949220180511474609e+00,4.998782634735107422e+00,4.709361076354980469e+00,2.793323516845703125e+00,2.998587846755981445e+00,2.378569364547729492e+00,2.129640102386474609e+00,2.502895355224609375e+00,2.747141122817993164e+00,2.440641164779663086e+00,2.619375228881835938e+00,2.021339893341064453e+00,1.947073578834533691e+00,1.959382772445678711e+00,2.079822778701782227e+00,1.662677645683288574e+00,1.379496932029724121e+00,1.199046969413757324e+00,1.087634205818176270e+00,1.630644202232360840e+00,1.597114682197570801e+00,7.421522140502929688e-01,1.087011814117431641e+00,1.086537361145019531e+00,7.492671012878417969e-01,5.435401201248168945e-01,5.621815323829650879e-01,7.761773467063903809e-01,9.701614975929260254e-01,9.531055092811584473e-01,1.255533576011657715e+00,1.993466019630432129e+00,1.741321802139282227e+00,1.838196039199829102e+00,1.855640530586242676e+00,1.693859696388244629e+00,1.735591769218444824e+00,1.518849492073059082e+00,1.457273483276367188e+00,1.405286192893981934e+00,1.346259117126464844e+00,1.303616881370544434e+00,1.265774130821228027e+00,1.145041704177856445e+00,1.054757595062255859e+00,1.001537322998046875e+00,8.580830693244934082e-01,1.482062816619873047e+00,1.579004526138305664e+00,1.602714419364929199e+00,1.831927895545959473e+00,1.828704833984375000e+00,2.135144233703613281e+00,2.527360439300537109e+00,2.469369888305664062e+00,2.499451875686645508e+00,2.247031211853027344e+00,2.163355827331542969e+00,2.212223768234252930e+00,1.772117376327514648e+00,1.333790063858032227e+00,1.375393271446228027e+00,8.044098019599914551e-01,8.221614360809326172e-01,8.515534996986389160e-01,8.392971754074096680e-01,6.370881795883178711e-01,7.789004445075988770e-01,7.834048271179199219e-01,3.320015370845794678e-01,4.672941938042640686e-02,4.720648005604743958e-02,0.000000000000000000e+00,0.000000000000000000e+00,0.000000000000000000e+00,5.974677577614784241e-02,0.000000000000000000e+00,0.000000000000000000e+00,2.914662659168243408e-02,0.000000000000000000e+00,0.000000000000000000e+00,0.000000000000000000e+00,0.000000000000000000e+00,0.000000000000000000e+00,0.000000000000000000e+00,0.000000000000000000e+00,0.000000000000000000e+00,0.000000000000000000e+00,0.000000000000000000e+00,0.000000000000000000e+00,0.000000000000000000e+00,0.000000000000000000e+00,0.000000000000000000e+00,0.000000000000000000e+00,0.000000000000000000e+00,0.000000000000000000e+00,0.000000000000000000e+00,0.000000000000000000e+00,0.000000000000000000e+00,0.000000000000000000e+00,5.896236747503280640e-02,1.653810292482376099e-01,1.002395600080490112e-01,1.672665178775787354e-01,2.276628762483596802e-01,1.815886050462722778e-01,1.521775573492050171e-01,9.113264083862304688e-02,7.127495110034942627e-02,9.866362810134887695e-02,5.630456283688545227e-02,5.689750611782073975e-02,1.071471720933914185e-01,5.319810658693313599e-02,1.489191222935914993e-02,0.000000000000000000e+00,0.000000000000000000e+00,0.000000000000000000e+00,0.000000000000000000e+00,0.000000000000000000e+00,0.000000000000000000e+00,0.000000000000000000e+00,0.000000000000000000e+00,0.000000000000000000e+00,0.000000000000000000e+00,0.000000000000000000e+00,0.000000000000000000e+00,5.434657912701368332e-03,3.033949434757232666e-02,6.652848422527313232e-02,1.594555824995040894e-01,2.095262855291366577e-01,2.677681148052215576e-01,2.318212538957595825e-01,2.166171073913574219e-01,2.320262789726257324e-01,2.568893432617187500e-01,2.691769301891326904e-01,2.835774123668670654e-01,2.477189451456069946e-01,2.217861711978912354e-01,1.882072687149047852e-01,6.913149356842041016e-02,8.768260478973388672e-02,1.021922007203102112e-01,1.899160891771316528e-01,2.769411802291870117e-01,2.699015140533447266e-01,2.423416823148727417e-01,2.301324754953384399e-01,2.389649301767349243e-01,2.641638219356536865e-01,2.799234688282012939e-01,2.358292490243911743e-01,1.840250790119171143e-01,2.053006589412689209e-01,2.601608335971832275e-01,2.025624364614486694e-01,1.827987283468246460e-01,1.873556077480316162e-01,1.762877553701400757e-01,1.523274928331375122e-01,1.493671238422393799e-01,2.187741100788116455e-01,2.331749498844146729e-01,2.059249281883239746e-01,1.612777560949325562e-01,1.668467521667480469e-01,2.180887758731842041e-01,2.502879202365875244e-01,3.194895684719085693e-01,3.125506341457366943e-01,2.751598060131072998e-01,2.596647143363952637e-01,2.458887249231338501e-01,2.608143985271453857e-01,2.434388697147369385e-01,2.175488620996475220e-01,1.622427701950073242e-01,1.561033278703689575e-01,1.750893294811248779e-01,1.922750174999237061e-01,1.944546401500701904e-01,1.668218523263931274e-01,1.771489083766937256e-01,1.946226954460144043e-01,1.626052856445312500e-01,1.381307244300842285e-01,6.407562643289566040e-02,6.331133097410202026e-02,6.329968571662902832e-02,4.137696698307991028e-02,3.436496108770370483e-02,1.558916177600622177e-03,0.000000000000000000e+00,0.000000000000000000e+00,0.000000000000000000e+00,0.000000000000000000e+00,0.000000000000000000e+00,0.000000000000000000e+00,0.000000000000000000e+00,0.000000000000000000e+00,0.000000000000000000e+00,0.000000000000000000e+00,0.000000000000000000e+00,0.000000000000000000e+00,0.000000000000000000e+00,0.000000000000000000e+00,0.000000000000000000e+00,0.000000000000000000e+00,1.226598396897315979e-01,1.649359464645385742e-01,1.785738021135330200e-01,2.064022719860076904e-01,1.039988771080970764e-01,1.899741590023040771e-01,1.528387218713760376e-01
5.280806064605712891e+00,4.182748794555664062e+00,4.575415611267089844e+00,4.244730472564697266e+00,4.663491249084472656e+00,3.370183467864990234e+00,3.431067705154418945e+00,3.470145702362060547e+00,2.411674499511718750e+00,1.779392957687377930e+00,1.858376145362854004e+00,1.927256941795349121e+00,2.243903398513793945e+00,2.563544988632202148e+00,2.439750194549560547e+00,3.330593347549438477e+00,2.728625774383544922e+00,3.291360855102539062e+00,3.186700582504272461e+00,3.961957454681396484e+00,3.906974077224731445e+00,4.171237945556640625e+00,3.137304306030273438e+00,3.058142900466918945e+00,3.240348339080810547e+00,2.542258501052856445e+00,2.956050395965576172e+00,2.895177125930786133e+00,2.865694761276245117e+00,3.030808687210083008e+00,2.483549118041992188e+00,2.063467264175415039e+00,1.916617512702941895e+00,2.361616611480712891e+00,1.741062521934509277e+00,1.549776554107666016e+00,1.326470375061035156e+00,1.025680065155029297e+00,8.209190964698791504e-01,1.117227315902709961e+00,1.436151266098022461e+00,6.044532656669616699e-01,5.928733944892883301e-01,5.357438921928405762e-01,4.212343692779541016e-01,4.299682974815368652e-01,4.776467382907867432e-01,7.351995706558227539e-01,7.499297857284545898e-01,1.491671442985534668e+00,1.686174631118774414e+00,1.829614281654357910e+00,1.901925563812255859e+00,1.662441492080688477e+00,1.484882473945617676e+00,1.527639627456665039e+00,1.521945714950561523e+00,1.558297395706176758e+00,1.507204294204711914e+00,1.488947629928588867e+00,1.295809984207153320e+00,1.274805903434753418e+00,1.142084598541259766e+00,1.026451587677001953e+00,9.950054287910461426e-01,8.236057162284851074e-01,1.091823339462280273e+00,1.347530841827392578e+00,1.371053934097290039e+00,1.814482092857360840e+00,1.713711142539978027e+00,2.042792558670043945e+00,3.025424957275390625e+00,3.669436693191528320e+00,3.583279609680175781e+00,2.153738498687744141e+00,1.751129388809204102e+00,1.794760227203369141e+00,1.517703175544738770e+00,8.576983213424682617e-01,8.912680745124816895e-01,5.314871668815612793e-01,3.310412168502807617e-01,5.071898698806762695e-01,4.857589602470397949e-01,5.134176015853881836e-01,8.050039410591125488e-01,8.443613052368164062e-01,3.713592588901519775e-01,9.976544231176376343e-02,1.091269999742507935e-01,2.923424588516354561e-03,0.000000000000000000e+00,0.000000000000000000e+00,0.000000000000000000e+00,0.000000000000000000e+00,0.000000000000000000e+00,0.000000000000000000e+00,0.000000000000000000e+00,0.000000000000000000e+00,0.000000000000000000e+00,0.000000000000000000e+00,0.000000000000000000e+00,0.000000000000000000e+00,0.000000000000000000e+00,0.000000000000000000e+00,0.000000000000000000e+00,4.589313641190528870e-03,0.000000000000000000e+00,0.000000000000000000e+00,0.000000000000000000e+00,0.000000000000000000e+00,0.000000000000000000e+00,0.000000000000000000e+00,0.000000000000000000e+00,0.000000000000000000e+00,0.000000000000000000e+00,0.000000000000000000e+00,0.000000000000000000e+00,0.000000000000000000e+00,8.107940107583999634e-02,6.030429154634475708e-02,9.766352176666259766e-02,1.767356991767883301e-01,2.250564843416213989e-01,1.455887556076049805e-01,6.781099736690521240e-02,6.077877059578895569e-02,8.224008232355117798e-02,8.835836499929428101e-02,7.451961934566497803e-02,8.110073208808898926e-02,2.996570616960525513e-02,5.776715930551290512e-03,0.000000000000000000e+00,0.000000000000000000e+00,0.000000000000000000e+00,0.000000000000000000e+00,0.000000000000000000e+00,0.000000000000000000e+00,0.000000000000000000e+00,0.000000000000000000e+00,0.000000000000000000e+00,0.000000000000000000e+00,0.000000000000000000e+00,0.000000000000000000e+00,0.000000000000000000e+00,2.170343697071075439e-02,7.765777409076690674e-02,1.829633116722106934e-01,2.528145611286163330e-01,3.042329251766204834e-01,2.625989019870758057e-01,1.901941895484924316e-01,6.550159887410700321e-04,2.026091970037668943e-04,6.707567721605300903e-02,2.776971459388732910e-01,3.105255961418151855e-01,2.127044498920440674e-01,1.965431720018386841e-01,8.398681133985519409e-02,9.005195647478103638e-02,1.236261948943138123e-01,2.242473810911178589e-01,2.564365863800048828e-01,2.459942549467086792e-01,2.554377615451812744e-01,2.680967450141906738e-01,2.751156985759735107e-01,2.461573630571365356e-01,2.532280981540679932e-01,2.648822665214538574e-01,1.694267094135284424e-01,1.756224781274795532e-01,2.687918245792388916e-01,2.431429624557495117e-01,2.389901280403137207e-01,1.998769789934158325e-01,1.893774420022964478e-01,1.697794646024703979e-01,1.587622910737991333e-01,2.094324827194213867e-01,2.087444663047790527e-01,2.236555963754653931e-01,1.989523470401763916e-01,2.020052373409271240e-01,2.155331522226333618e-01,2.375643253326416016e-01,2.807509601116180420e-01,2.780907750129699707e-01,2.594538033008575439e-01,2.487790137529373169e-01,2.244421690702438354e-01,2.408260852098464966e-01,2.291823625564575195e-01,1.933120191097259521e-01,1.477439105510711670e-01,1.454858183860778809e-01,1.822579652070999146e-01,2.014568001031875610e-01,1.808263361454010010e-01,1.784222424030303955e-01,1.996350139379501343e-01,1.978869885206222534e-01,1.660882085561752319e-01,1.245811581611633301e-01,7.823592424392700195e-02,8.282097429037094116e-02,7.562444359064102173e-02,3.973871003836393356e-03,3.126862226054072380e-03,0.000000000000000000e+00,0.000000000000000000e+00,0.000000000000000000e+00,0.000000000000000000e+00,0.000000000000000000e+00,0.000000000000000000e+00,0.000000000000000000e+00,0.000000000000000000e+00,0.000000000000000000e+00,0.000000000000000000e+00,0.000000000000000000e+00,0.000000000000000000e+00,0.000000000000000000e+00,0.000000000000000000e+00,0.000000000000000000e+00,0.000000000000000000e+00,0.000000000000000000e+00,6.751941144466400146e-02,1.265607178211212158e-01,1.155558601021766663e-01,9.103170782327651978e-02,1.795439980924129486e-02,2.076688855886459351e-01,2.388227134943008423e-01
5.603165626525878906e+00,5.431137084960937500e+00,4.834310531616210938e+00,4.473574161529541016e+00,4.295568943023681641e+00,3.704755544662475586e+00,3.280624628067016602e+00,3.886995792388916016e+00,2.865603685379028320e+00,2.118804693222045898e+00,1.803503990173339844e+00,1.964272499084472656e+00,2.348172426223754883e+00,2.479560613632202148e+00,2.527195692062377930e+00,3.454931497573852539e+00,3.322734832763671875e+00,3.231104135513305664e+00,3.709191083908081055e+00,3.532422542572021484e+00,3.521661281585693359e+00,3.018324375152587891e+00,3.200458526611328125e+00,2.849851131439208984e+00,2.874415159225463867e+00,2.700240850448608398e+00,3.173705339431762695e+00,2.835030078887939453e+00,2.873831748962402344e+00,2.979577541351318359e+00,2.503567934036254883e+00,2.332077503204345703e+00,1.913031339645385742e+00,2.015160799026489258e+00,1.356446504592895508e+00,6.348220705986022949e-01,6.557927727699279785e-01,1.277625203132629395e+00,1.306888461112976074e+00,1.681434750556945801e+00,2.536038875579833984e+00,1.773287773132324219e+00,8.388993740081787109e-01,4.836751222610473633e-01,4.487653672695159912e-01,4.771016538143157959e-01,4.836279451847076416e-01,5.806401968002319336e-01,6.033289432525634766e-01,1.368433833122253418e+00,1.496359229087829590e+00,1.588561892509460449e+00,1.664561271667480469e+00,1.563812851905822754e+00,1.439095497131347656e+00,1.441315650939941406e+00,1.495433330535888672e+00,1.514808654785156250e+00,1.501890659332275391e+00,1.541987061500549316e+00,1.236117959022521973e+00,1.230818390846252441e+00,1.146414518356323242e+00,9.386903047561645508e-01,8.672861456871032715e-01,8.554728627204895020e-01,1.286118388175964355e+00,1.127541184425354004e+00,1.101575613021850586e+00,1.063548088073730469e+00,9.458856582641601562e-01,1.070648312568664551e+00,1.660889029502868652e+00,1.980575203895568848e+00,1.999241828918457031e+00,1.631942510604858398e+00,1.421554446220397949e+00,1.484809279441833496e+00,1.040540933609008789e+00,4.978499114513397217e-01,5.071488022804260254e-01,1.986775845289230347e-01,1.486841589212417603e-01,4.084541499614715576e-01,3.922822773456573486e-01,5.067958831787109375e-01,7.023071646690368652e-01,7.055621147155761719e-01,3.036366999149322510e-01,1.129808947443962097e-01,1.082136854529380798e-01,0.000000000000000000e+00,2.590874023735523224e-02,1.939671114087104797e-02,0.000000000000000000e+00,0.000000000000000000e+00,0.000000000000000000e+00,0.000000000000000000e+00,0.000000000000000000e+00,0.000000000000000000e+00,0.000000000000000000e+00,0.000000000000000000e+00,0.000000000000000000e+00,0.000000000000000000e+00,0.000000000000000000e+00,0.000000000000000000e+00,0.000000000000000000e+00,0.000000000000000000e+00,0.000000000000000000e+00,0.000000000000000000e+00,0.000000000000000000e+00,0.000000000000000000e+00,0.000000000000000000e+00,0.000000000000000000e+00,0.000000000000000000e+00,0.000000000000000000e+00,0.000000000000000000e+00,0.000000000000000000e+00,0.000000000000000000e+00,0.000000000000000000e+00,0.000000000000000000e+00,1.810354553163051605e-02,9.626039303839206696e-03,4.772316664457321167e-02,1.208781227469444275e-01,7.933964580297470093e-02,6.066288426518440247e-02,7.938637584447860718e-02,1.191508769989013672e-01,1.479812562465667725e-01,9.636812657117843628e-02,9.621120989322662354e-02,1.057587638497352600e-01,0.000000000000000000e+00,0.000000000000000000e+00,0.000000000000000000e+00,0.000000000000000000e+00,0.000000000000000000e+00,0.000000000000000000e+00,0.000000000000000000e+00,0.000000000000000000e+00,0.000000000000000000e+00,0.000000000000000000e+00,0.000000000000000000e+00,0.000000000000000000e+00,0.000000000000000000e+00,6.795702502131462097e-04,1.479622349143028259e-02,1.675291657447814941e-01,3.119265139102935791e-01,3.205766379833221436e-01,2.130756974220275879e-01,2.707965970039367676e-01,1.698995381593704224e-01,1.578817958943545818e-03,3.776133060455322266e-03,9.206279367208480835e-02,3.962367475032806396e-01,4.574249684810638428e-01,1.104007884860038757e-01,6.591130048036575317e-02,1.436131447553634644e-02,8.209086209535598755e-02,1.545826792716979980e-01,2.572791874408721924e-01,1.615770161151885986e-01,1.580936759710311890e-01,2.386031001806259155e-01,2.652025520801544189e-01,3.040566146373748779e-01,2.508110105991363525e-01,2.503108680248260498e-01,2.822556495666503906e-01,1.736198663711547852e-01,1.807765364646911621e-01,2.287328541278839111e-01,2.544723153114318848e-01,2.413412332534790039e-01,2.123258411884307861e-01,1.998040378093719482e-01,1.641340404748916626e-01,1.600004881620407104e-01,1.899763643741607666e-01,1.868938803672790527e-01,2.153151184320449829e-01,1.898479610681533813e-01,1.892730444669723511e-01,1.981731951236724854e-01,2.351419627666473389e-01,2.498321235179901123e-01,2.287998646497726440e-01,2.184845358133316040e-01,1.838687509298324585e-01,2.081889361143112183e-01,1.977070868015289307e-01,1.660008430480957031e-01,1.462198942899703979e-01,1.729688942432403564e-01,1.806193888187408447e-01,1.802967786788940430e-01,1.777911335229873657e-01,1.709013730287551880e-01,1.996429711580276489e-01,2.021460235118865967e-01,1.977427899837493896e-01,1.691248863935470581e-01,1.294032782316207886e-01,1.197306811809539795e-01,1.252895742654800415e-01,1.157363578677177429e-01,3.107255510985851288e-02,1.651381701231002808e-02,0.000000000000000000e+00,0.000000000000000000e+00,0.000000000000000000e+00,0.000000000000000000e+00,0.000000000000000000e+00,0.000000000000000000e+00,0.000000000000000000e+00,0.000000000000000000e+00,0.000000000000000000e+00,0.000000000000000000e+00,0.000000000000000000e+00,0.000000000000000000e+00,0.000000000000000000e+00,0.000000000000000000e+00,0.000000000000000000e+00,0.000000000000000000e+00,0.000000000000000000e+00,8.100668340921401978e-02,1.198981329798698425e-01,9.151963144540786743e-02,7.782302051782608032e-02,1.565449982881546021e-01,2.388161718845367432e-01,2.956459224224090576e-01
5.466095447540283203e+00,5.373095512390136719e+00,4.989001750946044922e+00,4.330936431884765625e+00,4.136140346527099609e+00,3.808718681335449219e+00,3.757594823837280273e+00,3.869405031204223633e+00,3.142163515090942383e+00,2.487120628356933594e+00,1.975687503814697266e+00,1.806382298469543457e+00,2.323490858078002930e+00,2.489463806152343750e+00,2.599048137664794922e+00,3.192124366760253906e+00,3.278090715408325195e+00,3.204968214035034180e+00,3.620117664337158203e+00,3.534091711044311523e+00,3.552247285842895508e+00,3.290698289871215820e+00,3.495620012283325195e+00,3.026473522186279297e+00,2.846731901168823242e+00,2.995020866394042969e+00,2.895659208297729492e+00,2.857287883758544922e+00,3.417629241943359375e+00,3.571128129959106445e+00,3.006406307220458984e+00,3.212566614151000977e+00,2.554667711257934570e+00,1.877740383148193359e+00,1.386059999465942383e+00,6.149862408638000488e-01,6.571804285049438477e-01,6.970199346542358398e-01,1.324489593505859375e+00,1.724614500999450684e+00,2.559847116470336914e+00,1.627491593360900879e+00,8.536554574966430664e-01,5.098927617073059082e-01,4.582650661468505859e-01,4.807603657245635986e-01,4.697756767272949219e-01,5.898971557617187500e-01,6.009106636047363281e-01,1.371304512023925781e+00,1.480397820472717285e+00,1.587687611579895020e+00,1.659936666488647461e+00,1.552306652069091797e+00,1.417855739593505859e+00,1.469244599342346191e+00,1.482642769813537598e+00,1.512210130691528320e+00,1.540773510932922363e+00,1.496032953262329102e+00,1.288761854171752930e+00,1.267037987709045410e+00,1.200972080230712891e+00,9.495593309402465820e-01,9.133596420288085938e-01,8.389397859573364258e-01,1.255152463912963867e+00,1.141221046447753906e+00,1.086754441261291504e+00,1.022591471672058105e+00,9.126560091972351074e-01,9.950792789459228516e-01,1.623885631561279297e+00,1.890579342842102051e+00,1.977661371231079102e+00,1.566838145256042480e+00,1.381855249404907227e+00,1.420977950096130371e+00,9.712666869163513184e-01,4.764687716960906982e-01,4.817525446414947510e-01,1.768609881401062012e-01,1.533762514591217041e-01,3.621206283569335938e-01,4.191739857196807861e-01,4.938973486423492432e-01,7.666620016098022461e-01,7.358900308609008789e-01,2.760266959667205811e-01,9.944269806146621704e-02,1.205658465623855591e-01,0.000000000000000000e+00,8.524945937097072601e-03,6.184044294059276581e-03,0.000000000000000000e+00,0.000000000000000000e+00,0.000000000000000000e+00,0.000000000000000000e+00,0.000000000000000000e+00,0.000000000000000000e+00,0.000000000000000000e+00,0.000000000000000000e+00,0.000000000000000000e+00,0.000000000000000000e+00,0.000000000000000000e+00,0.000000000000000000e+00,0.000000000000000000e+00,0.000000000000000000e+00,0.000000000000000000e+00,0.000000000000000000e+00,0.000000000000000000e+00,0.000000000000000000e+00,0.000000000000000000e+00,0.000000000000000000e+00,0.000000000000000000e+00,0.000000000000000000e+00,0.000000000000000000e+00,0.000000000000000000e+00,0.000000000000000000e+00,0.000000000000000000e+00,0.000000000000000000e+00,0.000000000000000000e+00,2.946125715970993042e-02,3.568954393267631531e-02,3.177580982446670532e-02,4.901008680462837219e-02,6.750628352165222168e-02,4.864623397588729858e-02,3.077637776732444763e-02,4.494221881031990051e-02,3.165058419108390808e-02,3.314747661352157593e-02,7.065205276012420654e-02,0.000000000000000000e+00,0.000000000000000000e+00,0.000000000000000000e+00,0.000000000000000000e+00,0.000000000000000000e+00,0.000000000000000000e+00,0.000000000000000000e+00,0.000000000000000000e+00,0.000000000000000000e+00,0.000000000000000000e+00,0.000000000000000000e+00,0.000000000000000000e+00,0.000000000000000000e+00,5.258799344301223755e-02,1.567939072847366333e-01,2.349300980567932129e-01,3.391980230808258057e-01,3.187973797321319580e-01,9.687486290931701660e-02,8.171505481004714966e-02,2.986922301352024078e-02,0.000000000000000000e+00,0.000000000000000000e+00,0.000000000000000000e+00,1.194863244891166687e-01,2.578882277011871338e-01,2.590410709381103516e-01,3.302717804908752441e-01,2.785963714122772217e-01,3.462177515029907227e-01,3.331286311149597168e-01,2.520239651203155518e-01,1.884064450860023499e-02,8.661417290568351746e-03,8.590351790189743042e-02,1.185948923230171204e-01,1.300157010555267334e-01,8.991245925426483154e-02,8.523162454366683960e-02,1.188365817070007324e-01,1.630133241415023804e-01,1.641109138727188110e-01,1.774377673864364624e-01,1.863963901996612549e-01,1.849000751972198486e-01,2.135728746652603149e-01,2.136247158050537109e-01,1.530174612998962402e-01,8.858188241720199585e-02,1.042321473360061646e-01,1.470052152872085571e-01,1.867808699607849121e-01,1.535695791244506836e-01,1.333930045366287231e-01,1.364553570747375488e-01,1.642464995384216309e-01,1.893212944269180298e-01,1.862761229276657104e-01,1.680903881788253784e-01,1.474867016077041626e-01,2.161759883165359497e-01,2.036255002021789551e-01,1.467079669237136841e-01,1.666123569011688232e-01,2.018636316061019897e-01,2.010383307933807373e-01,1.929041445255279541e-01,2.089520841836929321e-01,1.961462348699569702e-01,1.634796410799026489e-01,1.450011134147644043e-01,1.369106620550155640e-01,1.414029896259307861e-01,1.391950249671936035e-01,1.472008377313613892e-01,1.237732619047164917e-01,1.203045845031738281e-01,5.352117493748664856e-02,1.214717887341976166e-02,2.130167849827557802e-04,0.000000000000000000e+00,0.000000000000000000e+00,0.000000000000000000e+00,0.000000000000000000e+00,0.000000000000000000e+00,0.000000000000000000e+00,0.000000000000000000e+00,0.000000000000000000e+00,0.000000000000000000e+00,0.000000000000000000e+00,0.000000000000000000e+00,0.000000000000000000e+00,0.000000000000000000e+00,0.000000000000000000e+00,5.602055229246616364e-03,6.077209860086441040e-02,8.611379563808441162e-02,8.353804796934127808e-02,6.489013135433197021e-02,1.904272288084030151e-02,1.386415511369705200e-01,2.232193946838378906e-01,2.860897183418273926e-01
4.587574958801269531e+00,4.841883182525634766e+00,4.580926895141601562e+00,4.962823867797851562e+00,4.372318267822265625e+00,3.437800645828247070e+00,3.226570367813110352e+00,3.363204717636108398e+00,3.288092136383056641e+00,2.128772020339965820e+00,1.767429113388061523e+00,1.509587407112121582e+00,1.977520942687988281e+00,2.186407089233398438e+00,2.741387128829956055e+00,2.970719814300537109e+00,3.005594253540039062e+00,2.813952445983886719e+00,3.153640270233154297e+00,3.445736408233642578e+00,3.381218433380126953e+00,3.459625482559204102e+00,3.011718988418579102e+00,2.750084161758422852e+00,2.705851316452026367e+00,3.189330816268920898e+00,3.381054639816284180e+00,3.700575828552246094e+00,4.427629470825195312e+00,4.972656250000000000e+00,5.157196998596191406e+00,3.860090494155883789e+00,3.865583896636962891e+00,2.179384231567382812e+00,1.568871974945068359e+00,7.140439152717590332e-01,7.594359517097473145e-01,8.170412182807922363e-01,8.382586240768432617e-01,1.859998345375061035e+00,1.099321961402893066e+00,8.609561324119567871e-01,8.646886348724365234e-01,5.703941583633422852e-01,4.468913376331329346e-01,4.377683103084564209e-01,4.341137707233428955e-01,5.994021296501159668e-01,6.429843902587890625e-01,8.261843919754028320e-01,1.154436588287353516e+00,1.355155825614929199e+00,1.339624047279357910e+00,1.409326553344726562e+00,1.539725303649902344e+00,1.647672653198242188e+00,1.536982297897338867e+00,1.521177649497985840e+00,1.515165209770202637e+00,1.408854246139526367e+00,1.165961146354675293e+00,1.134628176689147949e+00,9.387577772140502930e-01,8.397085070610046387e-01,8.292924761772155762e-01,7.902223467826843262e-01,1.482022881507873535e+00,1.081577301025390625e+00,1.047150492668151855e+00,9.743675589561462402e-01,6.983822584152221680e-01,7.182738780975341797e-01,1.319659590721130371e+00,1.619976162910461426e+00,1.687640428543090820e+00,2.141038894653320312e+00,1.169003009796142578e+00,1.241685390472412109e+00,7.952193021774291992e-01,2.168845236301422119e-01,2.093832790851593018e-01,1.140113174915313721e-01,8.768831938505172729e-02,2.519618868827819824e-01,2.281564027070999146e-01,3.160699605941772461e-01,6.383103728294372559e-01,6.531576514244079590e-01,3.343150317668914795e-01,1.301812380552291870e-01,1.872989088296890259e-01,7.715645432472229004e-02,2.286713197827339172e-02,7.844967767596244812e-03,0.000000000000000000e+00,0.000000000000000000e+00,0.000000000000000000e+00,0.000000000000000000e+00,0.000000000000000000e+00,0.000000000000000000e+00,0.000000000000000000e+00,0.000000000000000000e+00,0.000000000000000000e+00,0.000000000000000000e+00,0.000000000000000000e+00,0.000000000000000000e+00,0.000000000000000000e+00,0.000000000000000000e+00,0.000000000000000000e+00,0.000000000000000000e+00,0.000000000000000000e+00,0.000000000000000000e+00,0.000000000000000000e+00,0.000000000000000000e+00,0.000000000000000000e+00,0.000000000000000000e+00,0.000000000000000000e+00,0.000000000000000000e+00,0.000000000000000000e+00,0.000000000000000000e+00,0.000000000000000000e+00,0.000000000000000000e+00,0.000000000000000000e+00,4.709478467702865601e-02,6.556729227304458618e-02,1.035749390721321106e-01,9.628497064113616943e-02,5.490548908710479736e-02,4.803901910781860352e-02,5.234322324395179749e-02,3.618735074996948242e-02,6.383057683706283569e-02,7.039172202348709106e-02,0.000000000000000000e+00,0.000000000000000000e+00,0.000000000000000000e+00,0.000000000000000000e+00,0.000000000000000000e+00,0.000000000000000000e+00,0.000000000000000000e+00,0.000000000000000000e+00,0.000000000000000000e+00,0.000000000000000000e+00,0.000000000000000000e+00,0.000000000000000000e+00,0.000000000000000000e+00,5.982651934027671814e-02,1.772840768098831177e-01,2.169108986854553223e-01,2.287984639406204224e-01,1.436399817466735840e-01,8.806347846984863281e-02,5.547988787293434143e-02,1.946310140192508698e-02,0.000000000000000000e+00,0.000000000000000000e+00,0.000000000000000000e+00,8.199794590473175049e-02,2.282699793577194214e-01,3.199344277381896973e-01,4.367082417011260986e-01,3.438373208045959473e-01,3.168728947639465332e-01,2.563907504081726074e-01,2.292125970125198364e-01,6.616801256313920021e-04,8.084747008979320526e-03,1.979581080377101898e-02,6.103304028511047363e-02,6.646702438592910767e-02,3.721795231103897095e-02,7.534620910882949829e-02,1.430556774139404297e-01,1.869519054889678955e-01,1.685824692249298096e-01,1.771123558282852173e-01,1.726104170083999634e-01,1.680796146392822266e-01,2.163612842559814453e-01,2.165513038635253906e-01,1.435944885015487671e-01,6.707040220499038696e-02,7.927263528108596802e-02,1.044943630695343018e-01,1.505345404148101807e-01,1.397369503974914551e-01,1.104778200387954712e-01,1.001838222146034241e-01,9.887482970952987671e-02,1.718224883079528809e-01,1.804751306772232056e-01,1.773502975702285767e-01,1.263769119977951050e-01,1.957868039608001709e-01,1.919261366128921509e-01,1.787930876016616821e-01,1.966678947210311890e-01,1.989725083112716675e-01,1.929457336664199829e-01,2.060778290033340454e-01,2.131968438625335693e-01,1.773721426725387573e-01,1.286906898021697998e-01,1.021419018507003784e-01,1.242548450827598572e-01,1.360728293657302856e-01,1.371532827615737915e-01,1.259012371301651001e-01,1.062046363949775696e-01,8.952660858631134033e-02,5.169572308659553528e-02,8.857153356075286865e-03,3.351937994011677802e-05,0.000000000000000000e+00,0.000000000000000000e+00,0.000000000000000000e+00,0.000000000000000000e+00,0.000000000000000000e+00,0.000000000000000000e+00,0.000000000000000000e+00,0.000000000000000000e+00,0.000000000000000000e+00,0.000000000000000000e+00,0.000000000000000000e+00,0.000000000000000000e+00,0.000000000000000000e+00,0.000000000000000000e+00,3.692910075187683105e-02,7.846015691757202148e-02,1.043418645858764648e-01,1.194074451923370361e-01,7.344105839729309082e-02,6.830968707799911499e-02,2.194666415452957153e-01,2.929920256137847900e-01,2.892015874385833740e-01
3.641128063201904297e+00,4.899372577667236328e+00,3.133666038513183594e+00,4.217996597290039062e+00,3.934578418731689453e+00,3.236428737640380859e+00,3.115811109542846680e+00,3.249948501586914062e+00,3.000871896743774414e+00,1.825745105743408203e+00,1.658155202865600586e+00,2.035248994827270508e+00,2.007467269897460938e+00,1.919211983680725098e+00,2.187681436538696289e+00,2.471502542495727539e+00,2.704591751098632812e+00,2.818656682968139648e+00,2.934043407440185547e+00,3.703613281250000000e+00,3.610555887222290039e+00,3.519930839538574219e+00,3.211343288421630859e+00,2.807199954986572266e+00,2.603833436965942383e+00,3.331514835357666016e+00,3.381902933120727539e+00,3.522121906280517578e+00,5.321894168853759766e+00,5.524238109588623047e+00,4.887915134429931641e+00,4.568974494934082031e+00,4.648514270782470703e+00,3.741277456283569336e+00,7.270553708076477051e-01,6.730894446372985840e-01,7.253879904747009277e-01,7.778591513633728027e-01,1.090778470039367676e+00,1.117837429046630859e+00,1.420040130615234375e+00,1.177529692649841309e+00,1.168259143829345703e+00,6.880026459693908691e-01,6.634056568145751953e-01,6.637535095214843750e-01,6.181837916374206543e-01,6.713243722915649414e-01,7.076418995857238770e-01,9.026162624359130859e-01,9.654406309127807617e-01,1.153536319732666016e+00,1.158987283706665039e+00,1.468782782554626465e+00,1.599133610725402832e+00,1.665643930435180664e+00,1.567802071571350098e+00,1.454067587852478027e+00,1.432638764381408691e+00,1.240821242332458496e+00,1.193927168846130371e+00,1.182923197746276855e+00,9.151670932769775391e-01,6.680182814598083496e-01,6.593379974365234375e-01,5.563800930976867676e-01,8.474700450897216797e-01,9.668785333633422852e-01,1.010334372520446777e+00,7.417873740196228027e-01,1.821196824312210083e-01,2.166126668453216553e-01,5.288842916488647461e-01,7.960092425346374512e-01,8.419703245162963867e-01,6.763969063758850098e-01,7.221012115478515625e-01,8.096047043800354004e-01,2.291146516799926758e-01,0.000000000000000000e+00,5.793299991637468338e-03,3.631855919957160950e-02,1.940239071846008301e-01,1.634495556354522705e-01,1.687932908535003662e-01,2.260565459728240967e-01,5.155963301658630371e-01,4.791186153888702393e-01,4.803794622421264648e-01,3.302949965000152588e-01,3.000051081180572510e-01,5.796847492456436157e-02,2.571491710841655731e-02,5.137981846928596497e-03,0.000000000000000000e+00,0.000000000000000000e+00,0.000000000000000000e+00,0.000000000000000000e+00,0.000000000000000000e+00,0.000000000000000000e+00,0.000000000000000000e+00,0.000000000000000000e+00,0.000000000000000000e+00,0.000000000000000000e+00,0.000000000000000000e+00,0.000000000000000000e+00,0.000000000000000000e+00,0.000000000000000000e+00,0.000000000000000000e+00,0.000000000000000000e+00,0.000000000000000000e+00,0.000000000000000000e+00,0.000000000000000000e+00,0.000000000000000000e+00,0.000000000000000000e+00,0.000000000000000000e+00,0.000000000000000000e+00,0.000000000000000000e+00,0.000000000000000000e+00,0.000000000000000000e+00,0.000000000000000000e+00,0.000000000000000000e+00,0.000000000000000000e+00,1.495653646998107433e-03,5.644573643803596497e-02,1.099147796630859375e-01,1.444743573665618896e-01,3.110156394541263580e-02,5.347210541367530823e-02,5.496276542544364929e-02,9.463448077440261841e-02,7.815838605165481567e-02,6.907253712415695190e-02,0.000000000000000000e+00,0.000000000000000000e+00,0.000000000000000000e+00,0.000000000000000000e+00,0.000000000000000000e+00,0.000000000000000000e+00,0.000000000000000000e+00,0.000000000000000000e+00,0.000000000000000000e+00,0.000000000000000000e+00,0.000000000000000000e+00,0.000000000000000000e+00,0.000000000000000000e+00,3.601258993148803711e-02,1.254189014434814453e-01,1.581659317016601562e-01,2.222821563482284546e-01,1.556687355041503906e-01,7.613884657621383667e-02,2.478353865444660187e-02,0.000000000000000000e+00,0.000000000000000000e+00,0.000000000000000000e+00,4.132092464715242386e-03,9.230725467205047607e-02,2.245514690876007080e-01,3.526951968669891357e-01,4.018703997135162354e-01,3.097147345542907715e-01,2.617208361625671387e-01,1.373778730630874634e-01,6.038809195160865784e-02,7.714580860920250416e-04,3.751559183001518250e-03,2.459670975804328918e-02,4.026748612523078918e-02,5.160513147711753845e-02,5.536872521042823792e-02,1.041532158851623535e-01,1.592381149530410767e-01,1.934000253677368164e-01,1.825897395610809326e-01,1.689774245023727417e-01,1.469214111566543579e-01,1.272882670164108276e-01,1.409992426633834839e-01,1.495335251092910767e-01,1.257486045360565186e-01,5.593428760766983032e-02,4.686668887734413147e-02,6.713376194238662720e-02,9.334857761859893799e-02,1.042966246604919434e-01,1.020524352788925171e-01,1.010592132806777954e-01,1.031754314899444580e-01,1.683177649974822998e-01,1.625880002975463867e-01,2.075289189815521240e-01,1.801943480968475342e-01,2.018371969461441040e-01,1.932862997055053711e-01,1.988286525011062622e-01,2.078706175088882446e-01,2.113238722085952759e-01,1.916433423757553101e-01,2.138813585042953491e-01,2.202991545200347900e-01,1.467111259698867798e-01,1.111168265342712402e-01,1.130828112363815308e-01,1.273939907550811768e-01,1.256730109453201294e-01,1.343426555395126343e-01,1.143233180046081543e-01,9.300519526004791260e-02,7.491400837898254395e-02,4.853726178407669067e-02,7.771580480039119720e-03,0.000000000000000000e+00,0.000000000000000000e+00,0.000000000000000000e+00,0.000000000000000000e+00,0.000000000000000000e+00,0.000000000000000000e+00,0.000000000000000000e+00,0.000000000000000000e+00,0.000000000000000000e+00,0.000000000000000000e+00,0.000000000000000000e+00,0.000000000000000000e+00,0.000000000000000000e+00,0.000000000000000000e+00,2.197427384089678526e-04,3.400510177016258240e-02,4.780541732907295227e-02,6.051396206021308899e-02,6.806306540966033936e-02,6.370381265878677368e-02,1.387013047933578491e-01,2.840970158576965332e-01,3.498938381671905518e-01,3.315936028957366943e-01
3.890820026397705078e+00,5.161205291748046875e+00,3.093547105789184570e+00,3.907891035079956055e+00,3.938475847244262695e+00,3.331581354141235352e+00,3.173897743225097656e+00,3.080756902694702148e+00,2.716228246688842773e+00,1.912400603294372559e+00,1.526304244995117188e+00,2.102383375167846680e+00,2.095557689666748047e+00,1.971939921379089355e+00,2.056935548782348633e+00,2.267611026763916016e+00,2.525458574295043945e+00,2.983739376068115234e+00,3.291009664535522461e+00,3.861371517181396484e+00,3.856125831604003906e+00,3.675175666809082031e+00,3.100755214691162109e+00,3.019615411758422852e+00,2.678091764450073242e+00,3.296287536621093750e+00,3.397623062133789062e+00,4.183262348175048828e+00,5.825535297393798828e+00,6.296374320983886719e+00,5.489858150482177734e+00,4.675825595855712891e+00,4.643605232238769531e+00,3.201474428176879883e+00,1.969998836517333984e+00,6.981502771377563477e-01,7.533956766128540039e-01,8.385853767395019531e-01,1.125812172889709473e+00,1.199648261070251465e+00,1.477051377296447754e+00,1.225642085075378418e+00,1.263292908668518066e+00,7.488859891891479492e-01,7.261010408401489258e-01,7.382661104202270508e-01,6.776242256164550781e-01,7.107204794883728027e-01,7.180541157722473145e-01,9.386339187622070312e-01,1.028569817543029785e+00,1.251678943634033203e+00,1.229415774345397949e+00,1.496383070945739746e+00,1.630383253097534180e+00,1.635802745819091797e+00,1.566689491271972656e+00,1.472979307174682617e+00,1.415165662765502930e+00,1.247267127037048340e+00,1.249016046524047852e+00,1.239515781402587891e+00,9.584141969680786133e-01,7.133334875106811523e-01,7.230385541915893555e-01,5.990116000175476074e-01,9.033887982368469238e-01,1.064683556556701660e+00,1.076864480972290039e+00,7.821569442749023438e-01,2.162019163370132446e-01,2.052230983972549438e-01,5.424761176109313965e-01,8.464895486831665039e-01,8.721168637275695801e-01,7.240430712699890137e-01,7.808688282966613770e-01,8.277632594108581543e-01,2.725063264369964600e-01,1.912599988281726837e-02,2.032596617937088013e-02,6.610535830259323120e-02,2.008779793977737427e-01,1.820298135280609131e-01,2.379205375909805298e-01,2.963247895240783691e-01,4.893555045127868652e-01,4.899378120899200439e-01,4.877445995807647705e-01,3.125539720058441162e-01,2.865119278430938721e-01,2.139016427099704742e-02,7.102441042661666870e-03,1.604631775990128517e-03,0.000000000000000000e+00,0.000000000000000000e+00,0.000000000000000000e+00,0.000000000000000000e+00,0.000000000000000000e+00,0.000000000000000000e+00,0.000000000000000000e+00,0.000000000000000000e+00,0.000000000000000000e+00,0.000000000000000000e+00,0.000000000000000000e+00,0.000000000000000000e+00,0.000000000000000000e+00,0.000000000000000000e+00,0.000000000000000000e+00,0.000000000000000000e+00,0.000000000000000000e+00,0.000000000000000000e+00,0.000000000000000000e+00,0.000000000000000000e+00,0.000000000000000000e+00,0.000000000000000000e+00,0.000000000000000000e+00,0.000000000000000000e+00,0.000000000000000000e+00,0.000000000000000000e+00,0.000000000000000000e+00,0.000000000000000000e+00,0.000000000000000000e+00,0.000000000000000000e+00,1.027931552380323410e-02,5.954492464661598206e-02,5.633903294801712036e-02,3.095821291208267212e-02,5.870254710316658020e-02,6.417284160852432251e-02,1.836737617850303650e-02,7.479336112737655640e-02,6.387239554896950722e-04,0.000000000000000000e+00,0.000000000000000000e+00,0.000000000000000000e+00,0.000000000000000000e+00,0.000000000000000000e+00,0.000000000000000000e+00,0.000000000000000000e+00,0.000000000000000000e+00,0.000000000000000000e+00,0.000000000000000000e+00,0.000000000000000000e+00,8.573986589908599854e-03,0.000000000000000000e+00,9.150967001914978027e-03,8.030204474925994873e-02,1.080774143338203430e-01,2.498416453599929810e-01,2.439540177583694458e-01,4.649443924427032471e-02,1.186426449567079544e-02,0.000000000000000000e+00,0.000000000000000000e+00,5.494140088558197021e-02,4.558341205120086670e-02,2.679911851882934570e-01,3.306523859500885010e-01,3.699204623699188232e-01,3.942251503467559814e-01,2.748197019100189209e-01,3.088794946670532227e-01,2.499197721481323242e-01,8.369620144367218018e-02,1.566988416016101837e-02,1.637274771928787231e-02,1.981375366449356079e-02,1.561820507049560547e-02,1.867353729903697968e-02,5.850265920162200928e-02,1.251376420259475708e-01,2.095323801040649414e-01,2.213446199893951416e-01,1.793138980865478516e-01,1.481566429138183594e-01,1.329784244298934937e-01,8.291570097208023071e-02,6.758689135313034058e-02,6.385988742113113403e-02,8.055199682712554932e-02,3.656505793333053589e-02,5.742250382900238037e-02,5.445227771997451782e-02,8.990855515003204346e-02,1.023630723357200623e-01,1.632305681705474854e-01,1.687670499086380005e-01,1.377560347318649292e-01,1.562793254852294922e-01,1.578914672136306763e-01,1.963780224323272705e-01,1.729215532541275024e-01,1.651950329542160034e-01,1.778439581394195557e-01,1.769516617059707642e-01,2.101570516824722290e-01,1.837729066610336304e-01,1.771276742219924927e-01,1.906960606575012207e-01,1.534818261861801147e-01,7.255510240793228149e-02,9.190905094146728516e-02,1.216301172971725464e-01,1.167204678058624268e-01,1.393610239028930664e-01,1.452695876359939575e-01,1.365878582000732422e-01,1.186198666691780090e-01,8.454658836126327515e-02,6.722462922334671021e-02,5.549743771553039551e-02,5.108873825520277023e-03,0.000000000000000000e+00,0.000000000000000000e+00,0.000000000000000000e+00,0.000000000000000000e+00,0.000000000000000000e+00,0.000000000000000000e+00,0.000000000000000000e+00,0.000000000000000000e+00,0.000000000000000000e+00,0.000000000000000000e+00,0.000000000000000000e+00,0.000000000000000000e+00,0.000000000000000000e+00,1.479852758347988129e-02,1.125350221991539001e-02,9.635494207032024860e-04,0.000000000000000000e+00,0.000000000000000000e+00,5.087713152170181274e-02,1.264828145503997803e-01,2.426931858062744141e-01,3.418554067611694336e-01,3.523814380168914795e-01
4.054775238037109375e+00,4.981461524963378906e+00,3.962809801101684570e+00,4.043044090270996094e+00,4.027127265930175781e+00,3.544164896011352539e+00,3.660439968109130859e+00,3.679566860198974609e+00,2.448216915130615234e+00,1.908563971519470215e+00,1.942192316055297852e+00,1.608475327491760254e+00,1.481719017028808594e+00,1.591961383819580078e+00,1.941100239753723145e+00,2.325426816940307617e+00,2.654763936996459961e+00,3.003293514251708984e+00,3.310108184814453125e+00,3.881304025650024414e+00,3.923642158508300781e+00,4.445382118225097656e+00,3.633566379547119141e+00,3.356934309005737305e+00,2.981464624404907227e+00,3.330364465713500977e+00,3.181968688964843750e+00,3.128267526626586914e+00,3.825369119644165039e+00,4.081252574920654297e+00,4.442931175231933594e+00,3.792217731475830078e+00,3.111264944076538086e+00,2.321864128112792969e+00,1.707237601280212402e+00,7.843097448348999023e-01,8.288938999176025391e-01,9.354054331779479980e-01,1.120769619941711426e+00,1.196226596832275391e+00,1.311655759811401367e+00,1.244547009468078613e+00,1.275681495666503906e+00,9.482181072235107422e-01,8.847740888595581055e-01,8.718354105949401855e-01,8.767733573913574219e-01,9.045293331146240234e-01,8.953897356986999512e-01,8.849316239356994629e-01,9.802846312522888184e-01,1.149757266044616699e+00,1.118823051452636719e+00,1.286740183830261230e+00,1.522044777870178223e+00,1.529656529426574707e+00,1.522743463516235352e+00,1.550464987754821777e+00,1.502132773399353027e+00,1.189932107925415039e+00,9.972192049026489258e-01,1.010151743888854980e+00,9.271267652511596680e-01,7.625334858894348145e-01,7.723820805549621582e-01,6.395804882049560547e-01,5.659025311470031738e-01,4.135010540485382080e-01,4.089356958866119385e-01,3.586607575416564941e-01,1.839135140180587769e-01,1.921786069869995117e-01,2.363229095935821533e-01,8.651564270257949829e-02,1.116272956132888794e-01,5.015362426638603210e-02,1.711398363113403320e-01,1.985268890857696533e-01,1.265571638941764832e-02,0.000000000000000000e+00,0.000000000000000000e+00,0.000000000000000000e+00,3.402458131313323975e-02,1.009311527013778687e-01,8.808272331953048706e-02,7.060486078262329102e-02,1.987726241350173950e-01,2.159513086080551147e-01,1.926110088825225830e-01,7.362093776464462280e-02,7.219362258911132812e-02,0.000000000000000000e+00,0.000000000000000000e+00,0.000000000000000000e+00,0.000000000000000000e+00,0.000000000000000000e+00,0.000000000000000000e+00,0.000000000000000000e+00,0.000000000000000000e+00,0.000000000000000000e+00,0.000000000000000000e+00,7.525000721216201782e-02,7.295631617307662964e-02,4.801255092024803162e-02,0.000000000000000000e+00,0.000000000000000000e+00,0.000000000000000000e+00,0.000000000000000000e+00,0.000000000000000000e+00,0.000000000000000000e+00,0.000000000000000000e+00,0.000000000000000000e+00,0.000000000000000000e+00,0.000000000000000000e+00,0.000000000000000000e+00,0.000000000000000000e+00,0.000000000000000000e+00,0.000000000000000000e+00,0.000000000000000000e+00,0.000000000000000000e+00,0.000000000000000000e+00,0.000000000000000000e+00,0.000000000000000000e+00,0.000000000000000000e+00,0.000000000000000000e+00,5.332856252789497375e-02,3.004539571702480316e-02,1.679216139018535614e-02,2.982598170638084412e-02,2.109042182564735413e-02,0.000000000000000000e+00,0.000000000000000000e+00,0.000000000000000000e+00,0.000000000000000000e+00,0.000000000000000000e+00,0.000000000000000000e+00,0.000000000000000000e+00,0.000000000000000000e+00,0.000000000000000000e+00,0.000000000000000000e+00,0.000000000000000000e+00,0.000000000000000000e+00,3.563926322385668755e-03,4.050476104021072388e-02,3.971555829048156738e-02,2.588319359347224236e-03,2.024453878402709961e-02,7.723737508058547974e-02,1.280639618635177612e-01,2.686904668807983398e-01,2.204570621252059937e-01,3.715600818395614624e-02,4.863805603235960007e-03,6.610114127397537231e-03,0.000000000000000000e+00,6.281893700361251831e-02,1.602941155433654785e-01,3.573319017887115479e-01,3.858877122402191162e-01,4.296036064624786377e-01,4.400449395179748535e-01,2.795723676681518555e-01,3.110100924968719482e-01,2.756855785846710205e-01,1.743397563695907593e-01,1.248109564185142517e-01,8.186213672161102295e-02,2.298866584897041321e-02,1.764036528766155243e-02,1.082074455916881561e-02,5.469142273068428040e-02,1.739684939384460449e-01,2.451636493206024170e-01,2.070083916187286377e-01,1.718448996543884277e-01,1.321829110383987427e-01,8.251774311065673828e-02,5.262363329529762268e-02,6.965447962284088135e-02,6.195586174726486206e-02,4.943917319178581238e-02,6.114987656474113464e-02,6.298614293336868286e-02,6.513178348541259766e-02,1.089184433221817017e-01,1.258959770202636719e-01,1.633840948343276978e-01,1.670305579900741577e-01,1.455775350332260132e-01,1.483915001153945923e-01,1.739547550678253174e-01,1.681572347879409790e-01,1.277981549501419067e-01,1.069964468479156494e-01,1.269011050462722778e-01,1.303297877311706543e-01,1.460668593645095825e-01,1.342110037803649902e-01,1.489618718624114990e-01,1.524925678968429565e-01,9.865031391382217407e-02,5.489671230316162109e-02,1.090027242898941040e-01,1.148056909441947937e-01,1.148902848362922668e-01,1.223926246166229248e-01,1.133880764245986938e-01,1.053492799401283264e-01,1.070860326290130615e-01,8.950874954462051392e-02,8.833654224872589111e-02,6.685701757669448853e-02,1.334172487258911133e-02,0.000000000000000000e+00,0.000000000000000000e+00,0.000000000000000000e+00,0.000000000000000000e+00,0.000000000000000000e+00,0.000000000000000000e+00,0.000000000000000000e+00,0.000000000000000000e+00,0.000000000000000000e+00,0.000000000000000000e+00,0.000000000000000000e+00,0.000000000000000000e+00,0.000000000000000000e+00,1.473108539357781410e-03,6.346459849737584591e-04,0.000000000000000000e+00,0.000000000000000000e+00,0.000000000000000000e+00,5.743074417114257812e-02,1.122331395745277405e-01,2.133024632930755615e-01,2.855555713176727295e-01,2.888053357601165771e-01
3.860316753387451172e+00,5.621321201324462891e+00,3.747285604476928711e+00,3.431596279144287109e+00,3.370123863220214844e+00,3.154762029647827148e+00,3.544506788253784180e+00,3.276930093765258789e+00,2.931467056274414062e+00,2.130532979965209961e+00,2.067922115325927734e+00,1.625084400177001953e+00,1.460984706878662109e+00,1.378455996513366699e+00,1.459935307502746582e+00,1.743053078651428223e+00,2.178128004074096680e+00,3.176332950592041016e+00,3.479871749877929688e+00,3.814719915390014648e+00,3.789367914199829102e+00,3.882535696029663086e+00,3.534294128417968750e+00,3.568408012390136719e+00,3.577800035476684570e+00,2.817504167556762695e+00,2.926812410354614258e+00,2.074010372161865234e+00,1.851967692375183105e+00,1.849130630493164062e+00,2.788386821746826172e+00,2.421084642410278320e+00,1.650387406349182129e+00,1.546817302703857422e+00,1.485327124595642090e+00,1.408751249313354492e+00,8.205423355102539062e-01,8.491378426551818848e-01,9.442386627197265625e-01,1.013952493667602539e+00,1.064347863197326660e+00,1.043183326721191406e+00,1.049622893333435059e+00,9.736667871475219727e-01,1.002957820892333984e+00,9.462135434150695801e-01,8.684594631195068359e-01,8.973523974418640137e-01,8.795866370201110840e-01,8.732391595840454102e-01,9.183987975120544434e-01,1.157824993133544922e+00,1.154244661331176758e+00,1.388689994812011719e+00,1.340634346008300781e+00,1.371181368827819824e+00,1.430226683616638184e+00,1.386031031608581543e+00,1.369529366493225098e+00,1.162246227264404297e+00,9.584198594093322754e-01,9.197042584419250488e-01,9.407752156257629395e-01,8.318982720375061035e-01,8.289529085159301758e-01,6.412462592124938965e-01,5.226446390151977539e-01,4.035164117813110352e-01,3.787067234516143799e-01,3.852402865886688232e-01,2.086379230022430420e-01,2.183772772550582886e-01,5.879961699247360229e-02,9.240381419658660889e-03,8.930820971727371216e-03,2.493175677955150604e-02,9.523335844278335571e-02,6.237736344337463379e-02,5.282158497720956802e-03,0.000000000000000000e+00,0.000000000000000000e+00,0.000000000000000000e+00,4.330039490014314651e-03,3.738778457045555115e-02,4.049782827496528625e-02,2.091742679476737976e-02,2.760319225490093231e-02,2.289536409080028534e-02,0.000000000000000000e+00,0.000000000000000000e+00,0.000000000000000000e+00,0.000000000000000000e+00,0.000000000000000000e+00,0.000000000000000000e+00,0.000000000000000000e+00,0.000000000000000000e+00,0.000000000000000000e+00,0.000000000000000000e+00,0.000000000000000000e+00,2.528515085577964783e-02,3.774285316467285156e-02,5.138847231864929199e-01,1.994035094976425171e-01,1.454583257436752319e-01,0.000000000000000000e+00,0.000000000000000000e+00,0.000000000000000000e+00,0.000000000000000000e+00,0.000000000000000000e+00,0.000000000000000000e+00,0.000000000000000000e+00,0.000000000000000000e+00,0.000000000000000000e+00,0.000000000000000000e+00,0.000000000000000000e+00,0.000000000000000000e+00,0.000000000000000000e+00,0.000000000000000000e+00,0.000000000000000000e+00,0.000000000000000000e+00,0.000000000000000000e+00,0.000000000000000000e+00,0.000000000000000000e+00,8.149507455527782440e-03,1.589276012964546680e-03,4.515244625508785248e-03,0.000000000000000000e+00,0.000000000000000000e+00,0.000000000000000000e+00,6.307494360953569412e-03,0.000000000000000000e+00,0.000000000000000000e+00,0.000000000000000000e+00,0.000000000000000000e+00,0.000000000000000000e+00,2.545642899349331856e-03,2.745165675878524780e-02,7.174373418092727661e-02,1.664260867983102798e-03,0.000000000000000000e+00,0.000000000000000000e+00,0.000000000000000000e+00,2.399943955242633820e-02,8.324106037616729736e-02,1.042385771870613098e-01,6.842717528343200684e-02,1.147861182689666748e-01,1.348813027143478394e-01,1.507393568754196167e-01,2.080590277910232544e-01,1.748039275407791138e-01,0.000000000000000000e+00,0.000000000000000000e+00,0.000000000000000000e+00,0.000000000000000000e+00,1.702102087438106537e-02,2.549351751804351807e-01,4.073607623577117920e-01,3.899944126605987549e-01,3.854577243328094482e-01,4.042734503746032715e-01,2.161401361227035522e-01,2.474342733621597290e-01,2.879103124141693115e-01,2.409840375185012817e-01,1.436653882265090942e-01,1.258796900510787964e-01,1.351493000984191895e-01,1.323836594820022583e-01,9.359773248434066772e-02,1.566982269287109375e-01,2.059869915246963501e-01,1.907370090484619141e-01,1.675146073102951050e-01,1.730078160762786865e-01,2.867230772972106934e-02,1.198707520961761475e-02,2.327141165733337402e-02,2.902693487703800201e-02,5.282095447182655334e-02,2.247702702879905701e-02,7.984022796154022217e-02,8.564686030149459839e-02,7.538928836584091187e-02,9.680321067571640015e-02,1.340170502662658691e-01,1.370677500963211060e-01,1.408842951059341431e-01,1.278816610574722290e-01,1.101165339350700378e-01,9.816795587539672852e-02,9.439353644847869873e-02,6.962476670742034912e-02,6.498111784458160400e-02,5.911892652511596680e-02,5.363290756940841675e-02,5.582963302731513977e-02,8.147235214710235596e-02,1.236528903245925903e-01,1.401203870773315430e-01,1.320027112960815430e-01,1.347546130418777466e-01,1.322989761829376221e-01,1.164432168006896973e-01,1.157999634742736816e-01,9.479165077209472656e-02,1.112203896045684814e-01,1.269283145666122437e-01,1.261847764253616333e-01,1.155817657709121704e-01,3.171504661440849304e-02,1.115012355148792267e-02,0.000000000000000000e+00,0.000000000000000000e+00,0.000000000000000000e+00,0.000000000000000000e+00,0.000000000000000000e+00,0.000000000000000000e+00,0.000000000000000000e+00,0.000000000000000000e+00,0.000000000000000000e+00,0.000000000000000000e+00,0.000000000000000000e+00,0.000000000000000000e+00,0.000000000000000000e+00,0.000000000000000000e+00,0.000000000000000000e+00,0.000000000000000000e+00,0.000000000000000000e+00,0.000000000000000000e+00,2.581726294010877609e-03,6.358756124973297119e-02,9.295947849750518799e-02,1.515587419271469116e-01,1.794279366731643677e-01,1.556679606437683105e-01
4.029227733612060547e+00,5.127954959869384766e+00,3.610003232955932617e+00,3.400856018066406250e+00,3.473814249038696289e+00,3.502969264984130859e+00,3.409757375717163086e+00,3.608517408370971680e+00,3.133618593215942383e+00,2.143426418304443359e+00,2.144757032394409180e+00,1.784589290618896484e+00,1.477038383483886719e+00,1.574438691139221191e+00,1.343906760215759277e+00,1.801856875419616699e+00,2.307402849197387695e+00,3.273106575012207031e+00,3.505116224288940430e+00,3.821701765060424805e+00,3.923390865325927734e+00,3.756108522415161133e+00,3.704667806625366211e+00,3.693298101425170898e+00,3.759371995925903320e+00,2.928337812423706055e+00,2.775668621063232422e+00,2.043155193328857422e+00,1.839003920555114746e+00,1.729663372039794922e+00,2.334592580795288086e+00,1.845042228698730469e+00,1.884046196937561035e+00,1.629118561744689941e+00,1.547759056091308594e+00,7.942056059837341309e-01,8.551400899887084961e-01,8.959209322929382324e-01,9.677391648292541504e-01,9.998800158500671387e-01,1.063478231430053711e+00,1.048740386962890625e+00,1.068002700805664062e+00,9.854647517204284668e-01,1.014696717262268066e+00,9.501771330833435059e-01,9.089582562446594238e-01,9.220566749572753906e-01,8.783257007598876953e-01,8.940115571022033691e-01,9.260130524635314941e-01,1.139488816261291504e+00,1.153388142585754395e+00,1.403702735900878906e+00,1.399315237998962402e+00,1.444207549095153809e+00,1.401055335998535156e+00,1.365190625190734863e+00,1.376977443695068359e+00,1.232759356498718262e+00,1.023006558418273926e+00,9.689836502075195312e-01,1.006590843200683594e+00,8.780345916748046875e-01,8.419592976570129395e-01,7.193374633789062500e-01,5.664250254631042480e-01,4.388592839241027832e-01,4.210238456726074219e-01,4.227929413318634033e-01,2.402807474136352539e-01,2.184824496507644653e-01,1.092539429664611816e-01,4.177758470177650452e-02,3.412547707557678223e-02,2.746205963194370270e-02,9.825384616851806641e-02,5.931701511144638062e-02,5.413020960986614227e-03,0.000000000000000000e+00,0.000000000000000000e+00,0.000000000000000000e+00,3.308012615889310837e-03,3.353956714272499084e-02,5.604764074087142944e-02,2.680093050003051758e-02,3.100598976016044617e-02,3.277264907956123352e-02,4.541997332125902176e-03,0.000000000000000000e+00,0.000000000000000000e+00,0.000000000000000000e+00,0.000000000000000000e+00,0.000000000000000000e+00,0.000000000000000000e+00,0.000000000000000000e+00,0.000000000000000000e+00,0.000000000000000000e+00,0.000000000000000000e+00,2.964525669813156128e-02,4.422859847545623779e-02,4.628901481628417969e-01,2.431445866823196411e-01,1.541295349597930908e-01,0.000000000000000000e+00,0.000000000000000000e+00,0.000000000000000000e+00,0.000000000000000000e+00,0.000000000000000000e+00,0.000000000000000000e+00,0.000000000000000000e+00,0.000000000000000000e+00,0.000000000000000000e+00,0.000000000000000000e+00,0.000000000000000000e+00,0.000000000000000000e+00,0.000000000000000000e+00,0.000000000000000000e+00,0.000000000000000000e+00,0.000000000000000000e+00,0.000000000000000000e+00,0.000000000000000000e+00,2.536660293117165565e-03,2.316829562187194824e-02,1.371641829609870911e-02,7.092602085322141647e-03,0.000000000000000000e+00,0.000000000000000000e+00,0.000000000000000000e+00,0.000000000000000000e+00,0.000000000000000000e+00,0.000000000000000000e+00,0.000000000000000000e+00,0.000000000000000000e+00,0.000000000000000000e+00,0.000000000000000000e+00,6.335970759391784668e-02,1.035467982292175293e-01,5.105880554765462875e-03,0.000000000000000000e+00,0.000000000000000000e+00,0.000000000000000000e+00,3.427182883024215698e-02,1.335320919752120972e-01,1.431721150875091553e-01,1.399629414081573486e-01,1.603729575872421265e-01,2.115091979503631592e-01,2.320470809936523438e-01,2.658784687519073486e-01,2.465580403804779053e-01,0.000000000000000000e+00,0.000000000000000000e+00,0.000000000000000000e+00,4.258357733488082886e-02,1.146666407585144043e-01,3.231851458549499512e-01,3.944441676139831543e-01,4.214466810226440430e-01,3.610244393348693848e-01,3.761703968048095703e-01,1.617402732372283936e-01,1.923299580812454224e-01,2.460214197635650635e-01,2.773652374744415283e-01,1.987721472978591919e-01,1.526090800762176514e-01,1.549284458160400391e-01,1.533197015523910522e-01,9.319788962602615356e-02,6.805454194545745850e-02,6.866386532783508301e-02,6.008261069655418396e-02,1.573671102523803711e-01,1.721306592226028442e-01,2.628158219158649445e-02,7.937622256577014923e-03,9.957768954336643219e-03,1.521353051066398621e-02,2.321933768689632416e-02,3.874003887176513672e-02,8.657722175121307373e-02,1.075899153947830200e-01,1.310544759035110474e-01,1.463987082242965698e-01,1.407488584518432617e-01,1.335744112730026245e-01,1.457100659608840942e-01,1.296703219413757324e-01,9.524483978748321533e-02,5.538327619433403015e-02,7.521166652441024780e-02,4.749627411365509033e-02,5.748793855309486389e-02,4.420436173677444458e-02,2.244145423173904419e-02,1.709589920938014984e-02,7.891577482223510742e-02,1.501033455133438110e-01,1.775542944669723511e-01,1.598456203937530518e-01,1.466261297464370728e-01,1.392480134963989258e-01,1.304933428764343262e-01,1.183804124593734741e-01,1.023728623986244202e-01,1.196619197726249695e-01,1.252875924110412598e-01,9.496225416660308838e-02,1.107777804136276245e-01,1.745947822928428650e-02,3.824302460998296738e-03,0.000000000000000000e+00,0.000000000000000000e+00,0.000000000000000000e+00,0.000000000000000000e+00,0.000000000000000000e+00,0.000000000000000000e+00,0.000000000000000000e+00,0.000000000000000000e+00,0.000000000000000000e+00,0.000000000000000000e+00,0.000000000000000000e+00,0.000000000000000000e+00,0.000000000000000000e+00,0.000000000000000000e+00,0.000000000000000000e+00,0.000000000000000000e+00,0.000000000000000000e+00,0.000000000000000000e+00,0.000000000000000000e+00,2.966694720089435577e-02,5.320426449179649353e-02,7.824441790580749512e-02,9.762228280305862427e-02,5.206785351037979126e-02
2.107904672622680664e+00,2.015922307968139648e+00,2.514855146408081055e+00,2.878300905227661133e+00,3.168292999267578125e+00,3.263242244720458984e+00,3.983484029769897461e+00,3.673767805099487305e+00,2.593711137771606445e+00,2.594051837921142578e+00,2.388469219207763672e+00,1.790348768234252930e+00,1.629881620407104492e+00,1.612542986869812012e+00,1.783377766609191895e+00,1.865623235702514648e+00,1.942213177680969238e+00,2.290134906768798828e+00,2.696021556854248047e+00,2.936935186386108398e+00,3.088839530944824219e+00,3.545345306396484375e+00,2.949310064315795898e+00,2.862255334854125977e+00,3.292810916900634766e+00,2.463203907012939453e+00,2.366141557693481445e+00,2.273222923278808594e+00,2.089005947113037109e+00,2.070667743682861328e+00,2.284196376800537109e+00,1.994861841201782227e+00,1.857879757881164551e+00,1.319859743118286133e+00,1.216345429420471191e+00,6.111652255058288574e-01,6.534953713417053223e-01,7.594832777976989746e-01,7.945618033409118652e-01,8.396800160408020020e-01,8.515771627426147461e-01,7.682599425315856934e-01,7.857394814491271973e-01,8.395856618881225586e-01,9.308028817176818848e-01,8.639645576477050781e-01,8.469095826148986816e-01,8.587207198143005371e-01,8.545464277267456055e-01,9.443452358245849609e-01,9.695056676864624023e-01,8.683474659919738770e-01,8.894062042236328125e-01,9.534404873847961426e-01,1.133513212203979492e+00,1.173444032669067383e+00,1.158242702484130859e+00,1.190308451652526855e+00,1.185683488845825195e+00,1.016239166259765625e+00,1.015681147575378418e+00,9.415711760520935059e-01,9.166914820671081543e-01,1.153024792671203613e+00,1.154936313629150391e+00,1.052555441856384277e+00,6.867790222167968750e-01,5.323644876480102539e-01,4.978076517581939697e-01,2.576223909854888916e-01,6.380393356084823608e-02,4.391696676611900330e-02,0.000000000000000000e+00,0.000000000000000000e+00,0.000000000000000000e+00,0.000000000000000000e+00,1.297083310782909393e-02,5.679276771843433380e-03,2.269216477870941162e-01,2.934592068195343018e-01,3.335679471492767334e-01,3.150427341461181641e-01,2.973062396049499512e-01,5.493022501468658447e-02,6.462357193231582642e-02,2.009756490588188171e-02,4.804479889571666718e-03,0.000000000000000000e+00,2.779981587082147598e-04,0.000000000000000000e+00,0.000000000000000000e+00,0.000000000000000000e+00,0.000000000000000000e+00,0.000000000000000000e+00,0.000000000000000000e+00,0.000000000000000000e+00,0.000000000000000000e+00,0.000000000000000000e+00,0.000000000000000000e+00,0.000000000000000000e+00,0.000000000000000000e+00,0.000000000000000000e+00,0.000000000000000000e+00,0.000000000000000000e+00,0.000000000000000000e+00,0.000000000000000000e+00,0.000000000000000000e+00,0.000000000000000000e+00,0.000000000000000000e+00,0.000000000000000000e+00,0.000000000000000000e+00,0.000000000000000000e+00,0.000000000000000000e+00,0.000000000000000000e+00,0.000000000000000000e+00,0.000000000000000000e+00,0.000000000000000000e+00,0.000000000000000000e+00,0.000000000000000000e+00,0.000000000000000000e+00,0.000000000000000000e+00,0.000000000000000000e+00,5.100307054817676544e-03,2.346101403236389160e-02,3.440420329570770264e-02,8.323836140334606171e-03,0.000000000000000000e+00,0.000000000000000000e+00,0.000000000000000000e+00,0.000000000000000000e+00,0.000000000000000000e+00,0.000000000000000000e+00,0.000000000000000000e+00,0.000000000000000000e+00,0.000000000000000000e+00,1.026925351470708847e-02,0.000000000000000000e+00,0.000000000000000000e+00,0.000000000000000000e+00,0.000000000000000000e+00,0.000000000000000000e+00,4.702396690845489502e-03,1.540368981659412384e-02,2.239307463169097900e-01,2.473863512277603149e-01,2.234149128198623657e-01,2.258362770080566406e-01,2.193287312984466553e-01,2.572603225708007812e-01,2.980250716209411621e-01,2.863107323646545410e-01,2.257972769439220428e-02,1.257692463696002960e-02,0.000000000000000000e+00,1.822963356971740723e-01,2.168541103601455688e-01,3.325692117214202881e-01,3.632794618606567383e-01,3.720237910747528076e-01,3.913826048374176025e-01,4.581458866596221924e-01,2.264568805694580078e-01,2.001010030508041382e-01,2.148854136466979980e-01,2.781423032283782959e-01,2.402238100767135620e-01,2.423995882272720337e-01,1.618376672267913818e-01,1.377205699682235718e-01,9.697218984365463257e-02,4.394218698143959045e-02,2.940429188311100006e-02,3.294944390654563904e-02,1.160283014178276062e-01,8.791825175285339355e-02,2.772860694676637650e-03,0.000000000000000000e+00,1.221452141180634499e-03,2.505828440189361572e-02,2.323507145047187805e-02,4.354213550686836243e-02,8.778712153434753418e-02,1.074969097971916199e-01,1.124807745218276978e-01,1.426974684000015259e-01,1.454793065786361694e-01,1.295813024044036865e-01,1.266379803419113159e-01,1.095895916223526001e-01,8.074021339416503906e-02,4.253509640693664551e-02,5.877912044525146484e-02,4.153864830732345581e-02,5.954061821103096008e-02,7.781427353620529175e-02,3.501636534929275513e-02,6.418119370937347412e-02,1.159405708312988281e-01,1.613652855157852173e-01,2.018889784812927246e-01,1.953622102737426758e-01,1.759189218282699585e-01,1.419845670461654663e-01,1.327436417341232300e-01,1.212770640850067139e-01,1.004928350448608398e-01,1.056592017412185669e-01,1.320719420909881592e-01,8.701499551534652710e-02,8.967653661966323853e-02,1.329059712588787079e-02,9.883070364594459534e-03,0.000000000000000000e+00,0.000000000000000000e+00,0.000000000000000000e+00,0.000000000000000000e+00,0.000000000000000000e+00,0.000000000000000000e+00,0.000000000000000000e+00,0.000000000000000000e+00,0.000000000000000000e+00,0.000000000000000000e+00,0.000000000000000000e+00,0.000000000000000000e+00,0.000000000000000000e+00,0.000000000000000000e+00,0.000000000000000000e+00,0.000000000000000000e+00,0.000000000000000000e+00,0.000000000000000000e+00,3.165030153468251228e-03,8.241845294833183289e-03,4.942744970321655273e-03,1.388322561979293823e-02,6.411776412278413773e-03,1.099277986213564873e-03
2.066757440567016602e+00,2.202740192413330078e+00,2.476477622985839844e+00,2.819887638092041016e+00,2.938772439956665039e+00,3.148019075393676758e+00,3.876168727874755859e+00,3.832407474517822266e+00,2.748913764953613281e+00,2.484932661056518555e+00,2.704358339309692383e+00,1.873251438140869141e+00,1.718333482742309570e+00,1.905700683593750000e+00,1.975416541099548340e+00,1.881792545318603516e+00,1.991066575050354004e+00,2.265059471130371094e+00,2.758346080780029297e+00,2.811156272888183594e+00,2.928739309310913086e+00,3.089145183563232422e+00,2.684831619262695312e+00,2.876110315322875977e+00,3.080972671508789062e+00,2.430176019668579102e+00,2.384315013885498047e+00,2.126765966415405273e+00,1.953179240226745605e+00,2.012412309646606445e+00,1.935096025466918945e+00,1.690918564796447754e+00,1.771064162254333496e+00,1.382881283760070801e+00,5.806356072425842285e-01,6.222269535064697266e-01,6.631722450256347656e-01,7.718533873558044434e-01,7.838754057884216309e-01,8.124535083770751953e-01,8.199680447578430176e-01,7.296782135963439941e-01,7.518715262413024902e-01,8.094829916954040527e-01,8.960161209106445312e-01,8.211870789527893066e-01,8.820902109146118164e-01,8.494814038276672363e-01,8.323590159416198730e-01,9.263915419578552246e-01,9.697672724723815918e-01,8.830202221870422363e-01,8.776717185974121094e-01,9.406512975692749023e-01,1.067227721214294434e+00,1.108443140983581543e+00,1.145454049110412598e+00,1.198328018188476562e+00,1.198524117469787598e+00,1.047334909439086914e+00,1.006366848945617676e+00,9.777854681015014648e-01,9.585040211677551270e-01,1.213071346282958984e+00,1.178407788276672363e+00,1.084716558456420898e+00,6.994969844818115234e-01,5.606270432472229004e-01,5.390233993530273438e-01,2.826413810253143311e-01,7.467336207628250122e-02,5.920990556478500366e-02,0.000000000000000000e+00,0.000000000000000000e+00,0.000000000000000000e+00,0.000000000000000000e+00,1.731421053409576416e-02,2.107264474034309387e-02,2.520254850387573242e-01,3.330903947353363037e-01,3.350999951362609863e-01,2.848968803882598877e-01,2.703977227210998535e-01,6.123184785246849060e-02,5.749431625008583069e-02,2.235103584825992584e-02,2.553535858169198036e-03,0.000000000000000000e+00,5.021553020924329758e-03,0.000000000000000000e+00,0.000000000000000000e+00,0.000000000000000000e+00,0.000000000000000000e+00,0.000000000000000000e+00,0.000000000000000000e+00,0.000000000000000000e+00,0.000000000000000000e+00,0.000000000000000000e+00,0.000000000000000000e+00,0.000000000000000000e+00,0.000000000000000000e+00,0.000000000000000000e+00,0.000000000000000000e+00,0.000000000000000000e+00,0.000000000000000000e+00,0.000000000000000000e+00,0.000000000000000000e+00,0.000000000000000000e+00,0.000000000000000000e+00,0.000000000000000000e+00,0.000000000000000000e+00,0.000000000000000000e+00,0.000000000000000000e+00,0.000000000000000000e+00,0.000000000000000000e+00,0.000000000000000000e+00,0.000000000000000000e+00,0.000000000000000000e+00,0.000000000000000000e+00,0.000000000000000000e+00,1.266330364160239697e-03,1.437082048505544662e-02,0.000000000000000000e+00,2.015369571745395660e-02,2.076815068721771240e-02,4.914953373372554779e-03,4.503689240664243698e-03,0.000000000000000000e+00,0.000000000000000000e+00,0.000000000000000000e+00,0.000000000000000000e+00,0.000000000000000000e+00,0.000000000000000000e+00,0.000000000000000000e+00,0.000000000000000000e+00,0.000000000000000000e+00,0.000000000000000000e+00,0.000000000000000000e+00,0.000000000000000000e+00,0.000000000000000000e+00,0.000000000000000000e+00,0.000000000000000000e+00,0.000000000000000000e+00,9.224653244018554688e-02,8.018093556165695190e-02,1.247122138738632202e-01,1.056795865297317505e-01,9.956559538841247559e-02,1.213333457708358765e-01,1.918399184942245483e-01,1.951528042554855347e-01,3.708961978554725647e-02,2.739277295768260956e-02,1.210272461175918579e-01,1.846094727516174316e-01,2.932280898094177246e-01,3.609809577465057373e-01,3.295381069183349609e-01,2.994822263717651367e-01,4.142737090587615967e-01,5.252085328102111816e-01,3.758508563041687012e-01,3.497869074344635010e-01,3.335477113723754883e-01,3.116459548473358154e-01,3.067632317543029785e-01,3.264665007591247559e-01,2.457198500633239746e-01,6.832171231508255005e-02,4.235048592090606689e-02,3.762168344110250473e-03,5.354717373847961426e-03,3.217586316168308258e-03,7.774143014103174210e-03,0.000000000000000000e+00,0.000000000000000000e+00,0.000000000000000000e+00,0.000000000000000000e+00,3.635042533278465271e-02,6.810905039310455322e-02,6.593995541334152222e-02,7.566835731267929077e-02,1.075108721852302551e-01,1.213452294468879700e-01,1.355883777141571045e-01,1.231468543410301208e-01,9.096926450729370117e-02,8.090570569038391113e-02,7.722937315702438354e-02,6.988332420587539673e-02,5.971036106348037720e-02,5.518272146582603455e-02,6.795809417963027954e-02,1.074625849723815918e-01,1.961107701063156128e-01,1.960200816392898560e-01,1.948617547750473022e-01,1.474904417991638184e-01,1.484473943710327148e-01,1.837125718593597412e-01,1.943454891443252563e-01,1.900299191474914551e-01,1.437704116106033325e-01,1.086946353316307068e-01,1.012553051114082336e-01,8.230347186326980591e-02,7.514706254005432129e-02,6.415021419525146484e-02,2.172373794019222260e-02,0.000000000000000000e+00,0.000000000000000000e+00,0.000000000000000000e+00,0.000000000000000000e+00,0.000000000000000000e+00,0.000000000000000000e+00,0.000000000000000000e+00,0.000000000000000000e+00,0.000000000000000000e+00,0.000000000000000000e+00,0.000000000000000000e+00,0.000000000000000000e+00,0.000000000000000000e+00,0.000000000000000000e+00,0.000000000000000000e+00,0.000000000000000000e+00,0.000000000000000000e+00,0.000000000000000000e+00,0.000000000000000000e+00,0.000000000000000000e+00,1.088501187041401863e-03,1.151741598732769489e-04,0.000000000000000000e+00,2.468156395480036736e-03,7.989218458533287048e-03,6.118683959357440472e-04,5.718107800930738449e-03
1.778213500976562500e+00,1.731416106224060059e+00,2.174571990966796875e+00,3.330947637557983398e+00,3.427112817764282227e+00,3.386926174163818359e+00,3.461239099502563477e+00,3.768740653991699219e+00,3.094033479690551758e+00,2.552457332611083984e+00,2.602136135101318359e+00,1.915508747100830078e+00,2.050721406936645508e+00,2.264948844909667969e+00,2.394175767898559570e+00,1.753166079521179199e+00,1.684861183166503906e+00,1.880308032035827637e+00,2.234643697738647461e+00,2.381574869155883789e+00,2.584595203399658203e+00,2.974752902984619141e+00,2.947893619537353516e+00,3.062517404556274414e+00,3.168727159500122070e+00,2.744031667709350586e+00,2.428215503692626953e+00,2.470262527465820312e+00,2.169088602066040039e+00,2.160277366638183594e+00,1.875142931938171387e+00,1.543397784233093262e+00,1.560554623603820801e+00,1.455733656883239746e+00,8.933323025703430176e-01,8.995824456214904785e-01,9.709001779556274414e-01,9.914036393165588379e-01,9.539931416511535645e-01,1.001028418540954590e+00,8.968008160591125488e-01,8.141571283340454102e-01,8.852536678314208984e-01,1.233894705772399902e+00,1.143369913101196289e+00,1.038534879684448242e+00,7.264524102210998535e-01,7.345701456069946289e-01,7.084132432937622070e-01,1.008824110031127930e+00,9.364037513732910156e-01,7.722712159156799316e-01,7.638340592384338379e-01,8.101173043251037598e-01,8.290545940399169922e-01,8.955093026161193848e-01,1.039797306060791016e+00,9.364219903945922852e-01,9.493454098701477051e-01,8.150530457496643066e-01,6.580672264099121094e-01,6.719888448715209961e-01,8.155635595321655273e-01,1.062732458114624023e+00,1.027536630630493164e+00,9.066231250762939453e-01,8.912690877914428711e-01,3.859936594963073730e-01,3.689233958721160889e-01,1.047771722078323364e-01,1.900896243751049042e-02,1.418575085699558258e-02,0.000000000000000000e+00,0.000000000000000000e+00,0.000000000000000000e+00,0.000000000000000000e+00,0.000000000000000000e+00,0.000000000000000000e+00,1.683148145675659180e-01,3.279998600482940674e-01,3.622054755687713623e-01,1.871639788150787354e-01,3.771699070930480957e-01,3.028243407607078552e-02,2.958600409328937531e-02,9.115662425756454468e-02,0.000000000000000000e+00,0.000000000000000000e+00,0.000000000000000000e+00,0.000000000000000000e+00,0.000000000000000000e+00,0.000000000000000000e+00,0.000000000000000000e+00,0.000000000000000000e+00,0.000000000000000000e+00,0.000000000000000000e+00,0.000000000000000000e+00,0.000000000000000000e+00,0.000000000000000000e+00,0.000000000000000000e+00,0.000000000000000000e+00,0.000000000000000000e+00,0.000000000000000000e+00,0.000000000000000000e+00,0.000000000000000000e+00,0.000000000000000000e+00,0.000000000000000000e+00,0.000000000000000000e+00,0.000000000000000000e+00,0.000000000000000000e+00,0.000000000000000000e+00,0.000000000000000000e+00,0.000000000000000000e+00,0.000000000000000000e+00,0.000000000000000000e+00,0.000000000000000000e+00,0.000000000000000000e+00,0.000000000000000000e+00,0.000000000000000000e+00,0.000000000000000000e+00,0.000000000000000000e+00,3.646779432892799377e-02,0.000000000000000000e+00,1.796275563538074493e-02,2.877328917384147644e-02,1.578578352928161621e-02,6.475862581282854080e-03,0.000000000000000000e+00,0.000000000000000000e+00,0.000000000000000000e+00,0.000000000000000000e+00,0.000000000000000000e+00,0.000000000000000000e+00,0.000000000000000000e+00,0.000000000000000000e+00,0.000000000000000000e+00,0.000000000000000000e+00,0.000000000000000000e+00,0.000000000000000000e+00,0.000000000000000000e+00,0.000000000000000000e+00,0.000000000000000000e+00,3.210271010175347328e-03,4.012409225106239319e-02,2.904008701443672180e-02,7.331909239292144775e-02,7.005814462900161743e-02,7.656488567590713501e-02,7.271993160247802734e-02,1.687729358673095703e-01,1.691392362117767334e-01,8.875273168087005615e-02,1.348934601992368698e-02,3.323880583047866821e-02,1.817113012075424194e-01,2.643174827098846436e-01,2.722090780735015869e-01,2.465268224477767944e-01,2.627570629119873047e-01,3.585053682327270508e-01,4.300562143325805664e-01,3.834199011325836182e-01,3.740701973438262939e-01,3.983115851879119873e-01,3.857307434082031250e-01,3.410355746746063232e-01,3.541784286499023438e-01,2.861117720603942871e-01,2.164674550294876099e-01,1.508130431175231934e-01,0.000000000000000000e+00,0.000000000000000000e+00,0.000000000000000000e+00,0.000000000000000000e+00,0.000000000000000000e+00,0.000000000000000000e+00,0.000000000000000000e+00,0.000000000000000000e+00,3.370106220245361328e-02,5.350568890571594238e-02,6.603348255157470703e-02,7.629234343767166138e-02,8.941520750522613525e-02,9.546896070241928101e-02,1.077546551823616028e-01,1.094102859497070312e-01,8.486188948154449463e-02,7.445874065160751343e-02,5.153930187225341797e-02,2.214882150292396545e-02,2.432149462401866913e-02,4.000599309802055359e-02,6.581347435712814331e-02,1.168282330036163330e-01,2.015551924705505371e-01,2.010398358106613159e-01,1.824375092983245850e-01,1.221292838454246521e-01,1.532533764839172363e-01,1.864196956157684326e-01,1.974784731864929199e-01,2.030259519815444946e-01,1.627535969018936157e-01,1.268971264362335205e-01,1.131699979305267334e-01,7.426741719245910645e-02,6.703709065914154053e-02,5.030862987041473389e-02,1.719031110405921936e-02,0.000000000000000000e+00,0.000000000000000000e+00,0.000000000000000000e+00,0.000000000000000000e+00,0.000000000000000000e+00,0.000000000000000000e+00,0.000000000000000000e+00,0.000000000000000000e+00,0.000000000000000000e+00,0.000000000000000000e+00,0.000000000000000000e+00,0.000000000000000000e+00,0.000000000000000000e+00,0.000000000000000000e+00,0.000000000000000000e+00,0.000000000000000000e+00,0.000000000000000000e+00,0.000000000000000000e+00,0.000000000000000000e+00,0.000000000000000000e+00,1.449969317764043808e-02,0.000000000000000000e+00,0.000000000000000000e+00,0.000000000000000000e+00,2.567010815255343914e-04,0.000000000000000000e+00,0.000000000000000000e+00
1.886232972145080566e+00,1.867171764373779297e+00,2.290223121643066406e+00,3.413602113723754883e+00,3.551544427871704102e+00,3.340462923049926758e+00,3.597206354141235352e+00,3.378696441650390625e+00,2.941233873367309570e+00,2.497345447540283203e+00,2.400161981582641602e+00,1.872328877449035645e+00,2.011174440383911133e+00,2.167849063873291016e+00,2.623884439468383789e+00,1.884696006774902344e+00,1.561392068862915039e+00,1.793351531028747559e+00,2.075779438018798828e+00,2.523723840713500977e+00,2.454405069351196289e+00,2.988545417785644531e+00,2.671170711517333984e+00,2.380732297897338867e+00,2.763756513595581055e+00,2.307825088500976562e+00,2.121222496032714844e+00,2.527286767959594727e+00,2.215446233749389648e+00,2.275940179824829102e+00,1.571140170097351074e+00,1.254107713699340820e+00,1.265837550163269043e+00,1.274547457695007324e+00,8.543468713760375977e-01,9.111574888229370117e-01,9.280282258987426758e-01,9.618219733238220215e-01,9.213933348655700684e-01,9.625689983367919922e-01,8.583605289459228516e-01,7.484893202781677246e-01,9.209637641906738281e-01,1.109456300735473633e+00,1.046625494956970215e+00,1.004881143569946289e+00,7.044520378112792969e-01,7.412459254264831543e-01,7.077745199203491211e-01,1.036383032798767090e+00,9.424718022346496582e-01,7.659336924552917480e-01,7.647837996482849121e-01,8.230188488960266113e-01,8.528542518615722656e-01,8.640148043632507324e-01,9.977279305458068848e-01,9.112940430641174316e-01,9.085786938667297363e-01,8.028770685195922852e-01,6.736234426498413086e-01,6.649630069732666016e-01,7.924568653106689453e-01,1.065912961959838867e+00,1.048145890235900879e+00,9.421413540840148926e-01,9.023917913436889648e-01,3.853778541088104248e-01,3.722540438175201416e-01,1.398606002330780029e-01,4.048482328653335571e-02,3.137747943401336670e-02,0.000000000000000000e+00,0.000000000000000000e+00,0.000000000000000000e+00,0.000000000000000000e+00,0.000000000000000000e+00,0.000000000000000000e+00,1.487180590629577637e-01,3.082042634487152100e-01,3.267988264560699463e-01,1.305263638496398926e-01,3.844303786754608154e-01,2.004683762788772583e-02,1.366694830358028412e-02,7.632550597190856934e-02,0.000000000000000000e+00,0.000000000000000000e+00,0.000000000000000000e+00,0.000000000000000000e+00,0.000000000000000000e+00,0.000000000000000000e+00,0.000000000000000000e+00,0.000000000000000000e+00,0.000000000000000000e+00,0.000000000000000000e+00,0.000000000000000000e+00,0.000000000000000000e+00,0.000000000000000000e+00,0.000000000000000000e+00,0.000000000000000000e+00,0.000000000000000000e+00,0.000000000000000000e+00,0.000000000000000000e+00,0.000000000000000000e+00,0.000000000000000000e+00,0.000000000000000000e+00,0.000000000000000000e+00,0.000000000000000000e+00,0.000000000000000000e+00,0.000000000000000000e+00,0.000000000000000000e+00,0.000000000000000000e+00,0.000000000000000000e+00,0.000000000000000000e+00,0.000000000000000000e+00,0.000000000000000000e+00,0.000000000000000000e+00,0.000000000000000000e+00,0.000000000000000000e+00,0.000000000000000000e+00,1.033664960414171219e-02,1.939549483358860016e-02,2.308760024607181549e-02,4.246973246335983276e-02,4.123699292540550232e-02,2.086612023413181305e-02,0.000000000000000000e+00,0.000000000000000000e+00,0.000000000000000000e+00,0.000000000000000000e+00,0.000000000000000000e+00,0.000000000000000000e+00,0.000000000000000000e+00,0.000000000000000000e+00,0.000000000000000000e+00,0.000000000000000000e+00,0.000000000000000000e+00,0.000000000000000000e+00,0.000000000000000000e+00,0.000000000000000000e+00,0.000000000000000000e+00,0.000000000000000000e+00,4.454103182069957256e-04,2.092165313661098480e-02,6.359162926673889160e-02,6.166957318782806396e-02,7.838153094053268433e-02,4.658184200525283813e-02,4.151963815093040466e-02,1.705429516732692719e-02,0.000000000000000000e+00,0.000000000000000000e+00,4.805092886090278625e-02,2.250050753355026245e-01,2.560204863548278809e-01,2.323028594255447388e-01,2.217836976051330566e-01,2.839609682559967041e-01,3.906971216201782227e-01,4.490420222282409668e-01,3.662665188312530518e-01,3.542343676090240479e-01,3.630498349666595459e-01,3.538302779197692871e-01,3.475227653980255127e-01,3.625319898128509521e-01,2.798898220062255859e-01,2.353058904409408569e-01,1.911060363054275513e-01,5.277003161609172821e-03,0.000000000000000000e+00,0.000000000000000000e+00,0.000000000000000000e+00,1.234372612088918686e-03,0.000000000000000000e+00,0.000000000000000000e+00,0.000000000000000000e+00,1.779389008879661560e-02,2.698308974504470825e-02,3.572301566600799561e-02,5.849313363432884216e-02,7.105861604213714600e-02,7.919842749834060669e-02,9.248325228691101074e-02,9.282297641038894653e-02,7.462671399116516113e-02,6.324622035026550293e-02,2.861321717500686646e-02,4.853702615946531296e-03,0.000000000000000000e+00,4.223527759313583374e-02,9.472894668579101562e-02,1.662830561399459839e-01,1.895090639591217041e-01,1.910831183195114136e-01,1.515749692916870117e-01,1.140033081173896790e-01,1.692719161510467529e-01,1.851712316274642944e-01,1.911697238683700562e-01,1.973439604043960571e-01,1.524128764867782593e-01,1.574427336454391479e-01,1.218122541904449463e-01,7.487847656011581421e-02,3.511054813861846924e-02,2.410166338086128235e-02,1.689300523139536381e-03,0.000000000000000000e+00,0.000000000000000000e+00,0.000000000000000000e+00,0.000000000000000000e+00,0.000000000000000000e+00,0.000000000000000000e+00,0.000000000000000000e+00,0.000000000000000000e+00,0.000000000000000000e+00,0.000000000000000000e+00,0.000000000000000000e+00,0.000000000000000000e+00,0.000000000000000000e+00,0.000000000000000000e+00,0.000000000000000000e+00,0.000000000000000000e+00,0.000000000000000000e+00,0.000000000000000000e+00,0.000000000000000000e+00,1.339126098901033401e-02,3.967517614364624023e-02,0.000000000000000000e+00,0.000000000000000000e+00,0.000000000000000000e+00,0.000000000000000000e+00,0.000000000000000000e+00,0.000000000000000000e+00
1.788899898529052734e+00,1.365244030952453613e+00,2.404785394668579102e+00,3.123093843460083008e+00,3.637994527816772461e+00,3.143055677413940430e+00,3.769862890243530273e+00,3.767919301986694336e+00,3.553193807601928711e+00,3.263129472732543945e+00,3.532563686370849609e+00,2.002820730209350586e+00,2.353483915328979492e+00,2.720731019973754883e+00,2.238345861434936523e+00,1.556584835052490234e+00,1.417489886283874512e+00,1.552630066871643066e+00,1.654852151870727539e+00,2.515170812606811523e+00,2.398535966873168945e+00,2.439771413803100586e+00,2.459714412689208984e+00,2.135867834091186523e+00,1.042463898658752441e+00,1.173536658287048340e+00,2.061434745788574219e+00,2.482131958007812500e+00,1.591813087463378906e+00,1.346019029617309570e+00,1.239959478378295898e+00,1.152920603752136230e+00,1.165244221687316895e+00,1.131129622459411621e+00,1.007230877876281738e+00,7.823592424392700195e-01,7.918691635131835938e-01,6.250100135803222656e-01,7.724962830543518066e-01,7.987871766090393066e-01,8.833599090576171875e-01,1.106578707695007324e+00,1.053092122077941895e+00,6.972180604934692383e-01,8.905639648437500000e-01,8.838785290718078613e-01,6.113376021385192871e-01,6.610053777694702148e-01,6.607514023780822754e-01,8.773072957992553711e-01,7.873687148094177246e-01,7.769508957862854004e-01,7.762941122055053711e-01,7.574977278709411621e-01,8.495058417320251465e-01,8.961293697357177734e-01,8.490749597549438477e-01,8.570446372032165527e-01,8.464643359184265137e-01,8.237493634223937988e-01,8.639220595359802246e-01,8.644456863403320312e-01,6.974466443061828613e-01,5.241366028785705566e-01,4.981647431850433350e-01,3.542803227901458740e-01,4.342228472232818604e-01,2.395756244659423828e-01,2.359773516654968262e-01,7.986879348754882812e-02,1.699621905572712421e-03,0.000000000000000000e+00,0.000000000000000000e+00,0.000000000000000000e+00,0.000000000000000000e+00,0.000000000000000000e+00,0.000000000000000000e+00,0.000000000000000000e+00,0.000000000000000000e+00,0.000000000000000000e+00,1.897473353892564774e-03,5.018495395779609680e-02,4.063724577426910400e-01,8.696747571229934692e-02,6.836231797933578491e-02,0.000000000000000000e+00,0.000000000000000000e+00,0.000000000000000000e+00,0.000000000000000000e+00,0.000000000000000000e+00,0.000000000000000000e+00,0.000000000000000000e+00,0.000000000000000000e+00,0.000000000000000000e+00,0.000000000000000000e+00,0.000000000000000000e+00,0.000000000000000000e+00,0.000000000000000000e+00,0.000000000000000000e+00,0.000000000000000000e+00,0.000000000000000000e+00,0.000000000000000000e+00,0.000000000000000000e+00,0.000000000000000000e+00,0.000000000000000000e+00,0.000000000000000000e+00,0.000000000000000000e+00,0.000000000000000000e+00,0.000000000000000000e+00,0.000000000000000000e+00,0.000000000000000000e+00,0.000000000000000000e+00,0.000000000000000000e+00,0.000000000000000000e+00,0.000000000000000000e+00,0.000000000000000000e+00,0.000000000000000000e+00,0.000000000000000000e+00,0.000000000000000000e+00,0.000000000000000000e+00,0.000000000000000000e+00,0.000000000000000000e+00,0.000000000000000000e+00,1.154195982962846756e-02,1.288469228893518448e-02,7.045137230306863785e-03,0.000000000000000000e+00,0.000000000000000000e+00,0.000000000000000000e+00,0.000000000000000000e+00,0.000000000000000000e+00,0.000000000000000000e+00,0.000000000000000000e+00,0.000000000000000000e+00,0.000000000000000000e+00,0.000000000000000000e+00,0.000000000000000000e+00,0.000000000000000000e+00,0.000000000000000000e+00,0.000000000000000000e+00,0.000000000000000000e+00,0.000000000000000000e+00,7.290988694876432419e-03,6.724976934492588043e-03,1.032077707350254059e-02,9.665711224079132080e-02,1.696153432130813599e-01,1.163219362497329712e-01,0.000000000000000000e+00,0.000000000000000000e+00,0.000000000000000000e+00,0.000000000000000000e+00,0.000000000000000000e+00,1.640830338001251221e-01,2.742319405078887939e-01,2.714061439037322998e-01,2.740236818790435791e-01,3.264613747596740723e-01,3.430902659893035889e-01,4.016219675540924072e-01,4.003043770790100098e-01,3.150415122509002686e-01,3.028942644596099854e-01,3.093866407871246338e-01,3.156121671199798584e-01,3.086770176887512207e-01,3.233913779258728027e-01,3.010685443878173828e-01,2.760344147682189941e-01,2.428771555423736572e-01,1.670982390642166138e-01,3.653310611844062805e-02,1.185998553410172462e-03,1.007440034300088882e-02,0.000000000000000000e+00,0.000000000000000000e+00,0.000000000000000000e+00,0.000000000000000000e+00,9.039238211698830128e-04,2.972697466611862183e-02,3.502071276307106018e-02,5.685597658157348633e-02,7.608664780855178833e-02,8.589311689138412476e-02,1.015478149056434631e-01,9.981111437082290649e-02,7.200118154287338257e-02,6.762025505304336548e-02,8.203255943953990936e-03,0.000000000000000000e+00,0.000000000000000000e+00,2.794758789241313934e-02,9.833192080259323120e-02,9.962605684995651245e-02,1.563624739646911621e-01,1.543093770742416382e-01,1.453454941511154175e-01,1.479342281818389893e-01,1.693973839282989502e-01,1.738412827253341675e-01,1.546468436717987061e-01,1.609127074480056763e-01,1.369942128658294678e-01,1.609175801277160645e-01,1.245279461145401001e-01,6.805755943059921265e-02,1.180472038686275482e-02,0.000000000000000000e+00,0.000000000000000000e+00,0.000000000000000000e+00,0.000000000000000000e+00,0.000000000000000000e+00,0.000000000000000000e+00,0.000000000000000000e+00,0.000000000000000000e+00,0.000000000000000000e+00,0.000000000000000000e+00,0.000000000000000000e+00,0.000000000000000000e+00,0.000000000000000000e+00,0.000000000000000000e+00,0.000000000000000000e+00,0.000000000000000000e+00,0.000000000000000000e+00,0.000000000000000000e+00,0.000000000000000000e+00,0.000000000000000000e+00,6.000616704113781452e-04,4.792519658803939819e-02,1.023793220520019531e-02,0.000000000000000000e+00,0.000000000000000000e+00,0.000000000000000000e+00,0.000000000000000000e+00,9.273729287087917328e-03,2.524173073470592499e-02
2.537280321121215820e+00,1.915074467658996582e+00,3.229551315307617188e+00,3.164700508117675781e+00,3.386114597320556641e+00,3.678792238235473633e+00,4.503045082092285156e+00,4.284621715545654297e+00,4.099405288696289062e+00,3.596754312515258789e+00,3.493633985519409180e+00,3.230971574783325195e+00,2.927374362945556641e+00,2.754909038543701172e+00,2.600419759750366211e+00,1.537931919097900391e+00,1.252619147300720215e+00,1.389917254447937012e+00,1.364821553230285645e+00,2.086543083190917969e+00,1.851947784423828125e+00,2.390936374664306641e+00,1.902874231338500977e+00,2.398896217346191406e+00,2.292340278625488281e+00,1.572355151176452637e+00,2.383553981781005859e+00,1.993465900421142578e+00,1.193741321563720703e+00,1.159314870834350586e+00,1.073348999023437500e+00,1.139750838279724121e+00,1.162190914154052734e+00,9.177542924880981445e-01,6.986488699913024902e-01,7.566719651222229004e-01,7.593319416046142578e-01,6.460756063461303711e-01,8.837984204292297363e-01,9.709996581077575684e-01,1.014929652214050293e+00,7.605165839195251465e-01,7.552789449691772461e-01,8.886815905570983887e-01,8.402860760688781738e-01,8.219345808029174805e-01,5.727252364158630371e-01,6.694714426994323730e-01,6.826112270355224609e-01,7.766288518905639648e-01,7.199301719665527344e-01,7.086392641067504883e-01,7.311570048332214355e-01,8.789314031600952148e-01,8.267421722412109375e-01,8.609380125999450684e-01,8.884873390197753906e-01,7.225620746612548828e-01,7.152422070503234863e-01,7.205353379249572754e-01,1.002787590026855469e+00,1.016536831855773926e+00,7.906304597854614258e-01,2.951435148715972900e-01,2.701117098331451416e-01,2.510089278221130371e-01,2.063094079494476318e-01,1.867431700229644775e-01,1.912018954753875732e-01,1.305846124887466431e-01,3.320505376905202866e-03,0.000000000000000000e+00,0.000000000000000000e+00,0.000000000000000000e+00,0.000000000000000000e+00,0.000000000000000000e+00,0.000000000000000000e+00,0.000000000000000000e+00,0.000000000000000000e+00,0.000000000000000000e+00,0.000000000000000000e+00,0.000000000000000000e+00,1.879946738481521606e-01,2.791822552680969238e-01,2.661378085613250732e-01,1.962150074541568756e-02,0.000000000000000000e+00,0.000000000000000000e+00,1.025345455855131149e-02,0.000000000000000000e+00,0.000000000000000000e+00,0.000000000000000000e+00,0.000000000000000000e+00,0.000000000000000000e+00,0.000000000000000000e+00,0.000000000000000000e+00,0.000000000000000000e+00,0.000000000000000000e+00,0.000000000000000000e+00,0.000000000000000000e+00,0.000000000000000000e+00,0.000000000000000000e+00,0.000000000000000000e+00,0.000000000000000000e+00,0.000000000000000000e+00,0.000000000000000000e+00,0.000000000000000000e+00,0.000000000000000000e+00,0.000000000000000000e+00,0.000000000000000000e+00,0.000000000000000000e+00,0.000000000000000000e+00,0.000000000000000000e+00,0.000000000000000000e+00,0.000000000000000000e+00,0.000000000000000000e+00,0.000000000000000000e+00,0.000000000000000000e+00,0.000000000000000000e+00,0.000000000000000000e+00,0.000000000000000000e+00,0.000000000000000000e+00,0.000000000000000000e+00,1.560436561703681946e-02,2.950804680585861206e-02,1.338878180831670761e-02,0.000000000000000000e+00,0.000000000000000000e+00,0.000000000000000000e+00,0.000000000000000000e+00,0.000000000000000000e+00,0.000000000000000000e+00,0.000000000000000000e+00,0.000000000000000000e+00,0.000000000000000000e+00,0.000000000000000000e+00,0.000000000000000000e+00,0.000000000000000000e+00,0.000000000000000000e+00,0.000000000000000000e+00,1.165612600743770599e-03,5.521733313798904419e-03,1.113010803237557411e-03,7.342839147895574570e-03,4.994554817676544189e-02,1.601761877536773682e-01,1.313888877630233765e-01,4.076979681849479675e-02,1.246704999357461929e-02,0.000000000000000000e+00,0.000000000000000000e+00,0.000000000000000000e+00,0.000000000000000000e+00,6.197717040777206421e-02,2.155157178640365601e-01,1.469030082225799561e-01,1.405513584613800049e-01,2.783621251583099365e-01,2.842840850353240967e-01,3.378968536853790283e-01,3.424813151359558105e-01,2.747945189476013184e-01,2.848946750164031982e-01,3.004787266254425049e-01,2.983618378639221191e-01,2.859486043453216553e-01,3.026971220970153809e-01,3.054032027721405029e-01,2.935708761215209961e-01,2.608321309089660645e-01,2.104379683732986450e-01,1.798514276742935181e-01,7.965170592069625854e-02,0.000000000000000000e+00,0.000000000000000000e+00,0.000000000000000000e+00,0.000000000000000000e+00,0.000000000000000000e+00,1.150634139776229858e-02,1.768760383129119873e-02,2.416692115366458893e-02,5.085885152220726013e-02,6.391813606023788452e-02,9.061755985021591187e-02,8.983578532934188843e-02,9.035224467515945435e-02,5.026008188724517822e-02,3.742386028170585632e-02,9.269279544241726398e-04,0.000000000000000000e+00,0.000000000000000000e+00,3.717146115377545357e-03,2.677795477211475372e-02,5.612098798155784607e-02,1.198108941316604614e-01,1.465933173894882202e-01,1.395736336708068848e-01,1.347113102674484253e-01,1.441055387258529663e-01,1.699475944042205811e-01,1.487556993961334229e-01,1.473428606986999512e-01,1.169146224856376648e-01,1.542776077985763550e-01,1.317338794469833374e-01,4.149319604039192200e-02,2.203169092535972595e-02,0.000000000000000000e+00,0.000000000000000000e+00,0.000000000000000000e+00,0.000000000000000000e+00,0.000000000000000000e+00,0.000000000000000000e+00,0.000000000000000000e+00,0.000000000000000000e+00,0.000000000000000000e+00,0.000000000000000000e+00,0.000000000000000000e+00,0.000000000000000000e+00,0.000000000000000000e+00,0.000000000000000000e+00,0.000000000000000000e+00,0.000000000000000000e+00,0.000000000000000000e+00,0.000000000000000000e+00,0.000000000000000000e+00,0.000000000000000000e+00,2.152992784976959229e-02,4.045708850026130676e-02,0.000000000000000000e+00,0.000000000000000000e+00,0.000000000000000000e+00,0.000000000000000000e+00,0.000000000000000000e+00,1.505358889698982239e-02,3.507978469133377075e-02
2.199207544326782227e+00,2.034466743469238281e+00,3.031026363372802734e+00,3.112941503524780273e+00,2.957331418991088867e+00,3.531561613082885742e+00,4.254434108734130859e+00,4.541019439697265625e+00,4.015400886535644531e+00,3.599390983581542969e+00,3.575834989547729492e+00,3.096256017684936523e+00,2.528772115707397461e+00,2.609362363815307617e+00,2.479090929031372070e+00,1.584464192390441895e+00,1.175004839897155762e+00,1.131081342697143555e+00,1.267304658889770508e+00,1.725672721862792969e+00,1.739950656890869141e+00,2.280436515808105469e+00,1.986349940299987793e+00,1.945262789726257324e+00,1.301651120185852051e+00,1.555104255676269531e+00,2.373938083648681641e+00,2.004055738449096680e+00,1.179835200309753418e+00,1.162185430526733398e+00,1.084394216537475586e+00,1.113445758819580078e+00,1.122406840324401855e+00,9.021967649459838867e-01,6.676724553108215332e-01,7.321595549583435059e-01,7.714508175849914551e-01,6.625977754592895508e-01,9.425437450408935547e-01,9.196563363075256348e-01,9.953141212463378906e-01,7.460743784904479980e-01,7.365671396255493164e-01,8.917654156684875488e-01,7.673412561416625977e-01,8.409070968627929688e-01,5.505546927452087402e-01,6.575730443000793457e-01,6.829867959022521973e-01,7.552664279937744141e-01,7.829132676124572754e-01,7.591233849525451660e-01,7.448094487190246582e-01,9.012278914451599121e-01,8.201833367347717285e-01,8.595615029335021973e-01,8.869022130966186523e-01,7.028323411941528320e-01,7.092790603637695312e-01,7.259175181388854980e-01,1.003309488296508789e+00,1.054403781890869141e+00,8.042048215866088867e-01,3.104708492755889893e-01,2.928469777107238770e-01,2.873801589012145996e-01,2.258155196905136108e-01,2.113077938556671143e-01,2.083268761634826660e-01,1.831364184617996216e-01,5.967568606138229370e-03,7.007217500358819962e-04,0.000000000000000000e+00,0.000000000000000000e+00,0.000000000000000000e+00,0.000000000000000000e+00,0.000000000000000000e+00,0.000000000000000000e+00,0.000000000000000000e+00,0.000000000000000000e+00,0.000000000000000000e+00,0.000000000000000000e+00,1.760281771421432495e-01,2.520841658115386963e-01,2.517455220222473145e-01,2.601858414709568024e-02,0.000000000000000000e+00,0.000000000000000000e+00,3.528814995661377907e-03,0.000000000000000000e+00,0.000000000000000000e+00,0.000000000000000000e+00,0.000000000000000000e+00,0.000000000000000000e+00,0.000000000000000000e+00,0.000000000000000000e+00,0.000000000000000000e+00,0.000000000000000000e+00,0.000000000000000000e+00,0.000000000000000000e+00,0.000000000000000000e+00,0.000000000000000000e+00,0.000000000000000000e+00,0.000000000000000000e+00,0.000000000000000000e+00,0.000000000000000000e+00,0.000000000000000000e+00,0.000000000000000000e+00,0.000000000000000000e+00,0.000000000000000000e+00,0.000000000000000000e+00,0.000000000000000000e+00,0.000000000000000000e+00,0.000000000000000000e+00,0.000000000000000000e+00,0.000000000000000000e+00,0.000000000000000000e+00,0.000000000000000000e+00,0.000000000000000000e+00,0.000000000000000000e+00,0.000000000000000000e+00,8.602729998528957367e-03,4.901037085801362991e-03,2.195442561060190201e-03,0.000000000000000000e+00,0.000000000000000000e+00,0.000000000000000000e+00,0.000000000000000000e+00,0.000000000000000000e+00,0.000000000000000000e+00,0.000000000000000000e+00,0.000000000000000000e+00,0.000000000000000000e+00,0.000000000000000000e+00,0.000000000000000000e+00,0.000000000000000000e+00,0.000000000000000000e+00,0.000000000000000000e+00,0.000000000000000000e+00,1.950874365866184235e-02,4.833754152059555054e-02,7.695379108190536499e-02,2.570807561278343201e-02,1.850096136331558228e-02,4.625135660171508789e-02,7.964239269495010376e-02,0.000000000000000000e+00,0.000000000000000000e+00,0.000000000000000000e+00,0.000000000000000000e+00,0.000000000000000000e+00,0.000000000000000000e+00,0.000000000000000000e+00,0.000000000000000000e+00,8.885223418474197388e-03,0.000000000000000000e+00,0.000000000000000000e+00,5.525132268667221069e-02,2.284391820430755615e-01,2.638892829418182373e-01,2.743420898914337158e-01,2.379582971334457397e-01,2.156425267457962036e-01,1.898414492607116699e-01,2.160704433917999268e-01,2.146692126989364624e-01,2.199429422616958618e-01,2.407022565603256226e-01,2.685411274433135986e-01,3.099365532398223877e-01,2.990167737007141113e-01,2.570151090621948242e-01,1.760187000036239624e-01,0.000000000000000000e+00,0.000000000000000000e+00,0.000000000000000000e+00,0.000000000000000000e+00,0.000000000000000000e+00,1.876411214470863342e-02,1.671986281871795654e-02,1.925832778215408325e-02,4.615690931677818298e-02,6.234705820679664612e-02,7.801091670989990234e-02,7.100293785333633423e-02,8.345753699541091919e-02,5.277253314852714539e-02,1.903000101447105408e-02,1.590479660080745816e-04,0.000000000000000000e+00,0.000000000000000000e+00,2.684123348444700241e-03,6.991640198975801468e-03,4.721672832965850830e-02,1.025222837924957275e-01,1.462218463420867920e-01,1.289149969816207886e-01,1.137009114027023315e-01,1.306681782007217407e-01,1.616354584693908691e-01,1.524799913167953491e-01,1.609589457511901855e-01,1.372811198234558105e-01,1.382707953453063965e-01,1.385544389486312866e-01,4.330053552985191345e-02,2.643567696213722229e-02,0.000000000000000000e+00,0.000000000000000000e+00,0.000000000000000000e+00,0.000000000000000000e+00,0.000000000000000000e+00,0.000000000000000000e+00,0.000000000000000000e+00,0.000000000000000000e+00,0.000000000000000000e+00,0.000000000000000000e+00,0.000000000000000000e+00,0.000000000000000000e+00,0.000000000000000000e+00,0.000000000000000000e+00,0.000000000000000000e+00,0.000000000000000000e+00,0.000000000000000000e+00,0.000000000000000000e+00,0.000000000000000000e+00,6.750363390892744064e-03,4.672354087233543396e-02,4.255395010113716125e-02,0.000000000000000000e+00,0.000000000000000000e+00,0.000000000000000000e+00,0.000000000000000000e+00,0.000000000000000000e+00,2.941346354782581329e-02,3.215802460908889771e-02
3.306213140487670898e+00,2.864218235015869141e+00,3.656399726867675781e+00,3.219342470169067383e+00,3.016144037246704102e+00,3.544021368026733398e+00,4.574259757995605469e+00,4.421440601348876953e+00,2.962627887725830078e+00,3.081684112548828125e+00,2.841073274612426758e+00,2.367976427078247070e+00,2.098874092102050781e+00,2.191321372985839844e+00,2.444654703140258789e+00,1.655358552932739258e+00,1.253034591674804688e+00,1.454151391983032227e+00,1.360672473907470703e+00,1.802043676376342773e+00,2.096206665039062500e+00,2.083595037460327148e+00,1.816196322441101074e+00,9.963817000389099121e-01,1.413896679878234863e+00,1.715395450592041016e+00,1.705610632896423340e+00,1.223428010940551758e+00,8.028042912483215332e-01,7.399291396141052246e-01,6.293544769287109375e-01,5.870323181152343750e-01,5.811527967453002930e-01,4.821140468120574951e-01,3.977190554141998291e-01,3.669534027576446533e-01,3.467016220092773438e-01,4.471764266490936279e-01,4.918827116489410400e-01,5.588642954826354980e-01,5.684559941291809082e-01,6.657854914665222168e-01,6.736891269683837891e-01,6.312823891639709473e-01,6.609198451042175293e-01,7.142906785011291504e-01,6.812317371368408203e-01,6.941232085227966309e-01,6.822848916053771973e-01,9.082936048507690430e-01,8.106972575187683105e-01,8.276740312576293945e-01,8.520363569259643555e-01,7.285860776901245117e-01,7.569026350975036621e-01,7.380637526512145996e-01,6.313447356224060059e-01,5.290037989616394043e-01,5.408006906509399414e-01,8.167367577552795410e-01,7.290407419204711914e-01,7.920426726341247559e-01,4.238200783729553223e-01,2.502061128616333008e-01,2.622754871845245361e-01,1.580349355936050415e-01,7.185187935829162598e-02,1.492656618356704712e-01,1.592009961605072021e-01,4.522063136100769043e-01,2.223870307207107544e-01,1.939976215362548828e-01,0.000000000000000000e+00,0.000000000000000000e+00,0.000000000000000000e+00,0.000000000000000000e+00,0.000000000000000000e+00,0.000000000000000000e+00,0.000000000000000000e+00,0.000000000000000000e+00,0.000000000000000000e+00,0.000000000000000000e+00,5.657078325748443604e-02,1.008445024490356445e-01,9.699141234159469604e-02,2.649547299370169640e-03,4.811984952539205551e-03,7.215009536594152451e-03,0.000000000000000000e+00,0.000000000000000000e+00,0.000000000000000000e+00,0.000000000000000000e+00,0.000000000000000000e+00,0.000000000000000000e+00,0.000000000000000000e+00,0.000000000000000000e+00,0.000000000000000000e+00,0.000000000000000000e+00,0.000000000000000000e+00,0.000000000000000000e+00,0.000000000000000000e+00,0.000000000000000000e+00,0.000000000000000000e+00,0.000000000000000000e+00,0.000000000000000000e+00,0.000000000000000000e+00,0.000000000000000000e+00,0.000000000000000000e+00,0.000000000000000000e+00,0.000000000000000000e+00,0.000000000000000000e+00,0.000000000000000000e+00,0.000000000000000000e+00,0.000000000000000000e+00,0.000000000000000000e+00,0.000000000000000000e+00,0.000000000000000000e+00,0.000000000000000000e+00,0.000000000000000000e+00,0.000000000000000000e+00,3.800551407039165497e-03,1.768376119434833527e-02,3.804295323789119720e-03,6.806576857343316078e-04,0.000000000000000000e+00,0.000000000000000000e+00,0.000000000000000000e+00,0.000000000000000000e+00,0.000000000000000000e+00,0.000000000000000000e+00,0.000000000000000000e+00,0.000000000000000000e+00,0.000000000000000000e+00,0.000000000000000000e+00,0.000000000000000000e+00,0.000000000000000000e+00,0.000000000000000000e+00,0.000000000000000000e+00,2.563530346378684044e-03,3.519982099533081055e-02,6.775403767824172974e-02,5.048594251275062561e-02,7.621300965547561646e-02,4.717966541647911072e-02,7.638783007860183716e-02,4.926795512437820435e-02,0.000000000000000000e+00,0.000000000000000000e+00,0.000000000000000000e+00,0.000000000000000000e+00,0.000000000000000000e+00,0.000000000000000000e+00,0.000000000000000000e+00,0.000000000000000000e+00,0.000000000000000000e+00,0.000000000000000000e+00,2.261474030092358589e-03,1.157078891992568970e-01,1.961888670921325684e-01,2.129593044519424438e-01,2.167650014162063599e-01,2.325815111398696899e-01,1.979325413703918457e-01,1.771330386400222778e-01,1.691816151142120361e-01,1.712350249290466309e-01,1.773286461830139160e-01,2.068437039852142334e-01,2.235019207000732422e-01,2.834536135196685791e-01,2.695485949516296387e-01,2.069556862115859985e-01,1.134311333298683167e-01,0.000000000000000000e+00,0.000000000000000000e+00,0.000000000000000000e+00,1.377094187773764133e-03,0.000000000000000000e+00,3.038926282897591591e-03,1.504837418906390667e-03,1.441696658730506897e-03,1.899491436779499054e-02,5.406484752893447876e-02,6.500251591205596924e-02,8.030740916728973389e-02,8.360201120376586914e-02,5.214160680770874023e-02,1.181739103049039841e-02,0.000000000000000000e+00,0.000000000000000000e+00,0.000000000000000000e+00,2.622741507366299629e-03,2.121618948876857758e-02,6.772561371326446533e-02,1.087893694639205933e-01,1.200345680117607117e-01,9.457658976316452026e-02,7.133270800113677979e-02,1.130348443984985352e-01,1.596105247735977173e-01,1.686883866786956787e-01,1.753311008214950562e-01,1.308890730142593384e-01,1.350940465927124023e-01,1.306156218051910400e-01,2.551349624991416931e-02,9.599521756172180176e-03,0.000000000000000000e+00,0.000000000000000000e+00,0.000000000000000000e+00,0.000000000000000000e+00,0.000000000000000000e+00,0.000000000000000000e+00,0.000000000000000000e+00,0.000000000000000000e+00,0.000000000000000000e+00,0.000000000000000000e+00,0.000000000000000000e+00,0.000000000000000000e+00,0.000000000000000000e+00,0.000000000000000000e+00,0.000000000000000000e+00,0.000000000000000000e+00,0.000000000000000000e+00,0.000000000000000000e+00,0.000000000000000000e+00,1.153534278273582458e-02,5.744114145636558533e-02,2.666938118636608124e-02,0.000000000000000000e+00,0.000000000000000000e+00,0.000000000000000000e+00,0.000000000000000000e+00,3.184327797498553991e-04,1.968243718147277832e-02,1.121420785784721375e-02
3.625611543655395508e+00,3.497433185577392578e+00,3.702046394348144531e+00,2.645906925201416016e+00,2.295089721679687500e+00,1.871626019477844238e+00,2.585435867309570312e+00,2.693236589431762695e+00,1.950491786003112793e+00,2.232446432113647461e+00,2.180275440216064453e+00,2.833958625793457031e+00,2.629618406295776367e+00,3.512921094894409180e+00,2.112048625946044922e+00,1.843855857849121094e+00,5.931748747825622559e-01,6.437592506408691406e-01,7.541279196739196777e-01,1.010518670082092285e+00,1.057512640953063965e+00,9.249953627586364746e-01,1.000109195709228516e+00,1.007353425025939941e+00,1.286533594131469727e+00,1.552882075309753418e+00,1.560016274452209473e+00,1.216206908226013184e+00,7.902059555053710938e-01,7.627602219581604004e-01,7.719157934188842773e-01,7.027570009231567383e-01,7.016186118125915527e-01,5.788482427597045898e-01,4.708355069160461426e-01,3.318891823291778564e-01,3.164074420928955078e-01,4.276694953441619873e-01,4.909805655479431152e-01,5.022787451744079590e-01,3.488153219223022461e-01,5.665869712829589844e-01,5.495911240577697754e-01,4.561389088630676270e-01,2.729927897453308105e-01,3.149468898773193359e-01,4.008309841156005859e-01,6.252927184104919434e-01,6.253420114517211914e-01,7.156471014022827148e-01,6.933485269546508789e-01,7.463315725326538086e-01,7.890290617942810059e-01,6.630325913429260254e-01,5.681709647178649902e-01,5.731884241104125977e-01,5.936180353164672852e-01,5.032056570053100586e-01,5.034437179565429688e-01,9.084810018539428711e-01,6.049122214317321777e-01,6.006786227226257324e-01,4.122142791748046875e-01,2.302809506654739380e-01,2.159572243690490723e-01,2.213914841413497925e-01,1.625314056873321533e-01,1.144216284155845642e-01,1.085551828145980835e-01,6.577015668153762817e-02,1.644632816314697266e-01,1.554626971483230591e-01,0.000000000000000000e+00,0.000000000000000000e+00,0.000000000000000000e+00,0.000000000000000000e+00,0.000000000000000000e+00,0.000000000000000000e+00,0.000000000000000000e+00,0.000000000000000000e+00,0.000000000000000000e+00,0.000000000000000000e+00,0.000000000000000000e+00,7.351840846240520477e-03,2.163683762773871422e-03,0.000000000000000000e+00,0.000000000000000000e+00,0.000000000000000000e+00,0.000000000000000000e+00,0.000000000000000000e+00,0.000000000000000000e+00,0.000000000000000000e+00,0.000000000000000000e+00,0.000000000000000000e+00,0.000000000000000000e+00,0.000000000000000000e+00,0.000000000000000000e+00,0.000000000000000000e+00,0.000000000000000000e+00,0.000000000000000000e+00,0.000000000000000000e+00,0.000000000000000000e+00,0.000000000000000000e+00,0.000000000000000000e+00,0.000000000000000000e+00,0.000000000000000000e+00,0.000000000000000000e+00,0.000000000000000000e+00,0.000000000000000000e+00,0.000000000000000000e+00,0.000000000000000000e+00,0.000000000000000000e+00,0.000000000000000000e+00,0.000000000000000000e+00,0.000000000000000000e+00,0.000000000000000000e+00,0.000000000000000000e+00,0.000000000000000000e+00,0.000000000000000000e+00,0.000000000000000000e+00,0.000000000000000000e+00,2.231368795037269592e-02,1.422352250665426254e-02,5.174171179533004761e-03,0.000000000000000000e+00,0.000000000000000000e+00,0.000000000000000000e+00,0.000000000000000000e+00,2.523974049836397171e-03,0.000000000000000000e+00,0.000000000000000000e+00,0.000000000000000000e+00,0.000000000000000000e+00,0.000000000000000000e+00,0.000000000000000000e+00,0.000000000000000000e+00,0.000000000000000000e+00,0.000000000000000000e+00,9.889248758554458618e-03,4.523581638932228088e-02,8.487024158239364624e-02,5.395416915416717529e-02,9.177871048450469971e-02,2.089435793459415436e-02,3.150415048003196716e-02,2.039452781900763512e-03,0.000000000000000000e+00,0.000000000000000000e+00,0.000000000000000000e+00,0.000000000000000000e+00,0.000000000000000000e+00,0.000000000000000000e+00,0.000000000000000000e+00,0.000000000000000000e+00,2.412366593489423394e-04,0.000000000000000000e+00,7.549196481704711914e-02,1.639779061079025269e-01,1.766248345375061035e-01,1.994037330150604248e-01,2.091867774724960327e-01,2.327092736959457397e-01,1.906644999980926514e-01,1.823758035898208618e-01,1.615950018167495728e-01,1.608746498823165894e-01,1.845930963754653931e-01,2.175240516662597656e-01,2.456071376800537109e-01,2.553379237651824951e-01,2.349136620759963989e-01,1.252512633800506592e-01,1.004099845886230469e-01,0.000000000000000000e+00,0.000000000000000000e+00,0.000000000000000000e+00,0.000000000000000000e+00,0.000000000000000000e+00,0.000000000000000000e+00,2.139480551704764366e-03,0.000000000000000000e+00,2.134219557046890259e-02,6.007828190922737122e-02,6.940759718418121338e-02,8.395855128765106201e-02,7.727533578872680664e-02,4.773649945855140686e-02,1.275933347642421722e-02,0.000000000000000000e+00,0.000000000000000000e+00,0.000000000000000000e+00,0.000000000000000000e+00,1.446577254682779312e-02,4.217546060681343079e-02,1.020962074398994446e-01,1.014379560947418213e-01,7.449863106012344360e-02,6.608270108699798584e-02,1.375765353441238403e-01,1.853889822959899902e-01,1.848852783441543579e-01,1.868489086627960205e-01,1.482824832201004028e-01,1.338997632265090942e-01,8.420220017433166504e-02,2.102559804916381836e-02,2.736893249675631523e-03,0.000000000000000000e+00,0.000000000000000000e+00,0.000000000000000000e+00,0.000000000000000000e+00,0.000000000000000000e+00,0.000000000000000000e+00,0.000000000000000000e+00,0.000000000000000000e+00,0.000000000000000000e+00,0.000000000000000000e+00,0.000000000000000000e+00,0.000000000000000000e+00,0.000000000000000000e+00,0.000000000000000000e+00,0.000000000000000000e+00,0.000000000000000000e+00,0.000000000000000000e+00,0.000000000000000000e+00,0.000000000000000000e+00,6.126246880739927292e-03,5.622836574912071228e-02,2.483149990439414978e-02,0.000000000000000000e+00,0.000000000000000000e+00,0.000000000000000000e+00,0.000000000000000000e+00,0.000000000000000000e+00,7.681052666157484055e-03,0.000000000000000000e+00
2.413278818130493164e+00,2.308420181274414062e+00,2.035079002380371094e+00,1.765478968620300293e+00,2.103365898132324219e+00,1.477809071540832520e+00,1.804125666618347168e+00,1.391058325767517090e+00,1.641079902648925781e+00,1.501185536384582520e+00,1.711261868476867676e+00,2.188343763351440430e+00,2.231848478317260742e+00,2.418629884719848633e+00,1.715982913970947266e+00,1.522389054298400879e+00,5.537201166152954102e-01,6.104545593261718750e-01,7.207145094871520996e-01,1.047850012779235840e+00,1.069037675857543945e+00,9.888089299201965332e-01,1.085628271102905273e+00,1.086045145988464355e+00,1.270884990692138672e+00,1.559990525245666504e+00,1.540349006652832031e+00,1.206304907798767090e+00,8.024290204048156738e-01,7.931715250015258789e-01,7.851955890655517578e-01,7.055818438529968262e-01,7.488982677459716797e-01,5.728402733802795410e-01,4.425972104072570801e-01,3.493480682373046875e-01,3.992039859294891357e-01,4.693644940853118896e-01,4.260809123516082764e-01,4.082667231559753418e-01,2.953597307205200195e-01,5.181776285171508789e-01,5.392807126045227051e-01,4.411911070346832275e-01,2.764897048473358154e-01,3.287591040134429932e-01,3.908156156539916992e-01,6.355363726615905762e-01,6.381251215934753418e-01,7.345671057701110840e-01,7.048820853233337402e-01,7.729677557945251465e-01,7.795293331146240234e-01,6.398025751113891602e-01,5.759266614913940430e-01,5.980180501937866211e-01,5.968437790870666504e-01,5.428322553634643555e-01,5.544689297676086426e-01,9.163603782653808594e-01,6.077684164047241211e-01,6.002659201622009277e-01,4.049888849258422852e-01,2.406996339559555054e-01,2.093494534492492676e-01,2.226451933383941650e-01,1.842532455921173096e-01,1.263235509395599365e-01,1.194204464554786682e-01,6.706748902797698975e-02,1.683492362499237061e-01,1.824305057525634766e-01,0.000000000000000000e+00,0.000000000000000000e+00,0.000000000000000000e+00,0.000000000000000000e+00,0.000000000000000000e+00,0.000000000000000000e+00,0.000000000000000000e+00,0.000000000000000000e+00,0.000000000000000000e+00,0.000000000000000000e+00,0.000000000000000000e+00,1.627833023667335510e-02,7.654940709471702576e-03,0.000000000000000000e+00,0.000000000000000000e+00,0.000000000000000000e+00,0.000000000000000000e+00,0.000000000000000000e+00,0.000000000000000000e+00,0.000000000000000000e+00,0.000000000000000000e+00,0.000000000000000000e+00,0.000000000000000000e+00,0.000000000000000000e+00,0.000000000000000000e+00,0.000000000000000000e+00,0.000000000000000000e+00,0.000000000000000000e+00,0.000000000000000000e+00,0.000000000000000000e+00,0.000000000000000000e+00,0.000000000000000000e+00,0.000000000000000000e+00,0.000000000000000000e+00,0.000000000000000000e+00,0.000000000000000000e+00,0.000000000000000000e+00,0.000000000000000000e+00,0.000000000000000000e+00,0.000000000000000000e+00,0.000000000000000000e+00,0.000000000000000000e+00,0.000000000000000000e+00,0.000000000000000000e+00,0.000000000000000000e+00,0.000000000000000000e+00,0.000000000000000000e+00,0.000000000000000000e+00,0.000000000000000000e+00,0.000000000000000000e+00,0.000000000000000000e+00,0.000000000000000000e+00,0.000000000000000000e+00,0.000000000000000000e+00,0.000000000000000000e+00,1.329254172742366791e-02,1.981035340577363968e-03,1.656357431784272194e-03,0.000000000000000000e+00,0.000000000000000000e+00,0.000000000000000000e+00,0.000000000000000000e+00,0.000000000000000000e+00,0.000000000000000000e+00,0.000000000000000000e+00,0.000000000000000000e+00,1.726392190903425217e-03,5.215038545429706573e-03,2.289184741675853729e-02,1.181622501462697983e-02,3.592478856444358826e-02,2.984695322811603546e-02,4.415421746671199799e-03,0.000000000000000000e+00,0.000000000000000000e+00,0.000000000000000000e+00,0.000000000000000000e+00,0.000000000000000000e+00,0.000000000000000000e+00,7.160785607993602753e-04,0.000000000000000000e+00,0.000000000000000000e+00,3.053986653685569763e-02,7.109890878200531006e-02,1.205064877867698669e-01,1.872432976961135864e-01,1.721940785646438599e-01,1.709575951099395752e-01,2.228383719921112061e-01,2.577052116394042969e-01,1.668649911880493164e-01,1.456804573535919189e-01,1.471778452396392822e-01,2.102343887090682983e-01,2.250816971063613892e-01,2.565772533416748047e-01,2.543331384658813477e-01,2.309659570455551147e-01,1.716033220291137695e-01,1.227676570415496826e-01,4.037321358919143677e-02,0.000000000000000000e+00,0.000000000000000000e+00,0.000000000000000000e+00,0.000000000000000000e+00,0.000000000000000000e+00,0.000000000000000000e+00,0.000000000000000000e+00,0.000000000000000000e+00,7.122013717889785767e-03,3.369991481304168701e-02,4.908728599548339844e-02,5.560793727636337280e-02,3.475458174943923950e-02,9.979698807001113892e-03,3.627476980909705162e-03,0.000000000000000000e+00,0.000000000000000000e+00,0.000000000000000000e+00,0.000000000000000000e+00,0.000000000000000000e+00,1.093028672039508820e-02,7.688070088624954224e-02,1.231033280491828918e-01,1.461932808160781860e-01,1.073569953441619873e-01,1.416912376880645752e-01,1.239121630787849426e-01,1.301394850015640259e-01,1.384790390729904175e-01,1.115345731377601624e-01,6.946835666894912720e-02,3.045734576880931854e-02,0.000000000000000000e+00,0.000000000000000000e+00,0.000000000000000000e+00,0.000000000000000000e+00,0.000000000000000000e+00,0.000000000000000000e+00,0.000000000000000000e+00,0.000000000000000000e+00,0.000000000000000000e+00,0.000000000000000000e+00,0.000000000000000000e+00,0.000000000000000000e+00,0.000000000000000000e+00,0.000000000000000000e+00,0.000000000000000000e+00,0.000000000000000000e+00,0.000000000000000000e+00,0.000000000000000000e+00,0.000000000000000000e+00,0.000000000000000000e+00,0.000000000000000000e+00,3.272335231304168701e-02,6.440430134534835815e-02,5.923493951559066772e-02,0.000000000000000000e+00,0.000000000000000000e+00,0.000000000000000000e+00,0.000000000000000000e+00,0.000000000000000000e+00,3.938487265259027481e-03,4.541054368019104004e-03
1.144871115684509277e+00,9.576169252395629883e-01,1.780183553695678711e+00,1.914981961250305176e+00,1.843726396560668945e+00,1.324789404869079590e+00,6.992577314376831055e-01,7.077921628952026367e-01,6.112213730812072754e-01,7.917484641075134277e-01,1.843349456787109375e+00,2.140534639358520508e+00,2.753747701644897461e+00,2.421626329421997070e+00,2.419126033782958984e+00,1.650840520858764648e+00,1.031929016113281250e+00,8.032225966453552246e-01,9.736474156379699707e-01,1.163404822349548340e+00,1.157257437705993652e+00,1.082871198654174805e+00,1.008937954902648926e+00,9.932961463928222656e-01,8.369984626770019531e-01,8.637586236000061035e-01,8.696293234825134277e-01,8.764960765838623047e-01,8.354539275169372559e-01,7.893280386924743652e-01,7.470675110816955566e-01,7.516050338745117188e-01,7.357895374298095703e-01,7.762251496315002441e-01,9.023458361625671387e-01,7.661885023117065430e-01,7.106433510780334473e-01,5.334042310714721680e-01,4.019593894481658936e-01,3.790672123432159424e-01,6.346561312675476074e-01,3.405348062515258789e-01,3.188852965831756592e-01,2.037938088178634644e-01,1.985587328672409058e-01,2.219350934028625488e-01,2.781006395816802979e-01,4.640058875083923340e-01,4.493616521358489990e-01,3.784687221050262451e-01,3.991086184978485107e-01,5.808721184730529785e-01,5.178444385528564453e-01,4.645074605941772461e-01,4.661484658718109131e-01,4.260355234146118164e-01,4.449046552181243896e-01,6.144680380821228027e-01,6.482450366020202637e-01,5.944343209266662598e-01,4.622571468353271484e-01,4.256843626499176025e-01,2.248914539813995361e-01,1.360921561717987061e-01,1.135600358247756958e-01,9.016877412796020508e-02,4.224240779876708984e-01,1.424172967672348022e-01,1.428219825029373169e-01,4.786795750260353088e-02,2.218527160584926605e-02,2.713132277131080627e-02,0.000000000000000000e+00,0.000000000000000000e+00,0.000000000000000000e+00,0.000000000000000000e+00,0.000000000000000000e+00,0.000000000000000000e+00,0.000000000000000000e+00,0.000000000000000000e+00,0.000000000000000000e+00,0.000000000000000000e+00,0.000000000000000000e+00,0.000000000000000000e+00,0.000000000000000000e+00,0.000000000000000000e+00,0.000000000000000000e+00,0.000000000000000000e+00,0.000000000000000000e+00,0.000000000000000000e+00,0.000000000000000000e+00,0.000000000000000000e+00,0.000000000000000000e+00,0.000000000000000000e+00,0.000000000000000000e+00,0.000000000000000000e+00,0.000000000000000000e+00,0.000000000000000000e+00,0.000000000000000000e+00,0.000000000000000000e+00,0.000000000000000000e+00,0.000000000000000000e+00,0.000000000000000000e+00,0.000000000000000000e+00,0.000000000000000000e+00,0.000000000000000000e+00,0.000000000000000000e+00,0.000000000000000000e+00,0.000000000000000000e+00,0.000000000000000000e+00,0.000000000000000000e+00,0.000000000000000000e+00,0.000000000000000000e+00,0.000000000000000000e+00,0.000000000000000000e+00,0.000000000000000000e+00,0.000000000000000000e+00,0.000000000000000000e+00,0.000000000000000000e+00,0.000000000000000000e+00,0.000000000000000000e+00,0.000000000000000000e+00,0.000000000000000000e+00,0.000000000000000000e+00,0.000000000000000000e+00,0.000000000000000000e+00,0.000000000000000000e+00,4.359954036772251129e-03,4.641563631594181061e-03,5.370154511183500290e-03,0.000000000000000000e+00,0.000000000000000000e+00,0.000000000000000000e+00,0.000000000000000000e+00,0.000000000000000000e+00,0.000000000000000000e+00,0.000000000000000000e+00,0.000000000000000000e+00,0.000000000000000000e+00,6.114905772847123444e-06,2.584835141897201538e-02,1.069626491516828537e-02,1.158345863223075867e-02,1.276619080454111099e-02,0.000000000000000000e+00,0.000000000000000000e+00,3.265293780714273453e-04,5.394999403506517410e-03,2.065871655941009521e-02,0.000000000000000000e+00,0.000000000000000000e+00,0.000000000000000000e+00,0.000000000000000000e+00,0.000000000000000000e+00,5.003767833113670349e-02,1.011991798877716064e-01,1.572900265455245972e-01,2.407610714435577393e-01,1.769134104251861572e-01,1.666472852230072021e-01,2.283575236797332764e-01,2.491977959871292114e-01,1.760837286710739136e-01,1.613786220550537109e-01,1.518619954586029053e-01,2.180199027061462402e-01,2.467937618494033813e-01,2.754471600055694580e-01,2.736147940158843994e-01,2.652143836021423340e-01,1.935196965932846069e-01,1.489221751689910889e-01,1.544881705194711685e-02,0.000000000000000000e+00,0.000000000000000000e+00,0.000000000000000000e+00,0.000000000000000000e+00,0.000000000000000000e+00,0.000000000000000000e+00,0.000000000000000000e+00,0.000000000000000000e+00,4.565704148262739182e-03,1.472033932805061340e-02,2.220098488032817841e-02,3.244554996490478516e-02,1.606530882418155670e-02,4.060545936226844788e-03,6.977684330195188522e-03,0.000000000000000000e+00,0.000000000000000000e+00,0.000000000000000000e+00,0.000000000000000000e+00,1.308568054810166359e-03,5.243929475545883179e-02,1.068437546491622925e-01,1.757772862911224365e-01,2.078495770692825317e-01,1.468296796083450317e-01,1.371889114379882812e-01,1.211911737918853760e-01,1.377146691083908081e-01,1.320680081844329834e-01,4.843072593212127686e-02,2.866838872432708740e-02,4.269524943083524704e-03,0.000000000000000000e+00,0.000000000000000000e+00,0.000000000000000000e+00,0.000000000000000000e+00,0.000000000000000000e+00,0.000000000000000000e+00,0.000000000000000000e+00,0.000000000000000000e+00,0.000000000000000000e+00,0.000000000000000000e+00,0.000000000000000000e+00,0.000000000000000000e+00,0.000000000000000000e+00,0.000000000000000000e+00,0.000000000000000000e+00,0.000000000000000000e+00,0.000000000000000000e+00,0.000000000000000000e+00,0.000000000000000000e+00,0.000000000000000000e+00,2.483423613011837006e-02,3.763233870267868042e-02,4.556304588913917542e-02,4.359008371829986572e-02,0.000000000000000000e+00,0.000000000000000000e+00,0.000000000000000000e+00,0.000000000000000000e+00,0.000000000000000000e+00,0.000000000000000000e+00,4.806690849363803864e-03
1.179955720901489258e+00,9.907926321029663086e-01,9.685304164886474609e-01,1.010712027549743652e+00,1.743349790573120117e+00,7.046008110046386719e-01,6.986772418022155762e-01,7.066739201545715332e-01,5.947931408882141113e-01,7.708395123481750488e-01,1.383543491363525391e+00,1.570248723030090332e+00,1.765056014060974121e+00,1.841175556182861328e+00,1.896532773971557617e+00,1.627604484558105469e+00,1.038582444190979004e+00,8.255179524421691895e-01,9.823146462440490723e-01,1.171466231346130371e+00,1.173117160797119141e+00,1.103665351867675781e+00,1.042435050010681152e+00,1.011172890663146973e+00,8.621326088905334473e-01,8.863470554351806641e-01,8.847404122352600098e-01,8.805665969848632812e-01,8.377403020858764648e-01,8.282557129859924316e-01,7.613936066627502441e-01,7.914517521858215332e-01,7.406836152076721191e-01,8.575547337532043457e-01,8.686981201171875000e-01,7.390438318252563477e-01,6.415724158287048340e-01,4.866091310977935791e-01,4.328076541423797607e-01,4.147018492221832275e-01,6.253457069396972656e-01,3.323847353458404541e-01,3.222357034683227539e-01,1.510989814996719360e-01,1.619949489831924438e-01,1.988195776939392090e-01,2.686207294464111328e-01,4.778914749622344971e-01,4.715195596218109131e-01,4.136071205139160156e-01,4.331620633602142334e-01,5.682758688926696777e-01,5.145633220672607422e-01,5.074735283851623535e-01,4.571589231491088867e-01,4.148456454277038574e-01,4.436135292053222656e-01,6.510674953460693359e-01,6.487917304039001465e-01,5.853579044342041016e-01,4.222130775451660156e-01,4.175720512866973877e-01,2.386292964220046997e-01,1.170988529920578003e-01,1.322832256555557251e-01,1.382058411836624146e-01,4.492775201797485352e-01,1.605085134506225586e-01,1.391337364912033081e-01,4.623242840170860291e-02,1.400963962078094482e-02,2.002233639359474182e-02,0.000000000000000000e+00,0.000000000000000000e+00,0.000000000000000000e+00,0.000000000000000000e+00,0.000000000000000000e+00,0.000000000000000000e+00,0.000000000000000000e+00,0.000000000000000000e+00,0.000000000000000000e+00,0.000000000000000000e+00,0.000000000000000000e+00,0.000000000000000000e+00,0.000000000000000000e+00,0.000000000000000000e+00,0.000000000000000000e+00,0.000000000000000000e+00,0.000000000000000000e+00,0.000000000000000000e+00,0.000000000000000000e+00,0.000000000000000000e+00,0.000000000000000000e+00,0.000000000000000000e+00,0.000000000000000000e+00,0.000000000000000000e+00,0.000000000000000000e+00,0.000000000000000000e+00,0.000000000000000000e+00,0.000000000000000000e+00,0.000000000000000000e+00,0.000000000000000000e+00,0.000000000000000000e+00,0.000000000000000000e+00,0.000000000000000000e+00,0.000000000000000000e+00,0.000000000000000000e+00,0.000000000000000000e+00,0.000000000000000000e+00,0.000000000000000000e+00,0.000000000000000000e+00,4.446394741535186768e-04,0.000000000000000000e+00,0.000000000000000000e+00,0.000000000000000000e+00,0.000000000000000000e+00,0.000000000000000000e+00,0.000000000000000000e+00,0.000000000000000000e+00,0.000000000000000000e+00,0.000000000000000000e+00,0.000000000000000000e+00,0.000000000000000000e+00,0.000000000000000000e+00,0.000000000000000000e+00,0.000000000000000000e+00,0.000000000000000000e+00,8.299578912556171417e-03,6.600560620427131653e-03,8.147317566908895969e-04,0.000000000000000000e+00,0.000000000000000000e+00,0.000000000000000000e+00,0.000000000000000000e+00,0.000000000000000000e+00,0.000000000000000000e+00,0.000000000000000000e+00,0.000000000000000000e+00,0.000000000000000000e+00,1.992504298686981201e-02,5.448004230856895447e-02,1.140119042247533798e-02,1.435755868442356586e-03,2.101703546941280365e-03,0.000000000000000000e+00,0.000000000000000000e+00,4.642300307750701904e-03,2.792061679065227509e-02,2.097596414387226105e-02,0.000000000000000000e+00,0.000000000000000000e+00,0.000000000000000000e+00,4.145928472280502319e-02,2.062911866232752800e-03,6.449013948440551758e-02,1.312648504972457886e-01,1.370930671691894531e-01,2.382210195064544678e-01,2.046246826648712158e-01,1.803586781024932861e-01,2.050710469484329224e-01,2.258384674787521362e-01,1.930098682641983032e-01,2.027547806501388550e-01,2.039989978075027466e-01,2.360357791185379028e-01,2.678162753582000732e-01,3.124503493309020996e-01,2.978677153587341309e-01,2.712867856025695801e-01,2.448762506246566772e-01,2.177389115095138550e-01,1.338886171579360962e-01,8.081311732530593872e-02,5.829861760139465332e-02,0.000000000000000000e+00,0.000000000000000000e+00,0.000000000000000000e+00,0.000000000000000000e+00,0.000000000000000000e+00,0.000000000000000000e+00,0.000000000000000000e+00,2.123006619513034821e-03,7.327467668801546097e-03,1.199076883494853973e-02,6.547486409544944763e-03,1.635096594691276550e-02,2.538611926138401031e-02,1.287551596760749817e-02,4.673054441809654236e-03,0.000000000000000000e+00,0.000000000000000000e+00,5.158794578164815903e-03,2.859895490109920502e-02,1.209638044238090515e-01,1.797906458377838135e-01,1.946933716535568237e-01,1.390988975763320923e-01,1.366017013788223267e-01,1.061396896839141846e-01,8.180010318756103516e-02,1.500804424285888672e-01,1.621427945792675018e-02,1.135081704705953598e-02,1.454942248528823256e-04,0.000000000000000000e+00,0.000000000000000000e+00,0.000000000000000000e+00,0.000000000000000000e+00,0.000000000000000000e+00,0.000000000000000000e+00,0.000000000000000000e+00,0.000000000000000000e+00,0.000000000000000000e+00,0.000000000000000000e+00,0.000000000000000000e+00,0.000000000000000000e+00,0.000000000000000000e+00,0.000000000000000000e+00,0.000000000000000000e+00,0.000000000000000000e+00,0.000000000000000000e+00,0.000000000000000000e+00,0.000000000000000000e+00,3.556225821375846863e-02,3.608232736587524414e-02,2.858070656657218933e-02,2.916266396641731262e-02,3.348440676927566528e-02,0.000000000000000000e+00,0.000000000000000000e+00,0.000000000000000000e+00,0.000000000000000000e+00,0.000000000000000000e+00,0.000000000000000000e+00,0.000000000000000000e+00
1.055122971534729004e+00,9.046626687049865723e-01,9.329224824905395508e-01,9.867663383483886719e-01,9.015063047409057617e-01,6.464056372642517090e-01,6.543609499931335449e-01,6.453400850296020508e-01,5.300844311714172363e-01,7.082617282867431641e-01,7.107983827590942383e-01,1.631142497062683105e+00,9.860984683036804199e-01,1.018382906913757324e+00,1.943375945091247559e+00,9.201390743255615234e-01,1.008825898170471191e+00,7.716671228408813477e-01,8.994329571723937988e-01,1.101372957229614258e+00,1.109137415885925293e+00,1.076942443847656250e+00,1.054684758186340332e+00,1.026344299316406250e+00,1.661808848381042480e+00,9.080052375793457031e-01,8.623741269111633301e-01,8.794538378715515137e-01,8.304194211959838867e-01,7.979660034179687500e-01,7.358002662658691406e-01,7.744999527931213379e-01,7.874570488929748535e-01,7.597858905792236328e-01,7.964001297950744629e-01,6.185945272445678711e-01,6.493334174156188965e-01,4.587747156620025635e-01,4.287884831428527832e-01,4.640587568283081055e-01,6.871157884597778320e-01,3.707724511623382568e-01,3.439649641513824463e-01,1.534645408391952515e-01,1.536254882812500000e-01,2.172621786594390869e-01,2.952272295951843262e-01,4.941853284835815430e-01,5.502554774284362793e-01,4.780936837196350098e-01,4.758501648902893066e-01,6.166726946830749512e-01,6.091876029968261719e-01,5.422113537788391113e-01,4.715104401111602783e-01,4.744576215744018555e-01,4.966966211795806885e-01,6.743614673614501953e-01,6.684637665748596191e-01,6.274804472923278809e-01,4.518404304981231689e-01,4.518815279006958008e-01,2.326077669858932495e-01,1.633218377828598022e-01,1.559390872716903687e-01,1.757643371820449829e-01,4.904235005378723145e-01,1.948606073856353760e-01,1.642056852579116821e-01,6.150903180241584778e-02,1.926247961819171906e-02,3.345826640725135803e-02,0.000000000000000000e+00,0.000000000000000000e+00,0.000000000000000000e+00,0.000000000000000000e+00,0.000000000000000000e+00,0.000000000000000000e+00,0.000000000000000000e+00,0.000000000000000000e+00,0.000000000000000000e+00,0.000000000000000000e+00,0.000000000000000000e+00,0.000000000000000000e+00,0.000000000000000000e+00,0.000000000000000000e+00,0.000000000000000000e+00,0.000000000000000000e+00,0.000000000000000000e+00,0.000000000000000000e+00,0.000000000000000000e+00,0.000000000000000000e+00,0.000000000000000000e+00,0.000000000000000000e+00,0.000000000000000000e+00,0.000000000000000000e+00,0.000000000000000000e+00,0.000000000000000000e+00,0.000000000000000000e+00,0.000000000000000000e+00,0.000000000000000000e+00,0.000000000000000000e+00,0.000000000000000000e+00,0.000000000000000000e+00,0.000000000000000000e+00,0.000000000000000000e+00,0.000000000000000000e+00,0.000000000000000000e+00,0.000000000000000000e+00,0.000000000000000000e+00,0.000000000000000000e+00,0.000000000000000000e+00,0.000000000000000000e+00,0.000000000000000000e+00,0.000000000000000000e+00,0.000000000000000000e+00,0.000000000000000000e+00,0.000000000000000000e+00,0.000000000000000000e+00,0.000000000000000000e+00,0.000000000000000000e+00,0.000000000000000000e+00,0.000000000000000000e+00,0.000000000000000000e+00,4.106838721781969070e-03,1.028664596378803253e-02,9.804744273424148560e-03,0.000000000000000000e+00,0.000000000000000000e+00,0.000000000000000000e+00,0.000000000000000000e+00,0.000000000000000000e+00,0.000000000000000000e+00,0.000000000000000000e+00,0.000000000000000000e+00,0.000000000000000000e+00,0.000000000000000000e+00,0.000000000000000000e+00,0.000000000000000000e+00,1.150593254715204239e-02,2.343609929084777832e-02,1.592722372151911259e-03,0.000000000000000000e+00,0.000000000000000000e+00,0.000000000000000000e+00,3.311577602289617062e-04,3.425285220146179199e-03,0.000000000000000000e+00,0.000000000000000000e+00,0.000000000000000000e+00,0.000000000000000000e+00,0.000000000000000000e+00,1.990069635212421417e-02,5.336276814341545105e-02,9.923467785120010376e-02,9.415614604949951172e-02,7.512508332729339600e-02,1.631058603525161743e-01,1.737195402383804321e-01,2.348555922508239746e-01,2.300527542829513550e-01,2.273390293121337891e-01,3.066205084323883057e-01,3.234347701072692871e-01,3.280761539936065674e-01,2.842836976051330566e-01,2.687800824642181396e-01,2.532745301723480225e-01,2.260397374629974365e-01,1.995587795972824097e-01,1.931934952735900879e-01,1.926390677690505981e-01,1.156668663024902344e-01,1.796040683984756470e-02,1.477147568948566914e-03,0.000000000000000000e+00,0.000000000000000000e+00,0.000000000000000000e+00,0.000000000000000000e+00,0.000000000000000000e+00,0.000000000000000000e+00,0.000000000000000000e+00,0.000000000000000000e+00,5.412676837295293808e-04,1.247556647285819054e-03,5.797066725790500641e-03,2.377788722515106201e-02,3.431399166584014893e-02,2.399815060198307037e-02,8.205777034163475037e-03,0.000000000000000000e+00,2.867193706333637238e-02,4.569490998983383179e-02,1.748999208211898804e-02,4.762092605233192444e-02,1.366872340440750122e-01,1.544020175933837891e-01,1.178413182497024536e-01,8.701098710298538208e-02,6.413525342941284180e-02,5.344874039292335510e-02,8.882910758256912231e-02,0.000000000000000000e+00,0.000000000000000000e+00,0.000000000000000000e+00,0.000000000000000000e+00,0.000000000000000000e+00,0.000000000000000000e+00,0.000000000000000000e+00,0.000000000000000000e+00,0.000000000000000000e+00,0.000000000000000000e+00,0.000000000000000000e+00,0.000000000000000000e+00,0.000000000000000000e+00,0.000000000000000000e+00,0.000000000000000000e+00,0.000000000000000000e+00,0.000000000000000000e+00,0.000000000000000000e+00,0.000000000000000000e+00,0.000000000000000000e+00,0.000000000000000000e+00,5.458605941385030746e-03,3.460767865180969238e-02,1.906278543174266815e-02,2.833673032000660896e-03,7.359983399510383606e-03,1.276264991611242294e-02,0.000000000000000000e+00,0.000000000000000000e+00,0.000000000000000000e+00,0.000000000000000000e+00,0.000000000000000000e+00,0.000000000000000000e+00,0.000000000000000000e+00
1.909474372863769531e+00,9.451853632926940918e-01,8.114219903945922852e-01,1.097444772720336914e+00,1.026842474937438965e+00,8.921330571174621582e-01,6.987566947937011719e-01,6.976108551025390625e-01,6.813366413116455078e-01,6.308491230010986328e-01,6.604937314987182617e-01,7.014989852905273438e-01,7.200138568878173828e-01,7.321484088897705078e-01,1.044748544692993164e+00,8.233320116996765137e-01,9.176889061927795410e-01,8.502342700958251953e-01,9.742502570152282715e-01,1.109868526458740234e+00,1.138691902160644531e+00,1.137022852897644043e+00,9.303987622261047363e-01,8.941514492034912109e-01,1.773203730583190918e+00,8.906792998313903809e-01,8.600239157676696777e-01,7.461464405059814453e-01,7.548257708549499512e-01,6.617921590805053711e-01,6.837681531906127930e-01,7.759870290756225586e-01,6.448294520378112793e-01,5.050414800643920898e-01,5.529626607894897461e-01,5.314662456512451172e-01,5.583843588829040527e-01,4.494543969631195068e-01,3.235580027103424072e-01,3.405176699161529541e-01,3.122441470623016357e-01,1.345347613096237183e-01,1.311996579170227051e-01,6.399378180503845215e-02,1.157467588782310486e-01,2.289347648620605469e-01,2.291288524866104126e-01,3.460852801799774170e-01,3.985527455806732178e-01,3.697588741779327393e-01,5.095683336257934570e-01,5.660488009452819824e-01,5.718974471092224121e-01,3.864880800247192383e-01,2.298321723937988281e-01,2.729274928569793701e-01,3.331012129783630371e-01,6.086647510528564453e-01,5.973508358001708984e-01,4.567536115646362305e-01,3.983591496944427490e-01,3.969545066356658936e-01,1.768750250339508057e-01,1.963688619434833527e-02,2.442216314375400543e-02,3.783631697297096252e-02,5.095099285244941711e-02,9.989622235298156738e-02,7.577884942293167114e-02,1.267873030155897141e-02,1.344496617093682289e-03,0.000000000000000000e+00,0.000000000000000000e+00,0.000000000000000000e+00,0.000000000000000000e+00,0.000000000000000000e+00,0.000000000000000000e+00,0.000000000000000000e+00,0.000000000000000000e+00,0.000000000000000000e+00,0.000000000000000000e+00,0.000000000000000000e+00,0.000000000000000000e+00,0.000000000000000000e+00,0.000000000000000000e+00,0.000000000000000000e+00,0.000000000000000000e+00,0.000000000000000000e+00,0.000000000000000000e+00,0.000000000000000000e+00,0.000000000000000000e+00,0.000000000000000000e+00,0.000000000000000000e+00,0.000000000000000000e+00,0.000000000000000000e+00,0.000000000000000000e+00,0.000000000000000000e+00,0.000000000000000000e+00,0.000000000000000000e+00,0.000000000000000000e+00,0.000000000000000000e+00,0.000000000000000000e+00,0.000000000000000000e+00,0.000000000000000000e+00,0.000000000000000000e+00,0.000000000000000000e+00,0.000000000000000000e+00,0.000000000000000000e+00,0.000000000000000000e+00,0.000000000000000000e+00,2.190654724836349487e-01,9.155237674713134766e-02,7.597208768129348755e-02,0.000000000000000000e+00,0.000000000000000000e+00,0.000000000000000000e+00,0.000000000000000000e+00,0.000000000000000000e+00,0.000000000000000000e+00,0.000000000000000000e+00,0.000000000000000000e+00,0.000000000000000000e+00,0.000000000000000000e+00,0.000000000000000000e+00,1.230640150606632233e-02,1.217882148921489716e-02,0.000000000000000000e+00,0.000000000000000000e+00,0.000000000000000000e+00,1.360514434054493904e-03,0.000000000000000000e+00,0.000000000000000000e+00,0.000000000000000000e+00,0.000000000000000000e+00,0.000000000000000000e+00,0.000000000000000000e+00,0.000000000000000000e+00,0.000000000000000000e+00,0.000000000000000000e+00,0.000000000000000000e+00,2.980974037200212479e-03,2.217243658378720284e-03,0.000000000000000000e+00,0.000000000000000000e+00,0.000000000000000000e+00,0.000000000000000000e+00,0.000000000000000000e+00,0.000000000000000000e+00,0.000000000000000000e+00,0.000000000000000000e+00,0.000000000000000000e+00,0.000000000000000000e+00,0.000000000000000000e+00,0.000000000000000000e+00,2.714402275159955025e-03,0.000000000000000000e+00,0.000000000000000000e+00,8.516142517328262329e-02,1.586728841066360474e-01,2.398898452520370483e-01,2.365610748529434204e-01,2.541893720626831055e-01,2.982699573040008545e-01,3.192338049411773682e-01,3.143658936023712158e-01,2.693705558776855469e-01,2.121569216251373291e-01,1.276148110628128052e-01,5.083460733294487000e-02,3.287437185645103455e-02,2.543807402253150940e-02,2.948588877916336060e-02,1.543002948164939880e-02,0.000000000000000000e+00,0.000000000000000000e+00,0.000000000000000000e+00,0.000000000000000000e+00,0.000000000000000000e+00,0.000000000000000000e+00,0.000000000000000000e+00,0.000000000000000000e+00,0.000000000000000000e+00,0.000000000000000000e+00,0.000000000000000000e+00,6.265498232096433640e-04,1.242736261337995529e-02,1.739219762384891510e-02,3.052944876253604889e-02,1.792150735855102539e-02,4.384955391287803650e-04,0.000000000000000000e+00,6.748198717832565308e-02,5.158061906695365906e-02,2.030242048203945160e-02,3.282215818762779236e-02,8.886062353849411011e-02,1.419103890657424927e-01,1.134317442774772644e-01,5.537367612123489380e-02,8.376964926719665527e-02,9.216191619634628296e-02,2.057472988963127136e-02,0.000000000000000000e+00,0.000000000000000000e+00,0.000000000000000000e+00,0.000000000000000000e+00,0.000000000000000000e+00,0.000000000000000000e+00,0.000000000000000000e+00,0.000000000000000000e+00,0.000000000000000000e+00,0.000000000000000000e+00,0.000000000000000000e+00,0.000000000000000000e+00,0.000000000000000000e+00,0.000000000000000000e+00,0.000000000000000000e+00,0.000000000000000000e+00,0.000000000000000000e+00,0.000000000000000000e+00,0.000000000000000000e+00,0.000000000000000000e+00,0.000000000000000000e+00,0.000000000000000000e+00,4.997880314476788044e-04,0.000000000000000000e+00,0.000000000000000000e+00,0.000000000000000000e+00,0.000000000000000000e+00,0.000000000000000000e+00,0.000000000000000000e+00,0.000000000000000000e+00,0.000000000000000000e+00,0.000000000000000000e+00,2.215799642726778984e-03,0.000000000000000000e+00
1.631243824958801270e+00,7.305496335029602051e-01,6.970246434211730957e-01,7.545692324638366699e-01,7.496078014373779297e-01,7.082642912864685059e-01,5.217484235763549805e-01,5.338235497474670410e-01,6.127325296401977539e-01,6.324084401130676270e-01,6.405676007270812988e-01,5.462603569030761719e-01,5.426076054573059082e-01,5.449000597000122070e-01,6.407666206359863281e-01,5.498129725456237793e-01,6.294847130775451660e-01,7.054540514945983887e-01,7.870157957077026367e-01,9.673997163772583008e-01,1.011193275451660156e+00,1.046940088272094727e+00,1.031885862350463867e+00,9.807046651840209961e-01,9.841113090515136719e-01,7.431962490081787109e-01,7.027699351310729980e-01,6.148902773857116699e-01,6.675302386283874512e-01,7.070048451423645020e-01,6.829006671905517578e-01,6.079010963439941406e-01,5.056806206703186035e-01,5.001817941665649414e-01,4.875599145889282227e-01,2.832058072090148926e-01,2.338459938764572144e-01,3.623696267604827881e-01,3.574582338333129883e-01,3.185259699821472168e-01,1.731209903955459595e-01,2.113120108842849731e-01,1.944415271282196045e-01,1.320086419582366943e-01,9.753132611513137817e-02,2.040518969297409058e-01,3.182399570941925049e-01,3.982022702693939209e-01,4.105370044708251953e-01,2.812433838844299316e-01,5.736194849014282227e-01,1.068277001380920410e+00,1.048505067825317383e+00,3.746195137500762939e-01,2.657169997692108154e-01,2.661308944225311279e-01,3.247723281383514404e-01,4.189321398735046387e-01,3.912973999977111816e-01,4.237008094787597656e-01,2.178200930356979370e-01,1.997546851634979248e-01,5.348362401127815247e-02,7.600439339876174927e-02,4.382087290287017822e-02,3.467439115047454834e-02,0.000000000000000000e+00,0.000000000000000000e+00,0.000000000000000000e+00,0.000000000000000000e+00,0.000000000000000000e+00,0.000000000000000000e+00,0.000000000000000000e+00,0.000000000000000000e+00,0.000000000000000000e+00,0.000000000000000000e+00,0.000000000000000000e+00,0.000000000000000000e+00,0.000000000000000000e+00,0.000000000000000000e+00,0.000000000000000000e+00,0.000000000000000000e+00,0.000000000000000000e+00,0.000000000000000000e+00,0.000000000000000000e+00,0.000000000000000000e+00,0.000000000000000000e+00,0.000000000000000000e+00,0.000000000000000000e+00,0.000000000000000000e+00,0.000000000000000000e+00,0.000000000000000000e+00,0.000000000000000000e+00,0.000000000000000000e+00,0.000000000000000000e+00,0.000000000000000000e+00,0.000000000000000000e+00,0.000000000000000000e+00,0.000000000000000000e+00,0.000000000000000000e+00,0.000000000000000000e+00,0.000000000000000000e+00,0.000000000000000000e+00,0.000000000000000000e+00,0.000000000000000000e+00,0.000000000000000000e+00,0.000000000000000000e+00,0.000000000000000000e+00,0.000000000000000000e+00,0.000000000000000000e+00,1.032222062349319458e-01,1.760568004101514816e-03,1.134464051574468613e-03,0.000000000000000000e+00,0.000000000000000000e+00,0.000000000000000000e+00,0.000000000000000000e+00,0.000000000000000000e+00,0.000000000000000000e+00,0.000000000000000000e+00,0.000000000000000000e+00,0.000000000000000000e+00,0.000000000000000000e+00,0.000000000000000000e+00,1.583755388855934143e-02,4.310483578592538834e-03,0.000000000000000000e+00,0.000000000000000000e+00,0.000000000000000000e+00,0.000000000000000000e+00,1.771981013007462025e-03,6.472135428339242935e-04,0.000000000000000000e+00,0.000000000000000000e+00,0.000000000000000000e+00,0.000000000000000000e+00,0.000000000000000000e+00,0.000000000000000000e+00,0.000000000000000000e+00,0.000000000000000000e+00,0.000000000000000000e+00,0.000000000000000000e+00,0.000000000000000000e+00,1.819150522351264954e-03,3.099208232015371323e-03,1.141229062341153622e-03,4.816025961190462112e-03,1.007077749818563461e-03,0.000000000000000000e+00,0.000000000000000000e+00,0.000000000000000000e+00,0.000000000000000000e+00,0.000000000000000000e+00,0.000000000000000000e+00,3.020871197804808617e-03,1.303466688841581345e-02,7.181880064308643341e-03,3.871144354343414307e-02,1.713641881942749023e-01,1.998187601566314697e-01,1.896657794713973999e-01,2.087281644344329834e-01,2.614212632179260254e-01,2.754170000553131104e-01,2.585840523242950439e-01,2.070406228303909302e-01,7.645647227764129639e-02,0.000000000000000000e+00,0.000000000000000000e+00,0.000000000000000000e+00,0.000000000000000000e+00,0.000000000000000000e+00,0.000000000000000000e+00,0.000000000000000000e+00,0.000000000000000000e+00,0.000000000000000000e+00,0.000000000000000000e+00,0.000000000000000000e+00,0.000000000000000000e+00,0.000000000000000000e+00,0.000000000000000000e+00,1.302312710322439671e-03,1.010501291602849960e-03,0.000000000000000000e+00,0.000000000000000000e+00,1.093883346766233444e-02,3.933970630168914795e-02,3.682341426610946655e-02,2.734002657234668732e-02,6.793372798711061478e-03,4.113524779677391052e-02,9.496191143989562988e-02,1.731474138796329498e-02,5.386032909154891968e-02,1.489861588925123215e-02,7.403460331261157990e-03,8.941932022571563721e-02,1.656132936477661133e-02,6.685764342546463013e-02,6.296738237142562866e-02,7.183421868830919266e-03,0.000000000000000000e+00,0.000000000000000000e+00,0.000000000000000000e+00,0.000000000000000000e+00,0.000000000000000000e+00,0.000000000000000000e+00,0.000000000000000000e+00,0.000000000000000000e+00,0.000000000000000000e+00,0.000000000000000000e+00,0.000000000000000000e+00,0.000000000000000000e+00,0.000000000000000000e+00,0.000000000000000000e+00,0.000000000000000000e+00,0.000000000000000000e+00,0.000000000000000000e+00,0.000000000000000000e+00,0.000000000000000000e+00,0.000000000000000000e+00,0.000000000000000000e+00,0.000000000000000000e+00,0.000000000000000000e+00,0.000000000000000000e+00,0.000000000000000000e+00,0.000000000000000000e+00,0.000000000000000000e+00,0.000000000000000000e+00,0.000000000000000000e+00,0.000000000000000000e+00,0.000000000000000000e+00,0.000000000000000000e+00,0.000000000000000000e+00,1.622232608497142792e-02,6.898548454046249390e-02
7.111053466796875000e-01,6.411762833595275879e-01,6.612638831138610840e-01,8.018136024475097656e-01,7.665943503379821777e-01,6.801981925964355469e-01,3.377302885055541992e-01,3.033965229988098145e-01,3.304915726184844971e-01,5.113223791122436523e-01,5.232726931571960449e-01,2.818775177001953125e-01,2.511759400367736816e-01,2.816840708255767822e-01,3.401714265346527100e-01,3.813410103321075439e-01,4.557905793190002441e-01,5.144751667976379395e-01,7.412030696868896484e-01,9.126313328742980957e-01,8.590371608734130859e-01,8.764283657073974609e-01,9.216194748878479004e-01,9.324275851249694824e-01,8.624212145805358887e-01,7.511753439903259277e-01,7.184397578239440918e-01,6.747559309005737305e-01,6.276310086250305176e-01,7.931229472160339355e-01,5.466350317001342773e-01,4.651255011558532715e-01,4.455774426460266113e-01,5.846282243728637695e-01,5.587577223777770996e-01,3.279370963573455811e-01,2.605552375316619873e-01,3.451931178569793701e-01,3.748345077037811279e-01,3.632346987724304199e-01,2.716878354549407959e-01,6.997922062873840332e-02,6.630253791809082031e-02,1.671976149082183838e-01,2.247047424316406250e-01,3.092474639415740967e-01,2.841997444629669189e-01,3.176745474338531494e-01,3.156113624572753906e-01,2.334344685077667236e-01,3.391942083835601807e-01,6.415960192680358887e-01,6.614708900451660156e-01,5.251259207725524902e-01,3.083225190639495850e-01,2.754738628864288330e-01,3.910189568996429443e-01,4.353142082691192627e-01,4.326799511909484863e-01,4.456810355186462402e-01,2.223167121410369873e-01,2.259779423475265503e-01,2.099160803481936455e-03,0.000000000000000000e+00,0.000000000000000000e+00,0.000000000000000000e+00,0.000000000000000000e+00,0.000000000000000000e+00,0.000000000000000000e+00,0.000000000000000000e+00,0.000000000000000000e+00,0.000000000000000000e+00,0.000000000000000000e+00,0.000000000000000000e+00,0.000000000000000000e+00,0.000000000000000000e+00,0.000000000000000000e+00,0.000000000000000000e+00,0.000000000000000000e+00,0.000000000000000000e+00,0.000000000000000000e+00,0.000000000000000000e+00,0.000000000000000000e+00,0.000000000000000000e+00,0.000000000000000000e+00,0.000000000000000000e+00,0.000000000000000000e+00,0.000000000000000000e+00,0.000000000000000000e+00,0.000000000000000000e+00,0.000000000000000000e+00,0.000000000000000000e+00,0.000000000000000000e+00,0.000000000000000000e+00,0.000000000000000000e+00,0.000000000000000000e+00,0.000000000000000000e+00,0.000000000000000000e+00,0.000000000000000000e+00,0.000000000000000000e+00,0.000000000000000000e+00,0.000000000000000000e+00,0.000000000000000000e+00,0.000000000000000000e+00,0.000000000000000000e+00,0.000000000000000000e+00,0.000000000000000000e+00,0.000000000000000000e+00,0.000000000000000000e+00,0.000000000000000000e+00,0.000000000000000000e+00,0.000000000000000000e+00,0.000000000000000000e+00,0.000000000000000000e+00,0.000000000000000000e+00,0.000000000000000000e+00,0.000000000000000000e+00,0.000000000000000000e+00,0.000000000000000000e+00,0.000000000000000000e+00,0.000000000000000000e+00,0.000000000000000000e+00,0.000000000000000000e+00,8.472463116049766541e-03,1.873907633125782013e-02,4.350787028670310974e-03,0.000000000000000000e+00,3.831858921330422163e-04,0.000000000000000000e+00,0.000000000000000000e+00,1.496767275966703892e-03,1.785340486094355583e-03,0.000000000000000000e+00,0.000000000000000000e+00,0.000000000000000000e+00,0.000000000000000000e+00,0.000000000000000000e+00,0.000000000000000000e+00,0.000000000000000000e+00,0.000000000000000000e+00,0.000000000000000000e+00,0.000000000000000000e+00,0.000000000000000000e+00,2.296562888659536839e-04,7.292846566997468472e-04,0.000000000000000000e+00,0.000000000000000000e+00,0.000000000000000000e+00,0.000000000000000000e+00,0.000000000000000000e+00,0.000000000000000000e+00,0.000000000000000000e+00,0.000000000000000000e+00,0.000000000000000000e+00,0.000000000000000000e+00,5.637152586132287979e-03,4.624267108738422394e-03,3.423086181282997131e-02,1.558310389518737793e-01,1.835533529520034790e-01,1.792231351137161255e-01,1.780290007591247559e-01,2.185990661382675171e-01,2.349126636981964111e-01,1.901213526725769043e-01,1.182151883840560913e-01,9.594807773828506470e-02,5.651101935654878616e-03,3.345847362652420998e-04,0.000000000000000000e+00,0.000000000000000000e+00,0.000000000000000000e+00,0.000000000000000000e+00,0.000000000000000000e+00,0.000000000000000000e+00,0.000000000000000000e+00,0.000000000000000000e+00,0.000000000000000000e+00,0.000000000000000000e+00,0.000000000000000000e+00,1.148761250078678131e-03,0.000000000000000000e+00,0.000000000000000000e+00,0.000000000000000000e+00,0.000000000000000000e+00,1.314969733357429504e-02,3.262183442711830139e-02,1.302946731448173523e-02,2.047414705157279968e-02,1.216791942715644836e-02,7.724469900131225586e-02,1.212787404656410217e-01,1.316057424992322922e-02,9.725272655487060547e-02,7.643691450357437134e-02,1.216297745704650879e-01,9.915628284215927124e-02,2.501656487584114075e-02,4.142276570200920105e-02,5.372418835759162903e-02,8.507538586854934692e-04,0.000000000000000000e+00,0.000000000000000000e+00,0.000000000000000000e+00,0.000000000000000000e+00,0.000000000000000000e+00,0.000000000000000000e+00,0.000000000000000000e+00,0.000000000000000000e+00,0.000000000000000000e+00,0.000000000000000000e+00,0.000000000000000000e+00,0.000000000000000000e+00,0.000000000000000000e+00,0.000000000000000000e+00,0.000000000000000000e+00,0.000000000000000000e+00,0.000000000000000000e+00,0.000000000000000000e+00,0.000000000000000000e+00,0.000000000000000000e+00,0.000000000000000000e+00,0.000000000000000000e+00,0.000000000000000000e+00,0.000000000000000000e+00,0.000000000000000000e+00,0.000000000000000000e+00,0.000000000000000000e+00,0.000000000000000000e+00,0.000000000000000000e+00,0.000000000000000000e+00,0.000000000000000000e+00,0.000000000000000000e+00,0.000000000000000000e+00,1.959586888551712036e-02,7.132739573717117310e-02
7.370170354843139648e-01,6.667708754539489746e-01,6.822797656059265137e-01,8.333360552787780762e-01,7.808911800384521484e-01,7.002727389335632324e-01,3.522703647613525391e-01,3.783391416072845459e-01,4.071958363056182861e-01,5.718216300010681152e-01,5.823410153388977051e-01,2.882225513458251953e-01,3.091132640838623047e-01,3.345153927803039551e-01,3.558452427387237549e-01,4.190163314342498779e-01,5.184723138809204102e-01,6.617934107780456543e-01,7.862741947174072266e-01,9.637387394905090332e-01,9.339587092399597168e-01,8.311027884483337402e-01,9.234973192214965820e-01,9.105409979820251465e-01,8.547917604446411133e-01,7.470231652259826660e-01,7.201796174049377441e-01,7.768444418907165527e-01,7.230935692787170410e-01,7.100545167922973633e-01,5.329706072807312012e-01,4.313813745975494385e-01,5.060908794403076172e-01,6.532964706420898438e-01,5.008978843688964844e-01,3.223137557506561279e-01,3.224866986274719238e-01,3.839152455329895020e-01,4.021344184875488281e-01,3.908216953277587891e-01,3.049962818622589111e-01,6.897338479757308960e-02,4.002749547362327576e-02,1.340531855821609497e-01,2.152480185031890869e-01,2.864626944065093994e-01,2.458532899618148804e-01,2.294184267520904541e-01,2.456229031085968018e-01,2.227683812379837036e-01,3.346446156501770020e-01,6.656706333160400391e-01,6.614266633987426758e-01,5.178150534629821777e-01,3.092485368251800537e-01,2.903509438037872314e-01,4.267660081386566162e-01,4.383638203144073486e-01,4.010514020919799805e-01,4.628607034683227539e-01,2.375902980566024780e-01,2.152440696954727173e-01,7.311145775020122528e-03,0.000000000000000000e+00,0.000000000000000000e+00,0.000000000000000000e+00,4.625554196536540985e-03,0.000000000000000000e+00,0.000000000000000000e+00,0.000000000000000000e+00,0.000000000000000000e+00,0.000000000000000000e+00,0.000000000000000000e+00,0.000000000000000000e+00,0.000000000000000000e+00,0.000000000000000000e+00,0.000000000000000000e+00,0.000000000000000000e+00,0.000000000000000000e+00,0.000000000000000000e+00,0.000000000000000000e+00,0.000000000000000000e+00,0.000000000000000000e+00,0.000000000000000000e+00,0.000000000000000000e+00,0.000000000000000000e+00,0.000000000000000000e+00,0.000000000000000000e+00,0.000000000000000000e+00,0.000000000000000000e+00,0.000000000000000000e+00,0.000000000000000000e+00,0.000000000000000000e+00,0.000000000000000000e+00,0.000000000000000000e+00,0.000000000000000000e+00,0.000000000000000000e+00,0.000000000000000000e+00,0.000000000000000000e+00,0.000000000000000000e+00,0.000000000000000000e+00,0.000000000000000000e+00,0.000000000000000000e+00,0.000000000000000000e+00,0.000000000000000000e+00,0.000000000000000000e+00,0.000000000000000000e+00,0.000000000000000000e+00,0.000000000000000000e+00,0.000000000000000000e+00,0.000000000000000000e+00,0.000000000000000000e+00,0.000000000000000000e+00,0.000000000000000000e+00,0.000000000000000000e+00,0.000000000000000000e+00,0.000000000000000000e+00,0.000000000000000000e+00,0.000000000000000000e+00,0.000000000000000000e+00,0.000000000000000000e+00,0.000000000000000000e+00,0.000000000000000000e+00,7.357880473136901855e-03,1.449611876159906387e-02,0.000000000000000000e+00,0.000000000000000000e+00,4.498184658586978912e-03,2.405769191682338715e-03,7.917865179479122162e-03,2.651001268532127142e-04,0.000000000000000000e+00,0.000000000000000000e+00,0.000000000000000000e+00,0.000000000000000000e+00,0.000000000000000000e+00,0.000000000000000000e+00,0.000000000000000000e+00,0.000000000000000000e+00,0.000000000000000000e+00,0.000000000000000000e+00,1.191288698464632034e-03,0.000000000000000000e+00,0.000000000000000000e+00,0.000000000000000000e+00,0.000000000000000000e+00,0.000000000000000000e+00,0.000000000000000000e+00,0.000000000000000000e+00,0.000000000000000000e+00,0.000000000000000000e+00,0.000000000000000000e+00,0.000000000000000000e+00,0.000000000000000000e+00,0.000000000000000000e+00,1.515943789854645729e-03,1.937518711201846600e-03,8.033139258623123169e-02,1.573917567729949951e-01,1.907398402690887451e-01,1.772127449512481689e-01,1.749050468206405640e-01,2.082776427268981934e-01,2.017991989850997925e-01,1.838547736406326294e-01,1.980354078114032745e-02,1.408895826898515224e-03,0.000000000000000000e+00,0.000000000000000000e+00,0.000000000000000000e+00,0.000000000000000000e+00,0.000000000000000000e+00,0.000000000000000000e+00,0.000000000000000000e+00,0.000000000000000000e+00,0.000000000000000000e+00,0.000000000000000000e+00,0.000000000000000000e+00,0.000000000000000000e+00,0.000000000000000000e+00,0.000000000000000000e+00,0.000000000000000000e+00,0.000000000000000000e+00,0.000000000000000000e+00,0.000000000000000000e+00,0.000000000000000000e+00,0.000000000000000000e+00,0.000000000000000000e+00,0.000000000000000000e+00,1.412850525230169296e-02,5.193987488746643066e-02,1.653158068656921387e-01,2.874655276536941528e-02,5.671472474932670593e-02,1.317052543163299561e-01,2.263248860836029053e-01,6.994408369064331055e-02,2.776858210563659668e-02,4.878277331590652466e-02,0.000000000000000000e+00,2.675131836440414190e-04,0.000000000000000000e+00,0.000000000000000000e+00,0.000000000000000000e+00,0.000000000000000000e+00,0.000000000000000000e+00,0.000000000000000000e+00,0.000000000000000000e+00,0.000000000000000000e+00,0.000000000000000000e+00,0.000000000000000000e+00,0.000000000000000000e+00,0.000000000000000000e+00,0.000000000000000000e+00,0.000000000000000000e+00,0.000000000000000000e+00,0.000000000000000000e+00,0.000000000000000000e+00,0.000000000000000000e+00,0.000000000000000000e+00,0.000000000000000000e+00,0.000000000000000000e+00,0.000000000000000000e+00,0.000000000000000000e+00,0.000000000000000000e+00,0.000000000000000000e+00,0.000000000000000000e+00,0.000000000000000000e+00,0.000000000000000000e+00,0.000000000000000000e+00,0.000000000000000000e+00,0.000000000000000000e+00,0.000000000000000000e+00,0.000000000000000000e+00,3.376824781298637390e-02,6.373532861471176147e-02
5.481567382812500000e-01,4.546269774436950684e-01,5.112480521202087402e-01,5.055103302001953125e-01,5.293635725975036621e-01,5.630961060523986816e-01,3.146060407161712646e-01,3.393904566764831543e-01,3.221245110034942627e-01,3.354822099208831787e-01,2.837686240673065186e-01,2.693422138690948486e-01,2.944241762161254883e-01,3.234252929687500000e-01,2.398181408643722534e-01,3.075805902481079102e-01,4.075258374214172363e-01,6.586161851882934570e-01,7.417121529579162598e-01,9.262802004814147949e-01,8.315635919570922852e-01,8.033653497695922852e-01,8.332607150077819824e-01,7.747382521629333496e-01,7.329308390617370605e-01,7.368354797363281250e-01,7.912144064903259277e-01,6.979750394821166992e-01,6.942934393882751465e-01,6.189651489257812500e-01,6.039615273475646973e-01,6.037861108779907227e-01,7.452461719512939453e-01,5.936861038208007812e-01,4.391951262950897217e-01,4.036664962768554688e-01,4.549813568592071533e-01,5.252193212509155273e-01,4.048198461532592773e-01,3.406744003295898438e-01,3.214609622955322266e-01,9.997018426656723022e-02,7.646959275007247925e-02,7.335360348224639893e-02,1.313977241516113281e-01,1.600262075662612915e-01,9.288930892944335938e-02,8.907802402973175049e-02,1.431031227111816406e-01,1.286192387342453003e-01,1.202751770615577698e-01,3.256937265396118164e-01,3.507471978664398193e-01,3.085968196392059326e-01,1.521698683500289917e-01,1.310308724641799927e-01,2.049709856510162354e-01,3.982950150966644287e-01,3.834291696548461914e-01,2.285578399896621704e-01,9.594666212797164917e-02,9.339014440774917603e-02,2.839732170104980469e-02,0.000000000000000000e+00,0.000000000000000000e+00,0.000000000000000000e+00,0.000000000000000000e+00,0.000000000000000000e+00,0.000000000000000000e+00,0.000000000000000000e+00,0.000000000000000000e+00,0.000000000000000000e+00,0.000000000000000000e+00,0.000000000000000000e+00,0.000000000000000000e+00,0.000000000000000000e+00,0.000000000000000000e+00,0.000000000000000000e+00,0.000000000000000000e+00,0.000000000000000000e+00,0.000000000000000000e+00,0.000000000000000000e+00,0.000000000000000000e+00,0.000000000000000000e+00,0.000000000000000000e+00,0.000000000000000000e+00,0.000000000000000000e+00,0.000000000000000000e+00,0.000000000000000000e+00,0.000000000000000000e+00,0.000000000000000000e+00,0.000000000000000000e+00,0.000000000000000000e+00,0.000000000000000000e+00,0.000000000000000000e+00,0.000000000000000000e+00,0.000000000000000000e+00,0.000000000000000000e+00,0.000000000000000000e+00,0.000000000000000000e+00,0.000000000000000000e+00,0.000000000000000000e+00,0.000000000000000000e+00,0.000000000000000000e+00,0.000000000000000000e+00,0.000000000000000000e+00,0.000000000000000000e+00,0.000000000000000000e+00,0.000000000000000000e+00,0.000000000000000000e+00,0.000000000000000000e+00,0.000000000000000000e+00,0.000000000000000000e+00,0.000000000000000000e+00,0.000000000000000000e+00,0.000000000000000000e+00,0.000000000000000000e+00,0.000000000000000000e+00,0.000000000000000000e+00,0.000000000000000000e+00,0.000000000000000000e+00,0.000000000000000000e+00,0.000000000000000000e+00,0.000000000000000000e+00,0.000000000000000000e+00,0.000000000000000000e+00,0.000000000000000000e+00,0.000000000000000000e+00,2.158252988010644913e-03,4.034058656543493271e-03,3.181520476937294006e-02,7.126906421035528183e-03,0.000000000000000000e+00,0.000000000000000000e+00,3.691065066959708929e-04,0.000000000000000000e+00,0.000000000000000000e+00,0.000000000000000000e+00,0.000000000000000000e+00,0.000000000000000000e+00,0.000000000000000000e+00,0.000000000000000000e+00,0.000000000000000000e+00,0.000000000000000000e+00,0.000000000000000000e+00,0.000000000000000000e+00,0.000000000000000000e+00,0.000000000000000000e+00,0.000000000000000000e+00,0.000000000000000000e+00,0.000000000000000000e+00,0.000000000000000000e+00,0.000000000000000000e+00,0.000000000000000000e+00,0.000000000000000000e+00,0.000000000000000000e+00,0.000000000000000000e+00,7.815280556678771973e-02,1.606316864490509033e-01,1.855150759220123291e-01,1.767711788415908813e-01,1.773491501808166504e-01,2.058425992727279663e-01,1.166579872369766235e-01,1.035289093852043152e-01,0.000000000000000000e+00,0.000000000000000000e+00,0.000000000000000000e+00,0.000000000000000000e+00,0.000000000000000000e+00,0.000000000000000000e+00,0.000000000000000000e+00,0.000000000000000000e+00,0.000000000000000000e+00,0.000000000000000000e+00,0.000000000000000000e+00,0.000000000000000000e+00,0.000000000000000000e+00,0.000000000000000000e+00,0.000000000000000000e+00,0.000000000000000000e+00,0.000000000000000000e+00,0.000000000000000000e+00,0.000000000000000000e+00,0.000000000000000000e+00,0.000000000000000000e+00,0.000000000000000000e+00,0.000000000000000000e+00,0.000000000000000000e+00,1.040509268641471863e-01,1.905128359794616699e-01,2.484393715858459473e-01,2.313768714666366577e-01,1.766017973423004150e-01,1.857185363769531250e-01,1.016725674271583557e-01,4.159352183341979980e-02,1.924541033804416656e-02,2.625185064971446991e-02,0.000000000000000000e+00,0.000000000000000000e+00,0.000000000000000000e+00,0.000000000000000000e+00,0.000000000000000000e+00,0.000000000000000000e+00,0.000000000000000000e+00,0.000000000000000000e+00,0.000000000000000000e+00,0.000000000000000000e+00,0.000000000000000000e+00,0.000000000000000000e+00,0.000000000000000000e+00,0.000000000000000000e+00,0.000000000000000000e+00,0.000000000000000000e+00,0.000000000000000000e+00,0.000000000000000000e+00,0.000000000000000000e+00,0.000000000000000000e+00,0.000000000000000000e+00,0.000000000000000000e+00,0.000000000000000000e+00,0.000000000000000000e+00,0.000000000000000000e+00,0.000000000000000000e+00,0.000000000000000000e+00,0.000000000000000000e+00,0.000000000000000000e+00,0.000000000000000000e+00,0.000000000000000000e+00,0.000000000000000000e+00,0.000000000000000000e+00,0.000000000000000000e+00,3.418653458356857300e-02,9.745019674301147461e-02,1.390988826751708984e-01
5.741871595382690430e-01,5.889977812767028809e-01,5.684983730316162109e-01,5.421398878097534180e-01,5.769407153129577637e-01,5.716428160667419434e-01,4.087339639663696289e-01,4.206304550170898438e-01,3.321435451507568359e-01,3.335980176925659180e-01,3.312760889530181885e-01,1.975354552268981934e-01,1.820761263370513916e-01,1.976489573717117310e-01,2.583979368209838867e-01,2.823686897754669189e-01,3.497898876667022705e-01,5.714492201805114746e-01,6.617056131362915039e-01,8.319497108459472656e-01,7.821443080902099609e-01,8.820953965187072754e-01,8.814832568168640137e-01,8.507443070411682129e-01,7.922346591949462891e-01,7.952911853790283203e-01,7.807869315147399902e-01,6.905950903892517090e-01,6.184887290000915527e-01,6.167517900466918945e-01,7.868775129318237305e-01,7.923965454101562500e-01,7.444486618041992188e-01,7.199156880378723145e-01,5.596575736999511719e-01,4.823561012744903564e-01,5.291932821273803711e-01,4.001142382621765137e-01,2.292472422122955322e-01,2.039210200309753418e-01,2.227746546268463135e-01,3.205502331256866455e-01,3.243019580841064453e-01,1.903007328510284424e-01,1.200328692793846130e-01,1.999794393777847290e-01,1.075379848480224609e-01,4.667304083704948425e-02,9.483340382575988770e-02,6.013549491763114929e-02,8.081808686256408691e-03,5.187590420246124268e-02,5.730088427662849426e-02,1.052139848470687866e-01,7.389769703149795532e-02,9.233761578798294067e-02,4.004602506756782532e-02,7.828845828771591187e-02,7.245142757892608643e-02,8.590508997440338135e-02,6.053341552615165710e-02,5.618088692426681519e-02,0.000000000000000000e+00,0.000000000000000000e+00,0.000000000000000000e+00,0.000000000000000000e+00,0.000000000000000000e+00,0.000000000000000000e+00,0.000000000000000000e+00,0.000000000000000000e+00,0.000000000000000000e+00,0.000000000000000000e+00,0.000000000000000000e+00,0.000000000000000000e+00,0.000000000000000000e+00,0.000000000000000000e+00,0.000000000000000000e+00,0.000000000000000000e+00,0.000000000000000000e+00,0.000000000000000000e+00,0.000000000000000000e+00,0.000000000000000000e+00,0.000000000000000000e+00,0.000000000000000000e+00,0.000000000000000000e+00,0.000000000000000000e+00,0.000000000000000000e+00,0.000000000000000000e+00,0.000000000000000000e+00,0.000000000000000000e+00,0.000000000000000000e+00,0.000000000000000000e+00,0.000000000000000000e+00,0.000000000000000000e+00,0.000000000000000000e+00,0.000000000000000000e+00,0.000000000000000000e+00,0.000000000000000000e+00,0.000000000000000000e+00,0.000000000000000000e+00,0.000000000000000000e+00,0.000000000000000000e+00,0.000000000000000000e+00,0.000000000000000000e+00,0.000000000000000000e+00,0.000000000000000000e+00,0.000000000000000000e+00,0.000000000000000000e+00,0.000000000000000000e+00,0.000000000000000000e+00,0.000000000000000000e+00,0.000000000000000000e+00,0.000000000000000000e+00,0.000000000000000000e+00,0.000000000000000000e+00,0.000000000000000000e+00,0.000000000000000000e+00,0.000000000000000000e+00,0.000000000000000000e+00,0.000000000000000000e+00,0.000000000000000000e+00,0.000000000000000000e+00,1.661765709286555648e-04,1.629539183340966702e-04,0.000000000000000000e+00,0.000000000000000000e+00,0.000000000000000000e+00,0.000000000000000000e+00,8.000938221812248230e-03,1.185830868780612946e-02,2.610742300748825073e-02,9.410769678652286530e-03,0.000000000000000000e+00,0.000000000000000000e+00,2.394028473645448685e-03,3.224935382604598999e-03,0.000000000000000000e+00,0.000000000000000000e+00,0.000000000000000000e+00,0.000000000000000000e+00,0.000000000000000000e+00,0.000000000000000000e+00,0.000000000000000000e+00,0.000000000000000000e+00,0.000000000000000000e+00,0.000000000000000000e+00,0.000000000000000000e+00,0.000000000000000000e+00,0.000000000000000000e+00,0.000000000000000000e+00,0.000000000000000000e+00,0.000000000000000000e+00,0.000000000000000000e+00,0.000000000000000000e+00,0.000000000000000000e+00,0.000000000000000000e+00,0.000000000000000000e+00,1.065749973058700562e-01,1.564461737871170044e-01,1.506301462650299072e-01,1.518567204475402832e-01,1.568687558174133301e-01,1.763861328363418579e-01,1.251089721918106079e-01,5.880646035075187683e-02,0.000000000000000000e+00,0.000000000000000000e+00,0.000000000000000000e+00,0.000000000000000000e+00,0.000000000000000000e+00,0.000000000000000000e+00,0.000000000000000000e+00,0.000000000000000000e+00,0.000000000000000000e+00,0.000000000000000000e+00,0.000000000000000000e+00,0.000000000000000000e+00,0.000000000000000000e+00,0.000000000000000000e+00,0.000000000000000000e+00,0.000000000000000000e+00,0.000000000000000000e+00,0.000000000000000000e+00,0.000000000000000000e+00,0.000000000000000000e+00,0.000000000000000000e+00,0.000000000000000000e+00,0.000000000000000000e+00,9.050054848194122314e-02,1.723025441169738770e-01,2.134365737438201904e-01,2.557659745216369629e-01,2.601978778839111328e-01,2.349610030651092529e-01,8.649104833602905273e-02,4.182312265038490295e-02,1.498677674680948257e-02,1.314966939389705658e-02,3.938537556678056717e-03,0.000000000000000000e+00,0.000000000000000000e+00,0.000000000000000000e+00,0.000000000000000000e+00,0.000000000000000000e+00,0.000000000000000000e+00,0.000000000000000000e+00,0.000000000000000000e+00,0.000000000000000000e+00,0.000000000000000000e+00,0.000000000000000000e+00,0.000000000000000000e+00,0.000000000000000000e+00,0.000000000000000000e+00,0.000000000000000000e+00,0.000000000000000000e+00,0.000000000000000000e+00,0.000000000000000000e+00,0.000000000000000000e+00,0.000000000000000000e+00,0.000000000000000000e+00,0.000000000000000000e+00,0.000000000000000000e+00,0.000000000000000000e+00,0.000000000000000000e+00,0.000000000000000000e+00,0.000000000000000000e+00,0.000000000000000000e+00,0.000000000000000000e+00,0.000000000000000000e+00,0.000000000000000000e+00,0.000000000000000000e+00,0.000000000000000000e+00,0.000000000000000000e+00,2.376778982579708099e-02,9.566781669855117798e-02,1.731795966625213623e-01
6.337507963180541992e-01,6.626316905021667480e-01,5.972895026206970215e-01,5.844036936759948730e-01,6.129774451255798340e-01,6.171045303344726562e-01,4.298887550830841064e-01,4.234358072280883789e-01,3.442315757274627686e-01,2.832428216934204102e-01,3.402870595455169678e-01,2.416910827159881592e-01,2.072620689868927002e-01,2.258044630289077759e-01,2.844634652137756348e-01,3.017414808273315430e-01,3.072655498981475830e-01,4.631978869438171387e-01,6.109871268272399902e-01,8.009830713272094727e-01,7.602558135986328125e-01,8.603094220161437988e-01,1.727914333343505859e+00,8.679987192153930664e-01,7.855395674705505371e-01,8.973743915557861328e-01,7.653051614761352539e-01,7.646235227584838867e-01,6.918820142745971680e-01,7.024558186531066895e-01,8.187392354011535645e-01,7.063372135162353516e-01,6.767265796661376953e-01,6.663162112236022949e-01,6.135818958282470703e-01,5.314317941665649414e-01,5.434945821762084961e-01,4.310335218906402588e-01,2.724534571170806885e-01,2.173539698123931885e-01,2.226612567901611328e-01,4.066248238086700439e-01,3.910952210426330566e-01,2.588935792446136475e-01,1.639817506074905396e-01,1.660895645618438721e-01,1.194031313061714172e-01,5.266141891479492188e-02,7.844324409961700439e-02,4.289254173636436462e-02,4.374743439257144928e-03,2.475553005933761597e-02,3.929317370057106018e-02,1.195499598979949951e-01,1.111943200230598450e-01,7.664689421653747559e-02,3.834402561187744141e-02,7.427365332841873169e-02,5.795167759060859680e-02,6.102226302027702332e-02,5.645859614014625549e-02,5.944050103425979614e-02,0.000000000000000000e+00,0.000000000000000000e+00,0.000000000000000000e+00,0.000000000000000000e+00,0.000000000000000000e+00,0.000000000000000000e+00,0.000000000000000000e+00,0.000000000000000000e+00,0.000000000000000000e+00,0.000000000000000000e+00,0.000000000000000000e+00,0.000000000000000000e+00,0.000000000000000000e+00,0.000000000000000000e+00,0.000000000000000000e+00,0.000000000000000000e+00,0.000000000000000000e+00,0.000000000000000000e+00,0.000000000000000000e+00,0.000000000000000000e+00,0.000000000000000000e+00,0.000000000000000000e+00,0.000000000000000000e+00,0.000000000000000000e+00,0.000000000000000000e+00,0.000000000000000000e+00,0.000000000000000000e+00,0.000000000000000000e+00,0.000000000000000000e+00,0.000000000000000000e+00,0.000000000000000000e+00,0.000000000000000000e+00,0.000000000000000000e+00,0.000000000000000000e+00,0.000000000000000000e+00,0.000000000000000000e+00,0.000000000000000000e+00,0.000000000000000000e+00,0.000000000000000000e+00,0.000000000000000000e+00,0.000000000000000000e+00,0.000000000000000000e+00,0.000000000000000000e+00,0.000000000000000000e+00,0.000000000000000000e+00,0.000000000000000000e+00,0.000000000000000000e+00,0.000000000000000000e+00,0.000000000000000000e+00,0.000000000000000000e+00,0.000000000000000000e+00,0.000000000000000000e+00,0.000000000000000000e+00,0.000000000000000000e+00,0.000000000000000000e+00,0.000000000000000000e+00,0.000000000000000000e+00,4.796688910573720932e-03,5.074564833194017410e-03,3.771835705265402794e-03,0.000000000000000000e+00,7.571414462290704250e-04,0.000000000000000000e+00,0.000000000000000000e+00,0.000000000000000000e+00,0.000000000000000000e+00,3.974658902734518051e-03,1.349489670246839523e-02,1.904792524874210358e-02,9.347995743155479431e-03,1.142125925980508327e-03,0.000000000000000000e+00,5.463554989546537399e-04,2.599071944132447243e-03,0.000000000000000000e+00,0.000000000000000000e+00,2.574693411588668823e-03,0.000000000000000000e+00,0.000000000000000000e+00,0.000000000000000000e+00,0.000000000000000000e+00,0.000000000000000000e+00,0.000000000000000000e+00,0.000000000000000000e+00,0.000000000000000000e+00,0.000000000000000000e+00,0.000000000000000000e+00,0.000000000000000000e+00,0.000000000000000000e+00,0.000000000000000000e+00,0.000000000000000000e+00,0.000000000000000000e+00,0.000000000000000000e+00,0.000000000000000000e+00,0.000000000000000000e+00,8.048298209905624390e-02,8.832627534866333008e-02,4.349509626626968384e-02,2.860334701836109161e-02,2.783545106649398804e-02,7.467792928218841553e-02,5.964703112840652466e-02,2.800226770341396332e-02,0.000000000000000000e+00,0.000000000000000000e+00,0.000000000000000000e+00,0.000000000000000000e+00,0.000000000000000000e+00,0.000000000000000000e+00,0.000000000000000000e+00,0.000000000000000000e+00,0.000000000000000000e+00,0.000000000000000000e+00,0.000000000000000000e+00,0.000000000000000000e+00,0.000000000000000000e+00,0.000000000000000000e+00,0.000000000000000000e+00,0.000000000000000000e+00,0.000000000000000000e+00,0.000000000000000000e+00,0.000000000000000000e+00,0.000000000000000000e+00,0.000000000000000000e+00,0.000000000000000000e+00,9.972170926630496979e-03,1.174481585621833801e-01,1.862467080354690552e-01,2.114513665437698364e-01,2.440311163663864136e-01,2.612628042697906494e-01,2.138873338699340820e-01,6.820134818553924561e-02,3.005916438996791840e-02,1.193820149637758732e-03,0.000000000000000000e+00,0.000000000000000000e+00,0.000000000000000000e+00,0.000000000000000000e+00,0.000000000000000000e+00,0.000000000000000000e+00,0.000000000000000000e+00,0.000000000000000000e+00,0.000000000000000000e+00,0.000000000000000000e+00,0.000000000000000000e+00,0.000000000000000000e+00,0.000000000000000000e+00,0.000000000000000000e+00,0.000000000000000000e+00,0.000000000000000000e+00,0.000000000000000000e+00,0.000000000000000000e+00,0.000000000000000000e+00,0.000000000000000000e+00,0.000000000000000000e+00,0.000000000000000000e+00,0.000000000000000000e+00,0.000000000000000000e+00,0.000000000000000000e+00,0.000000000000000000e+00,0.000000000000000000e+00,0.000000000000000000e+00,0.000000000000000000e+00,0.000000000000000000e+00,0.000000000000000000e+00,0.000000000000000000e+00,0.000000000000000000e+00,0.000000000000000000e+00,0.000000000000000000e+00,0.000000000000000000e+00,1.714734174311161041e-02,9.597014635801315308e-02,1.390345990657806396e-01
5.506864190101623535e-01,6.711645722389221191e-01,7.331404089927673340e-01,7.154951691627502441e-01,7.657124400138854980e-01,7.624045014381408691e-01,6.920070648193359375e-01,7.170943617820739746e-01,4.907833933830261230e-01,3.706147074699401855e-01,4.127143025398254395e-01,3.652116656303405762e-01,2.626506686210632324e-01,3.014197945594787598e-01,2.453192025423049927e-01,2.571233808994293213e-01,2.639576494693756104e-01,2.828286588191986084e-01,4.483863413333892822e-01,5.375341773033142090e-01,5.272614359855651855e-01,1.324615716934204102e+00,2.056570053100585938e+00,7.346848249435424805e-01,7.863157987594604492e-01,7.486354112625122070e-01,7.092821598052978516e-01,7.098326086997985840e-01,7.118811607360839844e-01,6.886436939239501953e-01,7.149142622947692871e-01,7.005331516265869141e-01,6.435366272926330566e-01,5.559857487678527832e-01,6.263651847839355469e-01,6.648181080818176270e-01,7.182276844978332520e-01,5.595852732658386230e-01,3.307724297046661377e-01,2.717906236648559570e-01,1.893806010484695435e-01,2.264175862073898315e-01,2.032488435506820679e-01,2.089707404375076294e-01,1.132303476333618164e-01,1.353027969598770142e-01,2.519235014915466309e-02,8.304189890623092651e-03,7.724109105765819550e-03,0.000000000000000000e+00,0.000000000000000000e+00,1.968926377594470978e-02,5.053410306572914124e-02,7.196549326181411743e-02,1.303523629903793335e-01,1.381076127290725708e-01,7.852704077959060669e-02,2.733854204416275024e-02,2.154542692005634308e-02,2.927154116332530975e-02,0.000000000000000000e+00,0.000000000000000000e+00,0.000000000000000000e+00,0.000000000000000000e+00,0.000000000000000000e+00,0.000000000000000000e+00,0.000000000000000000e+00,0.000000000000000000e+00,0.000000000000000000e+00,0.000000000000000000e+00,0.000000000000000000e+00,0.000000000000000000e+00,0.000000000000000000e+00,0.000000000000000000e+00,0.000000000000000000e+00,0.000000000000000000e+00,0.000000000000000000e+00,0.000000000000000000e+00,0.000000000000000000e+00,0.000000000000000000e+00,0.000000000000000000e+00,0.000000000000000000e+00,0.000000000000000000e+00,0.000000000000000000e+00,0.000000000000000000e+00,0.000000000000000000e+00,0.000000000000000000e+00,0.000000000000000000e+00,0.000000000000000000e+00,0.000000000000000000e+00,0.000000000000000000e+00,0.000000000000000000e+00,0.000000000000000000e+00,0.000000000000000000e+00,0.000000000000000000e+00,0.000000000000000000e+00,0.000000000000000000e+00,0.000000000000000000e+00,0.000000000000000000e+00,0.000000000000000000e+00,0.000000000000000000e+00,0.000000000000000000e+00,0.000000000000000000e+00,0.000000000000000000e+00,0.000000000000000000e+00,0.000000000000000000e+00,0.000000000000000000e+00,0.000000000000000000e+00,0.000000000000000000e+00,0.000000000000000000e+00,0.000000000000000000e+00,0.000000000000000000e+00,0.000000000000000000e+00,0.000000000000000000e+00,0.000000000000000000e+00,0.000000000000000000e+00,0.000000000000000000e+00,0.000000000000000000e+00,0.000000000000000000e+00,0.000000000000000000e+00,0.000000000000000000e+00,0.000000000000000000e+00,1.221433933824300766e-02,5.840552039444446564e-03,3.685103962197899818e-03,0.000000000000000000e+00,0.000000000000000000e+00,0.000000000000000000e+00,8.792245760560035706e-03,6.577359978109598160e-03,2.473777392879128456e-03,1.002652198076248169e-02,9.777955710887908936e-03,2.044793451204895973e-03,1.723418245092034340e-03,1.040884386748075485e-02,5.917869973927736282e-03,0.000000000000000000e+00,1.546803279779851437e-03,1.121854223310947418e-02,1.549689378589391708e-02,0.000000000000000000e+00,0.000000000000000000e+00,0.000000000000000000e+00,0.000000000000000000e+00,0.000000000000000000e+00,0.000000000000000000e+00,0.000000000000000000e+00,0.000000000000000000e+00,0.000000000000000000e+00,0.000000000000000000e+00,0.000000000000000000e+00,0.000000000000000000e+00,5.524749867618083954e-04,7.597058266401290894e-02,8.337266743183135986e-02,6.348270177841186523e-02,0.000000000000000000e+00,0.000000000000000000e+00,0.000000000000000000e+00,0.000000000000000000e+00,0.000000000000000000e+00,0.000000000000000000e+00,0.000000000000000000e+00,2.398833632469177246e-02,7.931255549192428589e-02,3.485750406980514526e-02,0.000000000000000000e+00,0.000000000000000000e+00,0.000000000000000000e+00,0.000000000000000000e+00,0.000000000000000000e+00,0.000000000000000000e+00,0.000000000000000000e+00,0.000000000000000000e+00,0.000000000000000000e+00,0.000000000000000000e+00,0.000000000000000000e+00,0.000000000000000000e+00,0.000000000000000000e+00,0.000000000000000000e+00,0.000000000000000000e+00,0.000000000000000000e+00,0.000000000000000000e+00,0.000000000000000000e+00,0.000000000000000000e+00,3.564323065802454948e-03,8.543831110000610352e-02,1.409863531589508057e-01,1.762152612209320068e-01,1.870635002851486206e-01,1.811858862638473511e-01,2.364291548728942871e-01,2.096922546625137329e-01,3.585464879870414734e-02,1.004702528007328510e-03,0.000000000000000000e+00,0.000000000000000000e+00,0.000000000000000000e+00,0.000000000000000000e+00,0.000000000000000000e+00,0.000000000000000000e+00,0.000000000000000000e+00,0.000000000000000000e+00,0.000000000000000000e+00,0.000000000000000000e+00,0.000000000000000000e+00,0.000000000000000000e+00,0.000000000000000000e+00,0.000000000000000000e+00,0.000000000000000000e+00,0.000000000000000000e+00,0.000000000000000000e+00,0.000000000000000000e+00,0.000000000000000000e+00,0.000000000000000000e+00,0.000000000000000000e+00,0.000000000000000000e+00,0.000000000000000000e+00,0.000000000000000000e+00,0.000000000000000000e+00,0.000000000000000000e+00,0.000000000000000000e+00,0.000000000000000000e+00,0.000000000000000000e+00,0.000000000000000000e+00,0.000000000000000000e+00,0.000000000000000000e+00,0.000000000000000000e+00,0.000000000000000000e+00,0.000000000000000000e+00,0.000000000000000000e+00,0.000000000000000000e+00,6.661177612841129303e-04,7.780669629573822021e-02,8.379665017127990723e-02
5.479293465614318848e-01,6.763783097267150879e-01,6.915801763534545898e-01,6.716576218605041504e-01,7.077871561050415039e-01,7.044029831886291504e-01,6.521715521812438965e-01,6.716699004173278809e-01,4.237140715122222900e-01,3.425678908824920654e-01,3.914693892002105713e-01,3.626588582992553711e-01,2.979632019996643066e-01,2.909854352474212646e-01,1.708363145589828491e-01,2.001755535602569580e-01,2.434096187353134155e-01,2.755308151245117188e-01,4.252234995365142822e-01,5.071680545806884766e-01,4.753054976463317871e-01,5.525927543640136719e-01,7.366513609886169434e-01,7.555345296859741211e-01,8.393220901489257812e-01,7.906162142753601074e-01,7.014967799186706543e-01,7.426407337188720703e-01,8.012661337852478027e-01,7.029005289077758789e-01,6.469444632530212402e-01,6.644768714904785156e-01,6.546791791915893555e-01,5.772522091865539551e-01,6.439412236213684082e-01,7.098930478096008301e-01,7.347926497459411621e-01,6.004417538642883301e-01,3.717195391654968262e-01,3.116123378276824951e-01,2.416465133428573608e-01,3.080441653728485107e-01,2.962738573551177979e-01,2.444386929273605347e-01,2.118756473064422607e-01,2.031773924827575684e-01,6.114515289664268494e-02,1.835037022829055786e-02,1.685389876365661621e-02,0.000000000000000000e+00,3.154772333800792694e-03,2.961003780364990234e-02,2.852961793541908264e-02,6.543884426355361938e-02,1.741041988134384155e-01,1.720765084028244019e-01,1.081224083900451660e-01,5.207392573356628418e-02,3.340284153819084167e-02,2.271460182964801788e-02,0.000000000000000000e+00,0.000000000000000000e+00,0.000000000000000000e+00,0.000000000000000000e+00,0.000000000000000000e+00,0.000000000000000000e+00,0.000000000000000000e+00,0.000000000000000000e+00,0.000000000000000000e+00,0.000000000000000000e+00,0.000000000000000000e+00,0.000000000000000000e+00,0.000000000000000000e+00,0.000000000000000000e+00,0.000000000000000000e+00,0.000000000000000000e+00,0.000000000000000000e+00,0.000000000000000000e+00,0.000000000000000000e+00,0.000000000000000000e+00,0.000000000000000000e+00,0.000000000000000000e+00,0.000000000000000000e+00,0.000000000000000000e+00,0.000000000000000000e+00,0.000000000000000000e+00,0.000000000000000000e+00,0.000000000000000000e+00,0.000000000000000000e+00,0.000000000000000000e+00,0.000000000000000000e+00,0.000000000000000000e+00,0.000000000000000000e+00,0.000000000000000000e+00,0.000000000000000000e+00,0.000000000000000000e+00,0.000000000000000000e+00,0.000000000000000000e+00,0.000000000000000000e+00,0.000000000000000000e+00,0.000000000000000000e+00,0.000000000000000000e+00,0.000000000000000000e+00,0.000000000000000000e+00,0.000000000000000000e+00,0.000000000000000000e+00,0.000000000000000000e+00,0.000000000000000000e+00,0.000000000000000000e+00,0.000000000000000000e+00,0.000000000000000000e+00,0.000000000000000000e+00,0.000000000000000000e+00,0.000000000000000000e+00,0.000000000000000000e+00,0.000000000000000000e+00,0.000000000000000000e+00,0.000000000000000000e+00,0.000000000000000000e+00,0.000000000000000000e+00,0.000000000000000000e+00,0.000000000000000000e+00,3.364639356732368469e-03,8.372598327696323395e-03,2.229413948953151703e-03,0.000000000000000000e+00,0.000000000000000000e+00,0.000000000000000000e+00,1.140916603617370129e-03,0.000000000000000000e+00,0.000000000000000000e+00,3.144102869555354118e-03,1.956558600068092346e-02,3.883681725710630417e-03,5.174860707484185696e-04,9.810352930799126625e-04,0.000000000000000000e+00,0.000000000000000000e+00,0.000000000000000000e+00,8.257322013378143311e-03,1.435743365436792374e-02,4.135081544518470764e-03,0.000000000000000000e+00,0.000000000000000000e+00,0.000000000000000000e+00,0.000000000000000000e+00,0.000000000000000000e+00,0.000000000000000000e+00,5.637163994833827019e-04,0.000000000000000000e+00,0.000000000000000000e+00,0.000000000000000000e+00,0.000000000000000000e+00,5.340404342859983444e-03,5.636335536837577820e-02,7.387707382440567017e-02,4.559536650776863098e-02,0.000000000000000000e+00,0.000000000000000000e+00,0.000000000000000000e+00,0.000000000000000000e+00,0.000000000000000000e+00,0.000000000000000000e+00,0.000000000000000000e+00,0.000000000000000000e+00,3.810860216617584229e-02,4.719680547714233398e-02,2.854488976299762726e-02,5.552582908421754837e-03,0.000000000000000000e+00,0.000000000000000000e+00,0.000000000000000000e+00,0.000000000000000000e+00,0.000000000000000000e+00,0.000000000000000000e+00,0.000000000000000000e+00,0.000000000000000000e+00,0.000000000000000000e+00,0.000000000000000000e+00,0.000000000000000000e+00,0.000000000000000000e+00,0.000000000000000000e+00,0.000000000000000000e+00,0.000000000000000000e+00,0.000000000000000000e+00,0.000000000000000000e+00,4.430757462978363037e-02,1.516403257846832275e-01,1.599175184965133667e-01,1.802645772695541382e-01,2.163948267698287964e-01,2.167612165212631226e-01,2.402347028255462646e-01,2.204497754573822021e-01,0.000000000000000000e+00,3.453220706433057785e-03,3.019666532054543495e-03,0.000000000000000000e+00,0.000000000000000000e+00,0.000000000000000000e+00,0.000000000000000000e+00,0.000000000000000000e+00,0.000000000000000000e+00,0.000000000000000000e+00,0.000000000000000000e+00,0.000000000000000000e+00,0.000000000000000000e+00,0.000000000000000000e+00,0.000000000000000000e+00,0.000000000000000000e+00,0.000000000000000000e+00,0.000000000000000000e+00,0.000000000000000000e+00,0.000000000000000000e+00,0.000000000000000000e+00,0.000000000000000000e+00,0.000000000000000000e+00,0.000000000000000000e+00,0.000000000000000000e+00,0.000000000000000000e+00,0.000000000000000000e+00,0.000000000000000000e+00,0.000000000000000000e+00,0.000000000000000000e+00,0.000000000000000000e+00,0.000000000000000000e+00,0.000000000000000000e+00,0.000000000000000000e+00,0.000000000000000000e+00,0.000000000000000000e+00,0.000000000000000000e+00,0.000000000000000000e+00,0.000000000000000000e+00,0.000000000000000000e+00,9.824398905038833618e-02,1.489070802927017212e-01
5.539907813072204590e-01,6.734510660171508789e-01,6.862933039665222168e-01,6.418107748031616211e-01,7.045017480850219727e-01,6.931580305099487305e-01,6.180092692375183105e-01,6.239501833915710449e-01,4.080642461776733398e-01,3.223471641540527344e-01,3.612407743930816650e-01,3.810086250305175781e-01,2.528923749923706055e-01,2.351301163434982300e-01,1.569434702396392822e-01,1.702751219272613525e-01,2.118838727474212646e-01,2.637113928794860840e-01,3.834202587604522705e-01,4.459111988544464111e-01,4.956914484500885010e-01,5.676485300064086914e-01,7.291124463081359863e-01,8.204885125160217285e-01,8.546547889709472656e-01,7.448222637176513672e-01,6.894325017929077148e-01,7.482963204383850098e-01,7.166650891304016113e-01,6.432030200958251953e-01,6.456572413444519043e-01,6.151248812675476074e-01,6.382504105567932129e-01,5.983037352561950684e-01,6.734980344772338867e-01,7.120599746704101562e-01,7.283062338829040527e-01,6.528120636940002441e-01,4.371240437030792236e-01,3.379394114017486572e-01,2.894937098026275635e-01,3.933221399784088135e-01,3.559652566909790039e-01,3.598250448703765869e-01,2.489697337150573730e-01,2.205696552991867065e-01,8.631389588117599487e-02,3.682538494467735291e-02,4.964376613497734070e-02,5.255106370896100998e-03,8.095963858067989349e-03,5.870294198393821716e-02,4.049487039446830750e-02,9.993236511945724487e-02,2.427925914525985718e-01,2.088887393474578857e-01,1.368670612573623657e-01,4.082806408405303955e-02,2.957805618643760681e-02,6.609162781387567520e-03,0.000000000000000000e+00,0.000000000000000000e+00,0.000000000000000000e+00,0.000000000000000000e+00,0.000000000000000000e+00,0.000000000000000000e+00,0.000000000000000000e+00,0.000000000000000000e+00,0.000000000000000000e+00,0.000000000000000000e+00,0.000000000000000000e+00,0.000000000000000000e+00,0.000000000000000000e+00,0.000000000000000000e+00,0.000000000000000000e+00,0.000000000000000000e+00,0.000000000000000000e+00,0.000000000000000000e+00,0.000000000000000000e+00,0.000000000000000000e+00,0.000000000000000000e+00,0.000000000000000000e+00,0.000000000000000000e+00,0.000000000000000000e+00,0.000000000000000000e+00,0.000000000000000000e+00,0.000000000000000000e+00,0.000000000000000000e+00,0.000000000000000000e+00,0.000000000000000000e+00,0.000000000000000000e+00,0.000000000000000000e+00,0.000000000000000000e+00,0.000000000000000000e+00,0.000000000000000000e+00,0.000000000000000000e+00,0.000000000000000000e+00,0.000000000000000000e+00,0.000000000000000000e+00,0.000000000000000000e+00,0.000000000000000000e+00,0.000000000000000000e+00,0.000000000000000000e+00,0.000000000000000000e+00,0.000000000000000000e+00,0.000000000000000000e+00,0.000000000000000000e+00,0.000000000000000000e+00,0.000000000000000000e+00,0.000000000000000000e+00,0.000000000000000000e+00,0.000000000000000000e+00,0.000000000000000000e+00,0.000000000000000000e+00,0.000000000000000000e+00,0.000000000000000000e+00,0.000000000000000000e+00,0.000000000000000000e+00,0.000000000000000000e+00,0.000000000000000000e+00,0.000000000000000000e+00,1.680504763498902321e-03,1.240092795342206955e-02,9.730343008413910866e-04,3.978799795731902122e-04,0.000000000000000000e+00,0.000000000000000000e+00,0.000000000000000000e+00,0.000000000000000000e+00,0.000000000000000000e+00,0.000000000000000000e+00,1.249109162017703056e-03,2.553062746301293373e-03,2.601167652755975723e-03,0.000000000000000000e+00,0.000000000000000000e+00,0.000000000000000000e+00,0.000000000000000000e+00,0.000000000000000000e+00,6.114768621046096087e-05,4.119912628084421158e-03,2.786571159958839417e-03,0.000000000000000000e+00,0.000000000000000000e+00,0.000000000000000000e+00,0.000000000000000000e+00,0.000000000000000000e+00,0.000000000000000000e+00,0.000000000000000000e+00,0.000000000000000000e+00,0.000000000000000000e+00,0.000000000000000000e+00,0.000000000000000000e+00,0.000000000000000000e+00,0.000000000000000000e+00,0.000000000000000000e+00,0.000000000000000000e+00,0.000000000000000000e+00,0.000000000000000000e+00,0.000000000000000000e+00,0.000000000000000000e+00,0.000000000000000000e+00,0.000000000000000000e+00,0.000000000000000000e+00,0.000000000000000000e+00,1.556577743031084538e-03,1.057672034949064255e-02,6.860928144305944443e-03,3.802047343924641609e-03,1.282212790101766586e-03,7.139610243029892445e-04,0.000000000000000000e+00,0.000000000000000000e+00,0.000000000000000000e+00,0.000000000000000000e+00,0.000000000000000000e+00,0.000000000000000000e+00,0.000000000000000000e+00,0.000000000000000000e+00,0.000000000000000000e+00,0.000000000000000000e+00,0.000000000000000000e+00,0.000000000000000000e+00,0.000000000000000000e+00,2.160424552857875824e-02,9.683318436145782471e-02,2.511539161205291748e-01,2.829040884971618652e-01,2.751970887184143066e-01,2.733954191207885742e-01,2.613199353218078613e-01,2.118306756019592285e-01,1.356420665979385376e-01,8.821530640125274658e-02,5.859863478690385818e-03,1.284964103251695633e-02,7.521812804043292999e-04,0.000000000000000000e+00,0.000000000000000000e+00,0.000000000000000000e+00,0.000000000000000000e+00,0.000000000000000000e+00,0.000000000000000000e+00,0.000000000000000000e+00,0.000000000000000000e+00,0.000000000000000000e+00,0.000000000000000000e+00,0.000000000000000000e+00,0.000000000000000000e+00,0.000000000000000000e+00,0.000000000000000000e+00,0.000000000000000000e+00,0.000000000000000000e+00,0.000000000000000000e+00,0.000000000000000000e+00,0.000000000000000000e+00,0.000000000000000000e+00,0.000000000000000000e+00,0.000000000000000000e+00,0.000000000000000000e+00,0.000000000000000000e+00,0.000000000000000000e+00,0.000000000000000000e+00,0.000000000000000000e+00,0.000000000000000000e+00,0.000000000000000000e+00,0.000000000000000000e+00,0.000000000000000000e+00,0.000000000000000000e+00,0.000000000000000000e+00,0.000000000000000000e+00,0.000000000000000000e+00,0.000000000000000000e+00,0.000000000000000000e+00,4.707678407430648804e-02,1.069759726524353027e-01
5.884364843368530273e-01,4.377291202545166016e-01,5.021544098854064941e-01,4.934791624546051025e-01,4.727781713008880615e-01,5.663839578628540039e-01,5.444406270980834961e-01,5.717056393623352051e-01,4.370643496513366699e-01,4.266658723354339600e-01,4.743963479995727539e-01,3.572497069835662842e-01,2.598864138126373291e-01,2.504864335060119629e-01,2.191572338342666626e-01,1.925280094146728516e-01,2.209318280220031738e-01,2.620809674263000488e-01,3.629700839519500732e-01,4.265620708465576172e-01,4.364914894104003906e-01,5.405439138412475586e-01,6.194665431976318359e-01,7.470281124114990234e-01,7.709498405456542969e-01,8.115784525871276855e-01,7.731063365936279297e-01,6.772769093513488770e-01,7.526745200157165527e-01,6.790065169334411621e-01,6.377375125885009766e-01,5.485899448394775391e-01,5.525893568992614746e-01,5.706232786178588867e-01,6.738923788070678711e-01,6.683775782585144043e-01,6.788351535797119141e-01,4.462762475013732910e-01,4.303367435932159424e-01,4.111536443233489990e-01,4.020675420761108398e-01,3.656290471553802490e-01,4.059077799320220947e-01,4.264455437660217285e-01,3.259978890419006348e-01,2.221827656030654907e-01,8.545251190662384033e-02,1.991548016667366028e-02,1.880165003240108490e-02,2.205004543066024780e-02,2.352873608469963074e-02,4.461078345775604248e-02,4.419248551130294800e-02,2.499783970415592194e-02,2.035666443407535553e-02,1.601307094097137451e-02,3.215025737881660461e-02,2.403152175247669220e-02,2.764708548784255981e-02,1.405400037765502930e-02,0.000000000000000000e+00,0.000000000000000000e+00,0.000000000000000000e+00,0.000000000000000000e+00,0.000000000000000000e+00,0.000000000000000000e+00,0.000000000000000000e+00,0.000000000000000000e+00,0.000000000000000000e+00,0.000000000000000000e+00,0.000000000000000000e+00,0.000000000000000000e+00,0.000000000000000000e+00,0.000000000000000000e+00,0.000000000000000000e+00,0.000000000000000000e+00,0.000000000000000000e+00,0.000000000000000000e+00,0.000000000000000000e+00,0.000000000000000000e+00,0.000000000000000000e+00,0.000000000000000000e+00,0.000000000000000000e+00,0.000000000000000000e+00,0.000000000000000000e+00,0.000000000000000000e+00,0.000000000000000000e+00,0.000000000000000000e+00,0.000000000000000000e+00,0.000000000000000000e+00,0.000000000000000000e+00,0.000000000000000000e+00,0.000000000000000000e+00,0.000000000000000000e+00,0.000000000000000000e+00,0.000000000000000000e+00,0.000000000000000000e+00,0.000000000000000000e+00,0.000000000000000000e+00,0.000000000000000000e+00,0.000000000000000000e+00,0.000000000000000000e+00,0.000000000000000000e+00,0.000000000000000000e+00,0.000000000000000000e+00,0.000000000000000000e+00,0.000000000000000000e+00,0.000000000000000000e+00,0.000000000000000000e+00,0.000000000000000000e+00,0.000000000000000000e+00,0.000000000000000000e+00,0.000000000000000000e+00,0.000000000000000000e+00,0.000000000000000000e+00,0.000000000000000000e+00,0.000000000000000000e+00,0.000000000000000000e+00,0.000000000000000000e+00,0.000000000000000000e+00,0.000000000000000000e+00,2.535050967708230019e-03,1.080899313092231750e-02,9.870203211903572083e-03,6.848376709967851639e-03,0.000000000000000000e+00,0.000000000000000000e+00,0.000000000000000000e+00,0.000000000000000000e+00,0.000000000000000000e+00,0.000000000000000000e+00,9.005516767501831055e-04,1.952111953869462013e-03,4.444736056029796600e-03,5.198688595555722713e-04,0.000000000000000000e+00,0.000000000000000000e+00,0.000000000000000000e+00,0.000000000000000000e+00,0.000000000000000000e+00,0.000000000000000000e+00,0.000000000000000000e+00,0.000000000000000000e+00,0.000000000000000000e+00,0.000000000000000000e+00,0.000000000000000000e+00,0.000000000000000000e+00,0.000000000000000000e+00,0.000000000000000000e+00,0.000000000000000000e+00,0.000000000000000000e+00,0.000000000000000000e+00,0.000000000000000000e+00,0.000000000000000000e+00,0.000000000000000000e+00,0.000000000000000000e+00,0.000000000000000000e+00,0.000000000000000000e+00,0.000000000000000000e+00,4.284055437892675400e-03,2.889763563871383667e-03,2.071009948849678040e-03,1.395340310409665108e-03,0.000000000000000000e+00,0.000000000000000000e+00,1.381531008519232273e-03,6.131942849606275558e-03,4.433615133166313171e-03,6.594026344828307629e-04,0.000000000000000000e+00,1.197080360725522041e-03,0.000000000000000000e+00,0.000000000000000000e+00,0.000000000000000000e+00,0.000000000000000000e+00,0.000000000000000000e+00,0.000000000000000000e+00,0.000000000000000000e+00,0.000000000000000000e+00,0.000000000000000000e+00,0.000000000000000000e+00,2.516963751986622810e-03,6.216829642653465271e-04,6.234348565340042114e-02,1.785348355770111084e-01,2.423705458641052246e-01,3.140116631984710693e-01,3.273616731166839600e-01,3.112216591835021973e-01,3.206948339939117432e-01,3.028833866119384766e-01,2.393089532852172852e-01,1.452830284833908081e-01,1.435492783784866333e-01,4.460481181740760803e-02,0.000000000000000000e+00,0.000000000000000000e+00,0.000000000000000000e+00,0.000000000000000000e+00,0.000000000000000000e+00,0.000000000000000000e+00,0.000000000000000000e+00,0.000000000000000000e+00,0.000000000000000000e+00,0.000000000000000000e+00,0.000000000000000000e+00,0.000000000000000000e+00,0.000000000000000000e+00,0.000000000000000000e+00,0.000000000000000000e+00,0.000000000000000000e+00,0.000000000000000000e+00,0.000000000000000000e+00,0.000000000000000000e+00,0.000000000000000000e+00,0.000000000000000000e+00,0.000000000000000000e+00,0.000000000000000000e+00,0.000000000000000000e+00,0.000000000000000000e+00,0.000000000000000000e+00,0.000000000000000000e+00,0.000000000000000000e+00,0.000000000000000000e+00,0.000000000000000000e+00,0.000000000000000000e+00,0.000000000000000000e+00,0.000000000000000000e+00,0.000000000000000000e+00,0.000000000000000000e+00,0.000000000000000000e+00,0.000000000000000000e+00,0.000000000000000000e+00,0.000000000000000000e+00,3.226441144943237305e-02,1.231811046600341797e-01
4.645430147647857666e-01,4.272939562797546387e-01,3.681189417839050293e-01,4.443379938602447510e-01,4.442289769649505615e-01,4.946654736995697021e-01,4.100119173526763916e-01,4.380469024181365967e-01,3.359020352363586426e-01,2.823505699634552002e-01,2.791788280010223389e-01,2.045654952526092529e-01,1.930029988288879395e-01,2.069948911666870117e-01,1.017840728163719177e-01,1.117882132530212402e-01,1.500661671161651611e-01,2.505020797252655029e-01,3.175673782825469971e-01,3.928481638431549072e-01,4.056632518768310547e-01,4.413160681724548340e-01,5.701849460601806641e-01,6.525356173515319824e-01,7.173322439193725586e-01,8.018069267272949219e-01,8.182483315467834473e-01,8.226667642593383789e-01,8.554480671882629395e-01,8.427491188049316406e-01,6.083568930625915527e-01,4.715507328510284424e-01,4.273661673069000244e-01,4.379151463508605957e-01,5.533050894737243652e-01,6.482681035995483398e-01,7.668110132217407227e-01,6.412833333015441895e-01,4.674090147018432617e-01,4.507839977741241455e-01,4.827008545398712158e-01,3.702059686183929443e-01,3.808550238609313965e-01,2.979312837123870850e-01,2.179679125547409058e-01,2.107025831937789917e-01,1.495549231767654419e-01,3.244527801871299744e-02,2.264680527150630951e-02,4.332116618752479553e-02,3.590234369039535522e-02,2.205915749073028564e-02,3.271125629544258118e-02,4.467274621129035950e-02,4.005957767367362976e-02,2.295107766985893250e-02,3.992469608783721924e-02,8.155868947505950928e-02,5.405372381210327148e-02,2.125669969245791435e-03,0.000000000000000000e+00,0.000000000000000000e+00,0.000000000000000000e+00,0.000000000000000000e+00,0.000000000000000000e+00,0.000000000000000000e+00,0.000000000000000000e+00,0.000000000000000000e+00,0.000000000000000000e+00,0.000000000000000000e+00,0.000000000000000000e+00,0.000000000000000000e+00,0.000000000000000000e+00,0.000000000000000000e+00,0.000000000000000000e+00,0.000000000000000000e+00,0.000000000000000000e+00,0.000000000000000000e+00,0.000000000000000000e+00,0.000000000000000000e+00,0.000000000000000000e+00,0.000000000000000000e+00,0.000000000000000000e+00,0.000000000000000000e+00,0.000000000000000000e+00,0.000000000000000000e+00,0.000000000000000000e+00,0.000000000000000000e+00,0.000000000000000000e+00,0.000000000000000000e+00,0.000000000000000000e+00,0.000000000000000000e+00,0.000000000000000000e+00,0.000000000000000000e+00,0.000000000000000000e+00,0.000000000000000000e+00,0.000000000000000000e+00,0.000000000000000000e+00,0.000000000000000000e+00,0.000000000000000000e+00,0.000000000000000000e+00,0.000000000000000000e+00,0.000000000000000000e+00,0.000000000000000000e+00,0.000000000000000000e+00,0.000000000000000000e+00,0.000000000000000000e+00,0.000000000000000000e+00,0.000000000000000000e+00,0.000000000000000000e+00,0.000000000000000000e+00,0.000000000000000000e+00,0.000000000000000000e+00,0.000000000000000000e+00,0.000000000000000000e+00,0.000000000000000000e+00,0.000000000000000000e+00,0.000000000000000000e+00,0.000000000000000000e+00,0.000000000000000000e+00,0.000000000000000000e+00,0.000000000000000000e+00,0.000000000000000000e+00,9.525014320388436317e-04,2.936567179858684540e-03,0.000000000000000000e+00,0.000000000000000000e+00,0.000000000000000000e+00,0.000000000000000000e+00,0.000000000000000000e+00,0.000000000000000000e+00,0.000000000000000000e+00,1.573794521391391754e-03,6.143801845610141754e-03,1.898529124446213245e-03,0.000000000000000000e+00,0.000000000000000000e+00,0.000000000000000000e+00,0.000000000000000000e+00,0.000000000000000000e+00,0.000000000000000000e+00,0.000000000000000000e+00,0.000000000000000000e+00,0.000000000000000000e+00,0.000000000000000000e+00,0.000000000000000000e+00,0.000000000000000000e+00,0.000000000000000000e+00,0.000000000000000000e+00,0.000000000000000000e+00,0.000000000000000000e+00,0.000000000000000000e+00,0.000000000000000000e+00,0.000000000000000000e+00,0.000000000000000000e+00,0.000000000000000000e+00,0.000000000000000000e+00,0.000000000000000000e+00,0.000000000000000000e+00,1.089002285152673721e-02,5.953950807452201843e-03,6.374184507876634598e-03,4.415187519043684006e-03,2.268182812258601189e-03,7.505224202759563923e-04,2.425954007776454091e-04,0.000000000000000000e+00,1.347544486634433270e-03,1.441945787519216537e-03,0.000000000000000000e+00,0.000000000000000000e+00,0.000000000000000000e+00,0.000000000000000000e+00,0.000000000000000000e+00,0.000000000000000000e+00,0.000000000000000000e+00,0.000000000000000000e+00,0.000000000000000000e+00,0.000000000000000000e+00,0.000000000000000000e+00,1.281728688627481461e-02,2.251344732940196991e-02,4.184276983141899109e-02,1.185981109738349915e-01,1.926841735839843750e-01,2.796809077262878418e-01,3.199182748794555664e-01,3.491267561912536621e-01,3.832719922065734863e-01,3.665668964385986328e-01,3.325257599353790283e-01,2.296784967184066772e-01,1.857247948646545410e-01,1.657672971487045288e-01,8.933547884225845337e-02,1.879087835550308228e-02,0.000000000000000000e+00,0.000000000000000000e+00,0.000000000000000000e+00,0.000000000000000000e+00,0.000000000000000000e+00,0.000000000000000000e+00,0.000000000000000000e+00,0.000000000000000000e+00,0.000000000000000000e+00,0.000000000000000000e+00,0.000000000000000000e+00,0.000000000000000000e+00,0.000000000000000000e+00,0.000000000000000000e+00,0.000000000000000000e+00,0.000000000000000000e+00,0.000000000000000000e+00,0.000000000000000000e+00,0.000000000000000000e+00,0.000000000000000000e+00,0.000000000000000000e+00,0.000000000000000000e+00,0.000000000000000000e+00,0.000000000000000000e+00,0.000000000000000000e+00,0.000000000000000000e+00,0.000000000000000000e+00,0.000000000000000000e+00,0.000000000000000000e+00,0.000000000000000000e+00,0.000000000000000000e+00,0.000000000000000000e+00,0.000000000000000000e+00,0.000000000000000000e+00,0.000000000000000000e+00,0.000000000000000000e+00,2.159309573471546173e-03,1.014317149383714423e-05,3.497092798352241516e-02,8.604975044727325439e-02
5.564030408859252930e-01,5.574505925178527832e-01,4.156511425971984863e-01,2.977445125579833984e-01,3.409695625305175781e-01,4.578718841075897217e-01,4.663487374782562256e-01,4.590378999710083008e-01,3.869011998176574707e-01,2.781213819980621338e-01,2.449237257242202759e-01,2.129691392183303833e-01,1.869451701641082764e-01,2.220825403928756714e-01,1.849095970392227173e-01,2.194484770298004150e-01,2.382955551147460938e-01,2.714686095714569092e-01,2.849652469158172607e-01,3.594230115413665771e-01,3.967853784561157227e-01,5.147094726562500000e-01,6.227318048477172852e-01,5.243115425109863281e-01,6.749837994575500488e-01,7.417173385620117188e-01,6.962705254554748535e-01,8.329230546951293945e-01,8.800980448722839355e-01,8.873435854911804199e-01,5.588896274566650391e-01,4.951580166816711426e-01,4.535544514656066895e-01,4.449003040790557861e-01,5.034595727920532227e-01,5.998580455780029297e-01,6.222944259643554688e-01,5.856384038925170898e-01,6.096060276031494141e-01,6.402043104171752930e-01,5.753452181816101074e-01,3.909466564655303955e-01,4.219203889369964600e-01,4.093250036239624023e-01,3.313520550727844238e-01,3.105409443378448486e-01,1.770731806755065918e-01,1.432755887508392334e-01,1.282400786876678467e-01,1.436919122934341431e-01,1.221855133771896362e-01,5.967981740832328796e-02,5.381141602993011475e-02,7.489941269159317017e-02,2.940816618502140045e-02,1.156322285532951355e-02,0.000000000000000000e+00,6.122220307588577271e-02,3.374525904655456543e-02,7.523271720856428146e-03,0.000000000000000000e+00,0.000000000000000000e+00,5.618184804916381836e-03,0.000000000000000000e+00,0.000000000000000000e+00,0.000000000000000000e+00,0.000000000000000000e+00,0.000000000000000000e+00,0.000000000000000000e+00,0.000000000000000000e+00,0.000000000000000000e+00,0.000000000000000000e+00,0.000000000000000000e+00,0.000000000000000000e+00,0.000000000000000000e+00,0.000000000000000000e+00,0.000000000000000000e+00,0.000000000000000000e+00,0.000000000000000000e+00,0.000000000000000000e+00,0.000000000000000000e+00,0.000000000000000000e+00,0.000000000000000000e+00,0.000000000000000000e+00,0.000000000000000000e+00,0.000000000000000000e+00,0.000000000000000000e+00,0.000000000000000000e+00,0.000000000000000000e+00,0.000000000000000000e+00,0.000000000000000000e+00,0.000000000000000000e+00,0.000000000000000000e+00,0.000000000000000000e+00,0.000000000000000000e+00,0.000000000000000000e+00,0.000000000000000000e+00,0.000000000000000000e+00,0.000000000000000000e+00,0.000000000000000000e+00,0.000000000000000000e+00,0.000000000000000000e+00,0.000000000000000000e+00,0.000000000000000000e+00,0.000000000000000000e+00,0.000000000000000000e+00,0.000000000000000000e+00,0.000000000000000000e+00,0.000000000000000000e+00,0.000000000000000000e+00,0.000000000000000000e+00,0.000000000000000000e+00,0.000000000000000000e+00,0.000000000000000000e+00,0.000000000000000000e+00,0.000000000000000000e+00,0.000000000000000000e+00,0.000000000000000000e+00,0.000000000000000000e+00,0.000000000000000000e+00,2.168375765904784203e-03,9.622992365621030331e-04,1.512879878282546997e-02,0.000000000000000000e+00,0.000000000000000000e+00,0.000000000000000000e+00,0.000000000000000000e+00,0.000000000000000000e+00,0.000000000000000000e+00,0.000000000000000000e+00,0.000000000000000000e+00,0.000000000000000000e+00,0.000000000000000000e+00,5.302526522427797318e-03,1.876894035376608372e-03,0.000000000000000000e+00,0.000000000000000000e+00,0.000000000000000000e+00,0.000000000000000000e+00,0.000000000000000000e+00,4.453749570529907942e-04,0.000000000000000000e+00,1.104672322981059551e-03,1.580553129315376282e-03,0.000000000000000000e+00,0.000000000000000000e+00,0.000000000000000000e+00,0.000000000000000000e+00,0.000000000000000000e+00,0.000000000000000000e+00,0.000000000000000000e+00,0.000000000000000000e+00,0.000000000000000000e+00,0.000000000000000000e+00,0.000000000000000000e+00,8.090886985883116722e-04,4.480801522731781006e-03,5.490953568369150162e-03,4.502375144511461258e-03,9.722352959215641022e-03,5.870215129107236862e-03,4.811778664588928223e-03,1.550637651234865189e-02,2.939989976584911346e-02,4.008133336901664734e-02,2.360417880117893219e-02,1.791019551455974579e-02,4.080828279256820679e-03,0.000000000000000000e+00,0.000000000000000000e+00,0.000000000000000000e+00,0.000000000000000000e+00,0.000000000000000000e+00,0.000000000000000000e+00,0.000000000000000000e+00,0.000000000000000000e+00,0.000000000000000000e+00,1.171620446257293224e-03,7.200335618108510971e-03,4.269884899258613586e-02,3.887353092432022095e-02,1.260455977171659470e-02,1.017856225371360779e-01,1.626024991273880005e-01,2.307068854570388794e-01,2.857417762279510498e-01,3.276174366474151611e-01,3.748763501644134521e-01,3.912081122398376465e-01,3.817552030086517334e-01,3.006781339645385742e-01,2.121186256408691406e-01,2.092881798744201660e-01,2.007888406515121460e-01,9.153944998979568481e-02,4.478794708847999573e-02,4.645669250749051571e-04,0.000000000000000000e+00,0.000000000000000000e+00,0.000000000000000000e+00,0.000000000000000000e+00,0.000000000000000000e+00,0.000000000000000000e+00,0.000000000000000000e+00,0.000000000000000000e+00,0.000000000000000000e+00,0.000000000000000000e+00,0.000000000000000000e+00,0.000000000000000000e+00,0.000000000000000000e+00,0.000000000000000000e+00,0.000000000000000000e+00,0.000000000000000000e+00,0.000000000000000000e+00,0.000000000000000000e+00,0.000000000000000000e+00,0.000000000000000000e+00,0.000000000000000000e+00,0.000000000000000000e+00,0.000000000000000000e+00,0.000000000000000000e+00,0.000000000000000000e+00,0.000000000000000000e+00,0.000000000000000000e+00,0.000000000000000000e+00,0.000000000000000000e+00,0.000000000000000000e+00,0.000000000000000000e+00,0.000000000000000000e+00,0.000000000000000000e+00,0.000000000000000000e+00,4.867389798164367676e-02,7.906658947467803955e-02,9.092777967453002930e-02,9.040831774473190308e-02,1.215077191591262817e-01
6.743683218955993652e-01,6.282184123992919922e-01,4.794611036777496338e-01,3.544916212558746338e-01,3.135485947132110596e-01,3.962930738925933838e-01,4.027436673641204834e-01,4.831948876380920410e-01,4.879835844039916992e-01,3.486243784427642822e-01,3.744625151157379150e-01,3.318792581558227539e-01,2.929286658763885498e-01,3.325362503528594971e-01,2.989743649959564209e-01,2.931806445121765137e-01,3.184070885181427002e-01,3.088777661323547363e-01,2.746811807155609131e-01,3.872987926006317139e-01,4.248965978622436523e-01,6.390345096588134766e-01,6.161357164382934570e-01,5.275589227676391602e-01,7.383744716644287109e-01,8.875408768653869629e-01,7.902743220329284668e-01,8.197731375694274902e-01,7.919996976852416992e-01,8.521721363067626953e-01,5.776231884956359863e-01,4.888974130153656006e-01,4.512996077537536621e-01,4.377186298370361328e-01,5.316706299781799316e-01,6.431575417518615723e-01,7.196516990661621094e-01,6.937615275382995605e-01,6.202254295349121094e-01,6.779549121856689453e-01,5.909154415130615234e-01,4.552504122257232666e-01,4.404900372028350830e-01,4.073716998100280762e-01,3.671692609786987305e-01,3.269764184951782227e-01,2.366607934236526489e-01,1.967841386795043945e-01,1.233145520091056824e-01,1.611132770776748657e-01,1.290337741374969482e-01,7.224034518003463745e-02,3.710820898413658142e-02,6.060458719730377197e-02,0.000000000000000000e+00,1.443567220121622086e-03,0.000000000000000000e+00,4.070423543453216553e-02,3.373351320624351501e-02,2.050825394690036774e-02,5.715440027415752411e-03,7.636337541043758392e-03,8.323038928210735321e-03,0.000000000000000000e+00,0.000000000000000000e+00,0.000000000000000000e+00,0.000000000000000000e+00,0.000000000000000000e+00,0.000000000000000000e+00,0.000000000000000000e+00,0.000000000000000000e+00,0.000000000000000000e+00,0.000000000000000000e+00,0.000000000000000000e+00,0.000000000000000000e+00,0.000000000000000000e+00,0.000000000000000000e+00,0.000000000000000000e+00,0.000000000000000000e+00,0.000000000000000000e+00,0.000000000000000000e+00,0.000000000000000000e+00,0.000000000000000000e+00,0.000000000000000000e+00,0.000000000000000000e+00,0.000000000000000000e+00,0.000000000000000000e+00,0.000000000000000000e+00,0.000000000000000000e+00,0.000000000000000000e+00,0.000000000000000000e+00,0.000000000000000000e+00,0.000000000000000000e+00,0.000000000000000000e+00,0.000000000000000000e+00,0.000000000000000000e+00,0.000000000000000000e+00,0.000000000000000000e+00,0.000000000000000000e+00,0.000000000000000000e+00,0.000000000000000000e+00,0.000000000000000000e+00,0.000000000000000000e+00,0.000000000000000000e+00,0.000000000000000000e+00,0.000000000000000000e+00,0.000000000000000000e+00,0.000000000000000000e+00,0.000000000000000000e+00,0.000000000000000000e+00,0.000000000000000000e+00,0.000000000000000000e+00,0.000000000000000000e+00,0.000000000000000000e+00,0.000000000000000000e+00,0.000000000000000000e+00,0.000000000000000000e+00,0.000000000000000000e+00,0.000000000000000000e+00,3.517703851684927940e-03,2.076277974992990494e-03,3.407030832022428513e-03,8.655495010316371918e-03,0.000000000000000000e+00,0.000000000000000000e+00,0.000000000000000000e+00,0.000000000000000000e+00,0.000000000000000000e+00,0.000000000000000000e+00,0.000000000000000000e+00,0.000000000000000000e+00,0.000000000000000000e+00,0.000000000000000000e+00,4.332469310611486435e-03,6.352726835757493973e-03,2.838556829374283552e-04,0.000000000000000000e+00,0.000000000000000000e+00,0.000000000000000000e+00,4.308621399104595184e-03,0.000000000000000000e+00,0.000000000000000000e+00,2.089066896587610245e-03,0.000000000000000000e+00,0.000000000000000000e+00,0.000000000000000000e+00,9.509212686680257320e-04,8.764920494286343455e-05,1.030541607178747654e-03,2.130206674337387085e-03,0.000000000000000000e+00,0.000000000000000000e+00,2.945449203252792358e-03,4.479942377656698227e-03,6.347412709146738052e-04,1.511881826445460320e-03,1.282497588545084000e-02,1.308449450880289078e-02,9.227165021002292633e-03,1.790326205082237720e-03,0.000000000000000000e+00,0.000000000000000000e+00,8.477974683046340942e-03,3.301614150404930115e-02,4.959180578589439392e-02,4.454696178436279297e-02,2.209353446960449219e-02,1.045480836182832718e-02,0.000000000000000000e+00,0.000000000000000000e+00,0.000000000000000000e+00,0.000000000000000000e+00,0.000000000000000000e+00,0.000000000000000000e+00,0.000000000000000000e+00,0.000000000000000000e+00,0.000000000000000000e+00,1.636600680649280548e-02,5.091702938079833984e-02,3.309971466660499573e-02,2.450778335332870483e-02,4.241836816072463989e-02,1.192601993680000305e-01,1.457480192184448242e-01,1.881620436906814575e-01,2.850775122642517090e-01,3.578170835971832275e-01,2.447381466627120972e-01,2.516252100467681885e-01,3.666625618934631348e-01,3.200674355030059814e-01,2.325102090835571289e-01,2.344458401203155518e-01,1.865923255681991577e-01,7.090894132852554321e-02,3.384793549776077271e-02,1.235161349177360535e-02,0.000000000000000000e+00,0.000000000000000000e+00,0.000000000000000000e+00,0.000000000000000000e+00,0.000000000000000000e+00,0.000000000000000000e+00,0.000000000000000000e+00,0.000000000000000000e+00,0.000000000000000000e+00,0.000000000000000000e+00,0.000000000000000000e+00,0.000000000000000000e+00,0.000000000000000000e+00,0.000000000000000000e+00,0.000000000000000000e+00,0.000000000000000000e+00,0.000000000000000000e+00,0.000000000000000000e+00,0.000000000000000000e+00,0.000000000000000000e+00,0.000000000000000000e+00,0.000000000000000000e+00,0.000000000000000000e+00,0.000000000000000000e+00,0.000000000000000000e+00,0.000000000000000000e+00,0.000000000000000000e+00,0.000000000000000000e+00,0.000000000000000000e+00,0.000000000000000000e+00,0.000000000000000000e+00,0.000000000000000000e+00,0.000000000000000000e+00,0.000000000000000000e+00,7.483419030904769897e-02,8.381157368421554565e-02,6.822500377893447876e-02,5.690118670463562012e-02,6.058799847960472107e-02
7.325514554977416992e-01,4.662356674671173096e-01,4.009707868099212646e-01,4.177743196487426758e-01,3.739506602287292480e-01,3.427534401416778564e-01,3.958087265491485596e-01,4.428560435771942139e-01,4.866069853305816650e-01,4.053614735603332520e-01,4.223882555961608887e-01,4.569437503814697266e-01,3.656104207038879395e-01,4.160357713699340820e-01,2.959501147270202637e-01,3.122908473014831543e-01,3.632878959178924561e-01,3.723618686199188232e-01,3.215319216251373291e-01,4.324500560760498047e-01,5.000176429748535156e-01,5.300992727279663086e-01,4.789262413978576660e-01,4.422525763511657715e-01,4.786373078823089600e-01,1.550701856613159180e+00,7.319456934928894043e-01,7.392716407775878906e-01,7.191171646118164062e-01,7.335355877876281738e-01,5.685231089591979980e-01,5.412107706069946289e-01,5.164903998374938965e-01,7.266312837600708008e-01,5.558119416236877441e-01,5.562590360641479492e-01,6.018493771553039551e-01,6.486398577690124512e-01,5.845208764076232910e-01,6.011236906051635742e-01,5.431719422340393066e-01,6.784338355064392090e-01,6.655226349830627441e-01,5.850663781166076660e-01,5.224590301513671875e-01,4.766216278076171875e-01,2.790246903896331787e-01,3.908059000968933105e-01,2.317202985286712646e-01,1.744705289602279663e-01,8.632301539182662964e-02,3.596117720007896423e-02,4.961497336626052856e-02,6.577583402395248413e-02,1.501263584941625595e-02,1.442321203649044037e-02,0.000000000000000000e+00,3.680087975226342678e-04,7.549087051302194595e-03,4.509425461292266846e-01,2.513128221035003662e-01,2.726168036460876465e-01,3.299884498119354248e-02,3.107027523219585419e-02,1.312769111245870590e-02,0.000000000000000000e+00,0.000000000000000000e+00,0.000000000000000000e+00,0.000000000000000000e+00,0.000000000000000000e+00,0.000000000000000000e+00,0.000000000000000000e+00,0.000000000000000000e+00,0.000000000000000000e+00,0.000000000000000000e+00,0.000000000000000000e+00,0.000000000000000000e+00,0.000000000000000000e+00,0.000000000000000000e+00,0.000000000000000000e+00,0.000000000000000000e+00,0.000000000000000000e+00,0.000000000000000000e+00,0.000000000000000000e+00,0.000000000000000000e+00,0.000000000000000000e+00,0.000000000000000000e+00,0.000000000000000000e+00,0.000000000000000000e+00,0.000000000000000000e+00,0.000000000000000000e+00,0.000000000000000000e+00,0.000000000000000000e+00,0.000000000000000000e+00,0.000000000000000000e+00,0.000000000000000000e+00,0.000000000000000000e+00,0.000000000000000000e+00,0.000000000000000000e+00,0.000000000000000000e+00,0.000000000000000000e+00,0.000000000000000000e+00,0.000000000000000000e+00,0.000000000000000000e+00,0.000000000000000000e+00,0.000000000000000000e+00,0.000000000000000000e+00,0.000000000000000000e+00,0.000000000000000000e+00,0.000000000000000000e+00,0.000000000000000000e+00,0.000000000000000000e+00,0.000000000000000000e+00,0.000000000000000000e+00,0.000000000000000000e+00,0.000000000000000000e+00,1.214327174238860607e-03,3.397287102416157722e-03,0.000000000000000000e+00,0.000000000000000000e+00,0.000000000000000000e+00,0.000000000000000000e+00,0.000000000000000000e+00,0.000000000000000000e+00,0.000000000000000000e+00,0.000000000000000000e+00,0.000000000000000000e+00,0.000000000000000000e+00,0.000000000000000000e+00,0.000000000000000000e+00,0.000000000000000000e+00,0.000000000000000000e+00,0.000000000000000000e+00,3.251611720770597458e-03,4.291912540793418884e-03,0.000000000000000000e+00,0.000000000000000000e+00,0.000000000000000000e+00,0.000000000000000000e+00,0.000000000000000000e+00,0.000000000000000000e+00,0.000000000000000000e+00,2.431803615763783455e-03,1.487683388404548168e-03,0.000000000000000000e+00,1.937675871886312962e-03,1.155653223395347595e-02,1.958946324884891510e-02,1.288576424121856689e-02,0.000000000000000000e+00,0.000000000000000000e+00,0.000000000000000000e+00,1.434541889466345310e-03,5.702073685824871063e-03,4.367945250123739243e-03,1.141027268022298813e-02,1.538577675819396973e-02,1.473135687410831451e-02,1.478109229356050491e-02,1.117300358600914478e-03,1.373636419884860516e-03,0.000000000000000000e+00,2.396570146083831787e-02,4.305396229028701782e-02,4.723290354013442993e-02,4.880708083510398865e-02,4.499797150492668152e-02,1.997018791735172272e-02,0.000000000000000000e+00,0.000000000000000000e+00,0.000000000000000000e+00,0.000000000000000000e+00,0.000000000000000000e+00,0.000000000000000000e+00,0.000000000000000000e+00,0.000000000000000000e+00,1.665899995714426041e-03,8.309990167617797852e-03,4.114545509219169617e-02,2.679359540343284607e-02,1.965733803808689117e-02,9.732943028211593628e-02,1.065078899264335632e-01,1.662759184837341309e-01,1.861198097467422485e-01,2.035527974367141724e-01,1.856461167335510254e-01,2.099070250988006592e-01,3.026152551174163818e-01,3.435971736907958984e-01,2.862423956394195557e-01,2.239254564046859741e-01,2.155275344848632812e-01,1.689560264348983765e-01,5.660704895853996277e-02,2.770223654806613922e-02,2.172175096347928047e-03,0.000000000000000000e+00,0.000000000000000000e+00,0.000000000000000000e+00,0.000000000000000000e+00,0.000000000000000000e+00,0.000000000000000000e+00,0.000000000000000000e+00,0.000000000000000000e+00,0.000000000000000000e+00,0.000000000000000000e+00,0.000000000000000000e+00,0.000000000000000000e+00,0.000000000000000000e+00,0.000000000000000000e+00,0.000000000000000000e+00,0.000000000000000000e+00,0.000000000000000000e+00,0.000000000000000000e+00,0.000000000000000000e+00,0.000000000000000000e+00,0.000000000000000000e+00,0.000000000000000000e+00,0.000000000000000000e+00,0.000000000000000000e+00,0.000000000000000000e+00,0.000000000000000000e+00,0.000000000000000000e+00,0.000000000000000000e+00,0.000000000000000000e+00,0.000000000000000000e+00,0.000000000000000000e+00,0.000000000000000000e+00,3.664375617518089712e-05,2.439634688198566437e-02,6.403032690286636353e-02,6.462905555963516235e-02,5.727509036660194397e-02,6.330647319555282593e-02,8.540141582489013672e-02
7.731438875198364258e-01,4.678070247173309326e-01,4.265338480472564697e-01,4.622850716114044189e-01,5.112432837486267090e-01,5.154512524604797363e-01,5.482318997383117676e-01,5.282447338104248047e-01,4.647306799888610840e-01,4.308995008468627930e-01,4.505606591701507568e-01,4.893690645694732666e-01,4.427483677864074707e-01,4.615956544876098633e-01,3.546081185340881348e-01,3.169555366039276123e-01,3.721608519554138184e-01,3.455419540405273438e-01,3.367210030555725098e-01,4.588738679885864258e-01,6.013051271438598633e-01,6.223335266113281250e-01,4.481949806213378906e-01,4.513389468193054199e-01,5.406402945518493652e-01,7.249966859817504883e-01,6.664324402809143066e-01,7.599632740020751953e-01,7.531128525733947754e-01,7.046572566032409668e-01,5.237272977828979492e-01,4.953061938285827637e-01,4.998412728309631348e-01,7.642639279365539551e-01,6.096202135086059570e-01,5.744090080261230469e-01,6.286918520927429199e-01,6.816790103912353516e-01,6.271265149116516113e-01,6.125352382659912109e-01,5.719423294067382812e-01,6.768501996994018555e-01,6.754319071769714355e-01,5.860088467597961426e-01,4.997688829898834229e-01,4.621898829936981201e-01,1.943596750497817993e-01,2.535260617733001709e-01,2.498355060815811157e-01,2.278107702732086182e-01,7.454149425029754639e-02,2.608401514589786530e-02,3.023591265082359314e-02,6.341085582971572876e-02,5.627525039017200470e-03,1.353903487324714661e-02,3.036539768800139427e-03,7.630665320903062820e-03,1.828653737902641296e-02,4.607008099555969238e-01,3.563983142375946045e-01,3.215553462505340576e-01,5.323032662272453308e-02,1.435285061597824097e-02,9.478411637246608734e-03,0.000000000000000000e+00,0.000000000000000000e+00,0.000000000000000000e+00,0.000000000000000000e+00,0.000000000000000000e+00,0.000000000000000000e+00,0.000000000000000000e+00,0.000000000000000000e+00,0.000000000000000000e+00,0.000000000000000000e+00,0.000000000000000000e+00,0.000000000000000000e+00,0.000000000000000000e+00,0.000000000000000000e+00,0.000000000000000000e+00,0.000000000000000000e+00,0.000000000000000000e+00,0.000000000000000000e+00,0.000000000000000000e+00,0.000000000000000000e+00,0.000000000000000000e+00,0.000000000000000000e+00,0.000000000000000000e+00,0.000000000000000000e+00,0.000000000000000000e+00,0.000000000000000000e+00,0.000000000000000000e+00,0.000000000000000000e+00,0.000000000000000000e+00,0.000000000000000000e+00,0.000000000000000000e+00,0.000000000000000000e+00,0.000000000000000000e+00,0.000000000000000000e+00,0.000000000000000000e+00,0.000000000000000000e+00,0.000000000000000000e+00,0.000000000000000000e+00,0.000000000000000000e+00,0.000000000000000000e+00,0.000000000000000000e+00,0.000000000000000000e+00,0.000000000000000000e+00,0.000000000000000000e+00,0.000000000000000000e+00,0.000000000000000000e+00,0.000000000000000000e+00,0.000000000000000000e+00,0.000000000000000000e+00,0.000000000000000000e+00,0.000000000000000000e+00,0.000000000000000000e+00,0.000000000000000000e+00,0.000000000000000000e+00,7.352537475526332855e-03,3.591836662963032722e-03,0.000000000000000000e+00,0.000000000000000000e+00,0.000000000000000000e+00,0.000000000000000000e+00,0.000000000000000000e+00,0.000000000000000000e+00,0.000000000000000000e+00,0.000000000000000000e+00,0.000000000000000000e+00,0.000000000000000000e+00,0.000000000000000000e+00,0.000000000000000000e+00,0.000000000000000000e+00,0.000000000000000000e+00,0.000000000000000000e+00,0.000000000000000000e+00,0.000000000000000000e+00,0.000000000000000000e+00,0.000000000000000000e+00,0.000000000000000000e+00,1.645347801968455315e-04,0.000000000000000000e+00,7.461827044608071446e-05,3.452742937952280045e-03,6.208254490047693253e-03,5.478636361658573151e-03,3.941636066883802414e-03,5.339101335266605020e-05,1.221071463078260422e-03,2.315832767635583878e-03,0.000000000000000000e+00,3.520551545079797506e-04,1.711091026663780212e-03,2.943121595308184624e-03,4.963740706443786621e-03,1.948786713182926178e-02,1.920510269701480865e-02,9.858810342848300934e-03,7.133459672331809998e-03,8.326801471412181854e-03,2.298982813954353333e-02,3.835121169686317444e-02,2.376573532819747925e-02,1.496676821261644363e-02,2.796719595789909363e-02,4.398277401924133301e-02,1.151250302791595459e-02,0.000000000000000000e+00,0.000000000000000000e+00,0.000000000000000000e+00,0.000000000000000000e+00,0.000000000000000000e+00,0.000000000000000000e+00,0.000000000000000000e+00,1.086341682821512222e-02,1.388063281774520874e-02,1.488430798053741455e-02,1.803369377739727497e-03,0.000000000000000000e+00,0.000000000000000000e+00,1.099387034773826599e-01,1.320475190877914429e-01,1.712448596954345703e-01,1.929112076759338379e-01,2.183846384286880493e-01,1.934534609317779541e-01,2.115429490804672241e-01,2.466049492359161377e-01,2.292480468750000000e-01,1.683586239814758301e-01,1.487978547811508179e-01,1.307576298713684082e-01,1.400755494832992554e-01,8.650290966033935547e-02,7.087261974811553955e-02,5.510085076093673706e-02,1.885186694562435150e-02,0.000000000000000000e+00,0.000000000000000000e+00,0.000000000000000000e+00,0.000000000000000000e+00,0.000000000000000000e+00,0.000000000000000000e+00,0.000000000000000000e+00,0.000000000000000000e+00,0.000000000000000000e+00,0.000000000000000000e+00,0.000000000000000000e+00,0.000000000000000000e+00,0.000000000000000000e+00,0.000000000000000000e+00,0.000000000000000000e+00,0.000000000000000000e+00,0.000000000000000000e+00,0.000000000000000000e+00,0.000000000000000000e+00,0.000000000000000000e+00,0.000000000000000000e+00,0.000000000000000000e+00,0.000000000000000000e+00,0.000000000000000000e+00,0.000000000000000000e+00,3.997006453573703766e-03,5.249638110399246216e-03,3.215949982404708862e-03,2.392305061221122742e-02,6.849224679172039032e-03,1.505865657236427069e-04,0.000000000000000000e+00,1.460525672882795334e-02,4.610085114836692810e-02,6.550556421279907227e-02,8.924512565135955811e-02,9.304589033126831055e-02,1.102081909775733948e-01
2.417976111173629761e-01,1.368136852979660034e-01,1.643356531858444214e-01,2.074301093816757202e-01,2.884522974491119385e-01,4.785215258598327637e-01,6.856797933578491211e-01,7.093883156776428223e-01,6.041353940963745117e-01,5.846303105354309082e-01,6.540267467498779297e-01,5.840974450111389160e-01,4.908769726753234863e-01,4.892594218254089355e-01,4.592594504356384277e-01,4.062939882278442383e-01,4.387523233890533447e-01,4.255456924438476562e-01,3.467599749565124512e-01,6.177845597267150879e-01,5.396680831909179688e-01,3.937623798847198486e-01,4.813603758811950684e-01,4.553354382514953613e-01,4.176139831542968750e-01,6.572348475456237793e-01,5.041593909263610840e-01,6.009094715118408203e-01,5.844203233718872070e-01,5.874751210212707520e-01,7.164236307144165039e-01,6.799888610839843750e-01,7.206904888153076172e-01,6.219399571418762207e-01,5.621978044509887695e-01,6.071835160255432129e-01,6.916902065277099609e-01,8.480919599533081055e-01,8.656585812568664551e-01,8.094353675842285156e-01,8.429520130157470703e-01,1.063725948333740234e+00,1.041105747222900391e+00,7.518013119697570801e-01,7.964056730270385742e-01,7.835755348205566406e-01,5.116820931434631348e-01,3.872562348842620850e-01,3.808246552944183350e-01,3.351564407348632812e-01,2.848477661609649658e-01,2.052261829376220703e-01,2.029931396245956421e-01,1.323561221361160278e-01,7.008565217256546021e-02,7.878898829221725464e-02,2.113667502999305725e-02,1.083741411566734314e-01,1.067190319299697876e-01,2.682879865169525146e-01,1.462703049182891846e-01,1.285041719675064087e-01,1.279041320085525513e-01,0.000000000000000000e+00,0.000000000000000000e+00,0.000000000000000000e+00,0.000000000000000000e+00,0.000000000000000000e+00,0.000000000000000000e+00,0.000000000000000000e+00,0.000000000000000000e+00,0.000000000000000000e+00,0.000000000000000000e+00,0.000000000000000000e+00,0.000000000000000000e+00,0.000000000000000000e+00,0.000000000000000000e+00,0.000000000000000000e+00,0.000000000000000000e+00,0.000000000000000000e+00,0.000000000000000000e+00,0.000000000000000000e+00,0.000000000000000000e+00,0.000000000000000000e+00,0.000000000000000000e+00,0.000000000000000000e+00,0.000000000000000000e+00,0.000000000000000000e+00,0.000000000000000000e+00,0.000000000000000000e+00,0.000000000000000000e+00,0.000000000000000000e+00,0.000000000000000000e+00,0.000000000000000000e+00,0.000000000000000000e+00,0.000000000000000000e+00,0.000000000000000000e+00,0.000000000000000000e+00,0.000000000000000000e+00,0.000000000000000000e+00,0.000000000000000000e+00,0.000000000000000000e+00,0.000000000000000000e+00,0.000000000000000000e+00,0.000000000000000000e+00,0.000000000000000000e+00,0.000000000000000000e+00,0.000000000000000000e+00,0.000000000000000000e+00,0.000000000000000000e+00,0.000000000000000000e+00,0.000000000000000000e+00,0.000000000000000000e+00,0.000000000000000000e+00,0.000000000000000000e+00,0.000000000000000000e+00,0.000000000000000000e+00,0.000000000000000000e+00,0.000000000000000000e+00,2.775262575596570969e-03,0.000000000000000000e+00,0.000000000000000000e+00,0.000000000000000000e+00,0.000000000000000000e+00,0.000000000000000000e+00,0.000000000000000000e+00,0.000000000000000000e+00,0.000000000000000000e+00,0.000000000000000000e+00,0.000000000000000000e+00,0.000000000000000000e+00,0.000000000000000000e+00,0.000000000000000000e+00,0.000000000000000000e+00,0.000000000000000000e+00,0.000000000000000000e+00,0.000000000000000000e+00,0.000000000000000000e+00,0.000000000000000000e+00,0.000000000000000000e+00,0.000000000000000000e+00,0.000000000000000000e+00,0.000000000000000000e+00,9.388459147885441780e-05,1.666380441747605801e-03,0.000000000000000000e+00,2.076617820421233773e-04,1.693759579211473465e-03,0.000000000000000000e+00,2.145115751773118973e-03,4.291521385312080383e-03,1.103966147638857365e-03,1.633839681744575500e-03,3.327389247715473175e-03,1.916801207698881626e-03,0.000000000000000000e+00,7.262671831995248795e-03,5.361726041883230209e-03,4.719699267297983170e-03,6.968488916754722595e-03,1.116602402180433273e-02,3.739175572991371155e-02,3.411009535193443298e-02,8.522795513272285461e-03,7.496055215597152710e-03,2.089974284172058105e-02,1.897768490016460419e-02,0.000000000000000000e+00,0.000000000000000000e+00,0.000000000000000000e+00,0.000000000000000000e+00,0.000000000000000000e+00,0.000000000000000000e+00,0.000000000000000000e+00,0.000000000000000000e+00,0.000000000000000000e+00,0.000000000000000000e+00,2.252693375339731574e-04,2.573735546320676804e-03,0.000000000000000000e+00,0.000000000000000000e+00,7.849720120429992676e-02,1.361985802650451660e-01,1.889204531908035278e-01,2.207100838422775269e-01,2.063671350479125977e-01,2.196666449308395386e-01,1.637181937694549561e-01,3.749044537544250488e-01,1.614923477172851562e-01,1.671287417411804199e-01,1.239202991127967834e-01,1.204782947897911072e-01,1.205357611179351807e-01,9.731917083263397217e-02,8.559784293174743652e-02,5.709403753280639648e-02,4.311730712652206421e-02,0.000000000000000000e+00,0.000000000000000000e+00,0.000000000000000000e+00,0.000000000000000000e+00,0.000000000000000000e+00,0.000000000000000000e+00,0.000000000000000000e+00,0.000000000000000000e+00,0.000000000000000000e+00,0.000000000000000000e+00,0.000000000000000000e+00,0.000000000000000000e+00,0.000000000000000000e+00,0.000000000000000000e+00,0.000000000000000000e+00,0.000000000000000000e+00,0.000000000000000000e+00,0.000000000000000000e+00,0.000000000000000000e+00,0.000000000000000000e+00,0.000000000000000000e+00,0.000000000000000000e+00,0.000000000000000000e+00,0.000000000000000000e+00,0.000000000000000000e+00,2.368703670799732208e-02,2.068515680730342865e-02,1.956627145409584045e-02,3.704563900828361511e-02,2.080081775784492493e-02,6.137131713330745697e-03,2.910229522967711091e-05,2.170002553611993790e-03,1.691450923681259155e-02,3.653906285762786865e-02,8.246982842683792114e-02,1.244897544384002686e-01,1.116571053862571716e-01
2.374982088804244995e-01,1.097143664956092834e-01,1.717466562986373901e-01,3.046049773693084717e-01,3.477690517902374268e-01,5.115827918052673340e-01,7.034602761268615723e-01,7.028055787086486816e-01,6.177868247032165527e-01,5.927047729492187500e-01,5.914877653121948242e-01,5.712744593620300293e-01,5.328629016876220703e-01,5.061150789260864258e-01,4.769172072410583496e-01,4.596632122993469238e-01,4.878295361995697021e-01,5.191438198089599609e-01,4.787275493144989014e-01,5.372070074081420898e-01,1.050293564796447754e+00,5.105776190757751465e-01,4.797012507915496826e-01,5.430278182029724121e-01,4.373905062675476074e-01,6.448308229446411133e-01,5.088617801666259766e-01,5.709522366523742676e-01,6.014632582664489746e-01,6.326306462287902832e-01,6.232065558433532715e-01,5.866950154304504395e-01,5.454684495925903320e-01,6.106970906257629395e-01,6.687106490135192871e-01,8.563370108604431152e-01,9.281038045883178711e-01,1.154380679130554199e+00,1.245344638824462891e+00,1.260055184364318848e+00,1.349267721176147461e+00,1.298392891883850098e+00,1.295834898948669434e+00,1.068770527839660645e+00,7.915717959403991699e-01,7.519817352294921875e-01,4.982369542121887207e-01,3.841913342475891113e-01,3.421156108379364014e-01,4.203478097915649414e-01,4.171782135963439941e-01,1.685901433229446411e-01,1.746236830949783325e-01,1.524316370487213135e-01,3.300632163882255554e-02,5.578816309571266174e-02,1.514561846852302551e-02,5.351609550416469574e-03,1.125013828277587891e-02,1.902275085449218750e-01,0.000000000000000000e+00,0.000000000000000000e+00,0.000000000000000000e+00,0.000000000000000000e+00,0.000000000000000000e+00,0.000000000000000000e+00,0.000000000000000000e+00,0.000000000000000000e+00,0.000000000000000000e+00,0.000000000000000000e+00,0.000000000000000000e+00,0.000000000000000000e+00,0.000000000000000000e+00,0.000000000000000000e+00,0.000000000000000000e+00,0.000000000000000000e+00,0.000000000000000000e+00,0.000000000000000000e+00,0.000000000000000000e+00,0.000000000000000000e+00,0.000000000000000000e+00,0.000000000000000000e+00,0.000000000000000000e+00,0.000000000000000000e+00,0.000000000000000000e+00,0.000000000000000000e+00,0.000000000000000000e+00,0.000000000000000000e+00,0.000000000000000000e+00,0.000000000000000000e+00,0.000000000000000000e+00,0.000000000000000000e+00,0.000000000000000000e+00,0.000000000000000000e+00,0.000000000000000000e+00,0.000000000000000000e+00,0.000000000000000000e+00,0.000000000000000000e+00,0.000000000000000000e+00,0.000000000000000000e+00,0.000000000000000000e+00,0.000000000000000000e+00,0.000000000000000000e+00,0.000000000000000000e+00,0.000000000000000000e+00,0.000000000000000000e+00,0.000000000000000000e+00,0.000000000000000000e+00,0.000000000000000000e+00,0.000000000000000000e+00,0.000000000000000000e+00,0.000000000000000000e+00,0.000000000000000000e+00,0.000000000000000000e+00,0.000000000000000000e+00,0.000000000000000000e+00,0.000000000000000000e+00,0.000000000000000000e+00,0.000000000000000000e+00,0.000000000000000000e+00,0.000000000000000000e+00,0.000000000000000000e+00,0.000000000000000000e+00,0.000000000000000000e+00,0.000000000000000000e+00,0.000000000000000000e+00,0.000000000000000000e+00,0.000000000000000000e+00,0.000000000000000000e+00,0.000000000000000000e+00,0.000000000000000000e+00,0.000000000000000000e+00,0.000000000000000000e+00,0.000000000000000000e+00,0.000000000000000000e+00,0.000000000000000000e+00,0.000000000000000000e+00,0.000000000000000000e+00,0.000000000000000000e+00,0.000000000000000000e+00,0.000000000000000000e+00,2.770420396700501442e-03,6.059702951461076736e-03,3.639816073700785637e-03,8.145807078108191490e-04,0.000000000000000000e+00,0.000000000000000000e+00,0.000000000000000000e+00,5.218781880103051662e-04,1.937424880452454090e-03,3.826818894594907761e-03,0.000000000000000000e+00,0.000000000000000000e+00,0.000000000000000000e+00,0.000000000000000000e+00,0.000000000000000000e+00,0.000000000000000000e+00,0.000000000000000000e+00,0.000000000000000000e+00,1.719767227768898010e-02,2.308715693652629852e-02,2.057605236768722534e-02,5.554110277444124222e-03,2.670258982107043266e-04,5.876591894775629044e-04,0.000000000000000000e+00,0.000000000000000000e+00,0.000000000000000000e+00,0.000000000000000000e+00,0.000000000000000000e+00,0.000000000000000000e+00,0.000000000000000000e+00,0.000000000000000000e+00,0.000000000000000000e+00,0.000000000000000000e+00,0.000000000000000000e+00,0.000000000000000000e+00,0.000000000000000000e+00,0.000000000000000000e+00,0.000000000000000000e+00,0.000000000000000000e+00,2.398465760052204132e-02,6.453143805265426636e-02,7.486613839864730835e-02,1.106252595782279968e-01,1.761471778154373169e-01,2.161275744438171387e-01,2.435634732246398926e-01,2.776505649089813232e-01,1.930694580078125000e-01,1.435642540454864502e-01,1.048716381192207336e-01,8.303657174110412598e-02,8.220548182725906372e-02,8.733280003070831299e-02,9.043069183826446533e-02,6.304990500211715698e-02,1.451807282865047455e-02,0.000000000000000000e+00,0.000000000000000000e+00,0.000000000000000000e+00,0.000000000000000000e+00,0.000000000000000000e+00,0.000000000000000000e+00,0.000000000000000000e+00,0.000000000000000000e+00,0.000000000000000000e+00,0.000000000000000000e+00,0.000000000000000000e+00,0.000000000000000000e+00,0.000000000000000000e+00,0.000000000000000000e+00,0.000000000000000000e+00,0.000000000000000000e+00,0.000000000000000000e+00,0.000000000000000000e+00,0.000000000000000000e+00,0.000000000000000000e+00,0.000000000000000000e+00,0.000000000000000000e+00,0.000000000000000000e+00,3.289231285452842712e-02,5.589067935943603516e-02,7.942118495702743530e-02,8.211393654346466064e-02,6.945700198411941528e-02,6.491441279649734497e-02,4.816552624106407166e-02,2.136516757309436798e-02,1.701583527028560638e-02,5.973628256469964981e-03,0.000000000000000000e+00,1.902781659737229347e-03,8.338413387537002563e-02,1.190183311700820923e-01,1.241609826683998108e-01
2.172747105360031128e-01,1.420920342206954956e-01,2.425049245357513428e-01,3.919434249401092529e-01,2.600058913230895996e-01,3.859287500381469727e-01,6.219462752342224121e-01,6.933141946792602539e-01,7.031971812248229980e-01,1.400208830833435059e+00,1.179334998130798340e+00,4.764826595783233643e-01,4.213562011718750000e-01,4.740334153175354004e-01,4.812915325164794922e-01,4.284244775772094727e-01,4.610423445701599121e-01,1.052177071571350098e+00,5.056253671646118164e-01,5.607670545578002930e-01,4.968086481094360352e-01,5.495554804801940918e-01,6.570022702217102051e-01,5.976571440696716309e-01,4.919413924217224121e-01,5.950747132301330566e-01,5.558076500892639160e-01,5.977318286895751953e-01,6.826421618461608887e-01,6.609703302383422852e-01,6.462329030036926270e-01,5.859511494636535645e-01,5.318869948387145996e-01,6.453871130943298340e-01,5.937729477882385254e-01,7.682911157608032227e-01,8.856574892997741699e-01,1.081617116928100586e+00,1.216718554496765137e+00,1.387472987174987793e+00,1.469899177551269531e+00,1.354342222213745117e+00,1.272859811782836914e+00,1.007625699043273926e+00,7.387542724609375000e-01,6.201282143592834473e-01,3.901690542697906494e-01,3.612546622753143311e-01,4.007731974124908447e-01,4.030445814132690430e-01,3.864279389381408691e-01,1.672369837760925293e-01,1.661510020494461060e-01,1.535604000091552734e-01,8.641675859689712524e-02,8.898623287677764893e-02,4.494241625070571899e-02,1.860040985047817230e-02,5.837219301611185074e-03,1.653771400451660156e-01,0.000000000000000000e+00,0.000000000000000000e+00,0.000000000000000000e+00,0.000000000000000000e+00,0.000000000000000000e+00,0.000000000000000000e+00,0.000000000000000000e+00,0.000000000000000000e+00,0.000000000000000000e+00,0.000000000000000000e+00,0.000000000000000000e+00,0.000000000000000000e+00,0.000000000000000000e+00,0.000000000000000000e+00,0.000000000000000000e+00,0.000000000000000000e+00,0.000000000000000000e+00,0.000000000000000000e+00,0.000000000000000000e+00,0.000000000000000000e+00,0.000000000000000000e+00,0.000000000000000000e+00,0.000000000000000000e+00,0.000000000000000000e+00,0.000000000000000000e+00,0.000000000000000000e+00,0.000000000000000000e+00,0.000000000000000000e+00,0.000000000000000000e+00,0.000000000000000000e+00,0.000000000000000000e+00,0.000000000000000000e+00,0.000000000000000000e+00,0.000000000000000000e+00,0.000000000000000000e+00,0.000000000000000000e+00,0.000000000000000000e+00,0.000000000000000000e+00,0.000000000000000000e+00,0.000000000000000000e+00,0.000000000000000000e+00,0.000000000000000000e+00,0.000000000000000000e+00,0.000000000000000000e+00,0.000000000000000000e+00,0.000000000000000000e+00,0.000000000000000000e+00,0.000000000000000000e+00,0.000000000000000000e+00,0.000000000000000000e+00,0.000000000000000000e+00,0.000000000000000000e+00,0.000000000000000000e+00,0.000000000000000000e+00,0.000000000000000000e+00,0.000000000000000000e+00,0.000000000000000000e+00,0.000000000000000000e+00,0.000000000000000000e+00,0.000000000000000000e+00,0.000000000000000000e+00,0.000000000000000000e+00,0.000000000000000000e+00,0.000000000000000000e+00,0.000000000000000000e+00,0.000000000000000000e+00,0.000000000000000000e+00,0.000000000000000000e+00,0.000000000000000000e+00,0.000000000000000000e+00,0.000000000000000000e+00,0.000000000000000000e+00,0.000000000000000000e+00,0.000000000000000000e+00,0.000000000000000000e+00,0.000000000000000000e+00,0.000000000000000000e+00,0.000000000000000000e+00,0.000000000000000000e+00,0.000000000000000000e+00,0.000000000000000000e+00,2.630554838106036186e-03,1.659573521465063095e-03,0.000000000000000000e+00,0.000000000000000000e+00,0.000000000000000000e+00,0.000000000000000000e+00,0.000000000000000000e+00,0.000000000000000000e+00,2.663819119334220886e-03,2.915181452408432961e-03,0.000000000000000000e+00,0.000000000000000000e+00,0.000000000000000000e+00,0.000000000000000000e+00,0.000000000000000000e+00,0.000000000000000000e+00,0.000000000000000000e+00,5.042293108999729156e-03,1.141175162047147751e-02,1.850679330527782440e-02,2.074918895959854126e-02,1.786485314369201660e-02,1.031667180359363556e-02,3.940267488360404968e-03,0.000000000000000000e+00,0.000000000000000000e+00,0.000000000000000000e+00,0.000000000000000000e+00,0.000000000000000000e+00,0.000000000000000000e+00,0.000000000000000000e+00,0.000000000000000000e+00,0.000000000000000000e+00,0.000000000000000000e+00,0.000000000000000000e+00,0.000000000000000000e+00,0.000000000000000000e+00,0.000000000000000000e+00,0.000000000000000000e+00,0.000000000000000000e+00,1.370610203593969345e-02,3.820870071649551392e-02,9.725963324308395386e-02,1.399503052234649658e-01,1.722162067890167236e-01,1.927977055311203003e-01,2.606165409088134766e-01,1.629518568515777588e-01,2.431916892528533936e-01,1.296011954545974731e-01,8.994844555854797363e-02,6.798985600471496582e-02,7.859259843826293945e-02,6.591840088367462158e-02,6.012073904275894165e-02,4.710513353347778320e-02,0.000000000000000000e+00,0.000000000000000000e+00,0.000000000000000000e+00,0.000000000000000000e+00,0.000000000000000000e+00,0.000000000000000000e+00,0.000000000000000000e+00,0.000000000000000000e+00,0.000000000000000000e+00,0.000000000000000000e+00,0.000000000000000000e+00,0.000000000000000000e+00,0.000000000000000000e+00,0.000000000000000000e+00,0.000000000000000000e+00,0.000000000000000000e+00,0.000000000000000000e+00,0.000000000000000000e+00,0.000000000000000000e+00,0.000000000000000000e+00,0.000000000000000000e+00,0.000000000000000000e+00,0.000000000000000000e+00,0.000000000000000000e+00,5.673426762223243713e-02,8.213919401168823242e-02,8.901137858629226685e-02,8.953086286783218384e-02,8.709213137626647949e-02,6.982643902301788330e-02,6.458052247762680054e-02,3.540586307644844055e-02,3.858790174126625061e-02,4.052599146962165833e-02,6.323044747114181519e-02,6.543933600187301636e-02,9.714812785387039185e-02,1.092904210090637207e-01,1.232292950153350830e-01
3.476101458072662354e-01,4.458562433719635010e-01,2.960342168807983398e-01,5.886451601982116699e-01,7.132259011268615723e-01,7.113589644432067871e-01,6.849943399429321289e-01,6.767910718917846680e-01,7.007128596305847168e-01,1.453107833862304688e+00,1.306923389434814453e+00,1.385880351066589355e+00,1.251182556152343750e+00,5.749376416206359863e-01,4.926598966121673584e-01,4.688796699047088623e-01,4.495337605476379395e-01,5.635097622871398926e-01,1.233863353729248047e+00,1.120266318321228027e+00,5.419463515281677246e-01,5.978989601135253906e-01,5.964701175689697266e-01,6.228010058403015137e-01,3.716615438461303711e-01,4.332143664360046387e-01,4.609578549861907959e-01,5.159682631492614746e-01,5.693979859352111816e-01,5.540020465850830078e-01,4.210648238658905029e-01,5.016801953315734863e-01,5.084669589996337891e-01,4.856099188327789307e-01,6.049358844757080078e-01,8.120412826538085938e-01,8.743233084678649902e-01,1.357268095016479492e+00,1.481684684753417969e+00,1.647938728332519531e+00,1.738697171211242676e+00,1.422701120376586914e+00,1.372905015945434570e+00,1.102844953536987305e+00,7.739573121070861816e-01,7.567431926727294922e-01,6.963098645210266113e-01,5.721595883369445801e-01,5.575315356254577637e-01,5.756942033767700195e-01,4.570764303207397461e-01,2.456037551164627075e-01,2.540414929389953613e-01,1.753377914428710938e-01,1.086049675941467285e-01,9.924539923667907715e-02,4.264389723539352417e-02,1.048697307705879211e-01,2.477577142417430878e-02,0.000000000000000000e+00,1.032009720802307129e-02,1.255476102232933044e-02,0.000000000000000000e+00,0.000000000000000000e+00,0.000000000000000000e+00,0.000000000000000000e+00,0.000000000000000000e+00,0.000000000000000000e+00,0.000000000000000000e+00,0.000000000000000000e+00,0.000000000000000000e+00,0.000000000000000000e+00,0.000000000000000000e+00,0.000000000000000000e+00,0.000000000000000000e+00,0.000000000000000000e+00,0.000000000000000000e+00,0.000000000000000000e+00,0.000000000000000000e+00,0.000000000000000000e+00,0.000000000000000000e+00,0.000000000000000000e+00,0.000000000000000000e+00,0.000000000000000000e+00,0.000000000000000000e+00,0.000000000000000000e+00,0.000000000000000000e+00,0.000000000000000000e+00,0.000000000000000000e+00,0.000000000000000000e+00,0.000000000000000000e+00,0.000000000000000000e+00,0.000000000000000000e+00,0.000000000000000000e+00,0.000000000000000000e+00,0.000000000000000000e+00,0.000000000000000000e+00,0.000000000000000000e+00,0.000000000000000000e+00,0.000000000000000000e+00,0.000000000000000000e+00,0.000000000000000000e+00,0.000000000000000000e+00,0.000000000000000000e+00,0.000000000000000000e+00,0.000000000000000000e+00,0.000000000000000000e+00,0.000000000000000000e+00,0.000000000000000000e+00,0.000000000000000000e+00,0.000000000000000000e+00,0.000000000000000000e+00,0.000000000000000000e+00,0.000000000000000000e+00,0.000000000000000000e+00,0.000000000000000000e+00,0.000000000000000000e+00,0.000000000000000000e+00,0.000000000000000000e+00,0.000000000000000000e+00,0.000000000000000000e+00,0.000000000000000000e+00,0.000000000000000000e+00,0.000000000000000000e+00,0.000000000000000000e+00,0.000000000000000000e+00,0.000000000000000000e+00,0.000000000000000000e+00,0.000000000000000000e+00,0.000000000000000000e+00,0.000000000000000000e+00,0.000000000000000000e+00,0.000000000000000000e+00,0.000000000000000000e+00,0.000000000000000000e+00,0.000000000000000000e+00,0.000000000000000000e+00,0.000000000000000000e+00,0.000000000000000000e+00,0.000000000000000000e+00,0.000000000000000000e+00,0.000000000000000000e+00,0.000000000000000000e+00,0.000000000000000000e+00,0.000000000000000000e+00,0.000000000000000000e+00,0.000000000000000000e+00,0.000000000000000000e+00,0.000000000000000000e+00,0.000000000000000000e+00,0.000000000000000000e+00,0.000000000000000000e+00,0.000000000000000000e+00,0.000000000000000000e+00,0.000000000000000000e+00,0.000000000000000000e+00,0.000000000000000000e+00,1.462247106246650219e-03,5.355677567422389984e-03,3.495868528261780739e-03,5.911670159548521042e-03,9.850853122770786285e-03,2.464196458458900452e-02,6.691939663141965866e-03,6.174673908390104771e-04,0.000000000000000000e+00,0.000000000000000000e+00,0.000000000000000000e+00,0.000000000000000000e+00,0.000000000000000000e+00,0.000000000000000000e+00,0.000000000000000000e+00,0.000000000000000000e+00,0.000000000000000000e+00,0.000000000000000000e+00,0.000000000000000000e+00,0.000000000000000000e+00,0.000000000000000000e+00,0.000000000000000000e+00,0.000000000000000000e+00,0.000000000000000000e+00,4.615357518196105957e-02,5.804324895143508911e-02,1.417142301797866821e-01,1.729291826486587524e-01,1.752152442932128906e-01,1.914462447166442871e-01,1.861279904842376709e-01,2.134123593568801880e-01,2.800971567630767822e-01,1.457098424434661865e-01,9.925895184278488159e-02,5.978752300143241882e-02,6.998284906148910522e-02,5.072253197431564331e-02,3.338763862848281860e-02,1.198627520352602005e-02,0.000000000000000000e+00,0.000000000000000000e+00,0.000000000000000000e+00,0.000000000000000000e+00,0.000000000000000000e+00,0.000000000000000000e+00,0.000000000000000000e+00,0.000000000000000000e+00,0.000000000000000000e+00,0.000000000000000000e+00,0.000000000000000000e+00,0.000000000000000000e+00,0.000000000000000000e+00,0.000000000000000000e+00,0.000000000000000000e+00,0.000000000000000000e+00,0.000000000000000000e+00,0.000000000000000000e+00,0.000000000000000000e+00,0.000000000000000000e+00,0.000000000000000000e+00,0.000000000000000000e+00,0.000000000000000000e+00,0.000000000000000000e+00,9.547231346368789673e-02,1.133068427443504333e-01,1.418048590421676636e-01,1.392345577478408813e-01,1.431288570165634155e-01,8.193781226873397827e-02,7.984478026628494263e-02,4.791470989584922791e-02,7.027989625930786133e-02,6.387325376272201538e-02,7.433806359767913818e-02,8.568664640188217163e-02,9.931951761245727539e-02,1.135971024632453918e-01,1.240803971886634827e-01
6.629611253738403320e-01,6.419320106506347656e-01,5.780940651893615723e-01,5.823377370834350586e-01,6.877475380897521973e-01,8.678048849105834961e-01,7.211670279502868652e-01,7.087104320526123047e-01,6.999419331550598145e-01,7.738422155380249023e-01,1.573957324028015137e+00,1.781812071800231934e+00,1.753542542457580566e+00,1.515212178230285645e+00,6.253148317337036133e-01,5.192923545837402344e-01,5.281746983528137207e-01,6.246287822723388672e-01,1.481551647186279297e+00,1.126900434494018555e+00,5.430950522422790527e-01,6.568273901939392090e-01,6.611664295196533203e-01,5.067502856254577637e-01,3.877304792404174805e-01,2.306201905012130737e-01,1.918178051710128784e-01,5.096354484558105469e-01,5.040223598480224609e-01,5.286509990692138672e-01,4.887636005878448486e-01,5.106795430183410645e-01,5.302214026451110840e-01,5.158612728118896484e-01,6.725771427154541016e-01,7.273475527763366699e-01,7.865539789199829102e-01,1.236559987068176270e+00,1.283558845520019531e+00,1.431067943572998047e+00,1.821520805358886719e+00,1.508098125457763672e+00,1.395459771156311035e+00,1.141623854637145996e+00,1.005343079566955566e+00,9.470555782318115234e-01,5.931127667427062988e-01,8.158822059631347656e-01,7.868228554725646973e-01,5.303542613983154297e-01,3.691945374011993408e-01,3.060148954391479492e-01,3.005547225475311279e-01,1.162859648466110229e-01,4.233788326382637024e-02,6.957828253507614136e-02,7.178478408604860306e-03,0.000000000000000000e+00,0.000000000000000000e+00,0.000000000000000000e+00,0.000000000000000000e+00,0.000000000000000000e+00,0.000000000000000000e+00,0.000000000000000000e+00,0.000000000000000000e+00,0.000000000000000000e+00,0.000000000000000000e+00,0.000000000000000000e+00,0.000000000000000000e+00,0.000000000000000000e+00,0.000000000000000000e+00,0.000000000000000000e+00,0.000000000000000000e+00,0.000000000000000000e+00,0.000000000000000000e+00,0.000000000000000000e+00,0.000000000000000000e+00,0.000000000000000000e+00,0.000000000000000000e+00,0.000000000000000000e+00,0.000000000000000000e+00,0.000000000000000000e+00,0.000000000000000000e+00,0.000000000000000000e+00,0.000000000000000000e+00,0.000000000000000000e+00,0.000000000000000000e+00,0.000000000000000000e+00,0.000000000000000000e+00,0.000000000000000000e+00,0.000000000000000000e+00,0.000000000000000000e+00,0.000000000000000000e+00,0.000000000000000000e+00,0.000000000000000000e+00,0.000000000000000000e+00,0.000000000000000000e+00,0.000000000000000000e+00,0.000000000000000000e+00,0.000000000000000000e+00,0.000000000000000000e+00,0.000000000000000000e+00,0.000000000000000000e+00,0.000000000000000000e+00,0.000000000000000000e+00,0.000000000000000000e+00,0.000000000000000000e+00,0.000000000000000000e+00,0.000000000000000000e+00,0.000000000000000000e+00,0.000000000000000000e+00,0.000000000000000000e+00,0.000000000000000000e+00,0.000000000000000000e+00,0.000000000000000000e+00,0.000000000000000000e+00,0.000000000000000000e+00,0.000000000000000000e+00,0.000000000000000000e+00,0.000000000000000000e+00,0.000000000000000000e+00,0.000000000000000000e+00,0.000000000000000000e+00,0.000000000000000000e+00,0.000000000000000000e+00,0.000000000000000000e+00,0.000000000000000000e+00,0.000000000000000000e+00,0.000000000000000000e+00,0.000000000000000000e+00,0.000000000000000000e+00,0.000000000000000000e+00,0.000000000000000000e+00,0.000000000000000000e+00,0.000000000000000000e+00,0.000000000000000000e+00,0.000000000000000000e+00,0.000000000000000000e+00,0.000000000000000000e+00,0.000000000000000000e+00,0.000000000000000000e+00,0.000000000000000000e+00,0.000000000000000000e+00,0.000000000000000000e+00,0.000000000000000000e+00,0.000000000000000000e+00,0.000000000000000000e+00,0.000000000000000000e+00,0.000000000000000000e+00,0.000000000000000000e+00,0.000000000000000000e+00,0.000000000000000000e+00,0.000000000000000000e+00,0.000000000000000000e+00,0.000000000000000000e+00,0.000000000000000000e+00,0.000000000000000000e+00,0.000000000000000000e+00,7.322506047785282135e-03,5.819192621856927872e-03,7.992978207767009735e-03,2.227641455829143524e-02,8.507176302373409271e-03,1.536519033834338188e-03,0.000000000000000000e+00,0.000000000000000000e+00,0.000000000000000000e+00,0.000000000000000000e+00,0.000000000000000000e+00,0.000000000000000000e+00,0.000000000000000000e+00,0.000000000000000000e+00,0.000000000000000000e+00,0.000000000000000000e+00,0.000000000000000000e+00,0.000000000000000000e+00,0.000000000000000000e+00,0.000000000000000000e+00,0.000000000000000000e+00,0.000000000000000000e+00,1.856774277985095978e-02,7.015329599380493164e-02,9.268385171890258789e-02,1.435512602329254150e-01,1.718221008777618408e-01,1.621028184890747070e-01,1.092799007892608643e-01,1.289497911930084229e-01,3.241484463214874268e-01,2.270021885633468628e-01,1.174919828772544861e-01,6.228165701031684875e-02,5.951513722538948059e-02,2.880518697202205658e-02,4.874516278505325317e-03,0.000000000000000000e+00,0.000000000000000000e+00,0.000000000000000000e+00,0.000000000000000000e+00,0.000000000000000000e+00,0.000000000000000000e+00,0.000000000000000000e+00,0.000000000000000000e+00,0.000000000000000000e+00,0.000000000000000000e+00,0.000000000000000000e+00,0.000000000000000000e+00,0.000000000000000000e+00,0.000000000000000000e+00,0.000000000000000000e+00,0.000000000000000000e+00,0.000000000000000000e+00,0.000000000000000000e+00,0.000000000000000000e+00,0.000000000000000000e+00,0.000000000000000000e+00,0.000000000000000000e+00,0.000000000000000000e+00,5.300660268403589725e-04,3.635040018707513809e-03,4.028697311878204346e-02,8.993659913539886475e-02,1.192590817809104919e-01,1.525557488203048706e-01,1.551423817873001099e-01,1.377134621143341064e-01,8.351506292819976807e-02,7.117715477943420410e-02,6.812258064746856689e-02,7.676432281732559204e-02,6.849410384893417358e-02,7.457552105188369751e-02,8.290201425552368164e-02,9.219136089086532593e-02,8.849430829286575317e-02,8.023769408464431763e-02
5.382180809974670410e-01,5.436359643936157227e-01,5.082575082778930664e-01,4.296588897705078125e-01,4.705491662025451660e-01,6.510910391807556152e-01,5.905676484107971191e-01,6.357037425041198730e-01,6.784855127334594727e-01,6.826636791229248047e-01,5.995812416076660156e-01,1.723225951194763184e+00,7.581985592842102051e-01,7.472398877143859863e-01,8.218184709548950195e-01,6.026899814605712891e-01,6.608541607856750488e-01,6.559686064720153809e-01,1.204401850700378418e+00,5.971348881721496582e-01,5.816106200218200684e-01,4.802908003330230713e-01,3.635906875133514404e-01,4.145160615444183350e-01,4.063716530799865723e-01,2.914967834949493408e-01,3.043569326400756836e-01,4.800048768520355225e-01,5.001920461654663086e-01,5.227655172348022461e-01,5.122351646423339844e-01,7.436166405677795410e-01,6.712787747383117676e-01,6.234333515167236328e-01,6.734617352485656738e-01,7.626383304595947266e-01,8.007330894470214844e-01,1.051414489746093750e+00,1.170639634132385254e+00,1.214043021202087402e+00,1.479891180992126465e+00,1.428557872772216797e+00,1.301241636276245117e+00,1.220074653625488281e+00,8.364740610122680664e-01,8.573913574218750000e-01,7.275361418724060059e-01,7.189661264419555664e-01,7.367819547653198242e-01,6.682273149490356445e-01,4.977449476718902588e-01,2.534539401531219482e-01,2.196936160326004028e-01,1.576893627643585205e-01,5.242477729916572571e-02,4.160953685641288757e-02,4.882593173533678055e-03,0.000000000000000000e+00,0.000000000000000000e+00,0.000000000000000000e+00,0.000000000000000000e+00,0.000000000000000000e+00,0.000000000000000000e+00,0.000000000000000000e+00,0.000000000000000000e+00,0.000000000000000000e+00,0.000000000000000000e+00,0.000000000000000000e+00,0.000000000000000000e+00,0.000000000000000000e+00,0.000000000000000000e+00,0.000000000000000000e+00,0.000000000000000000e+00,0.000000000000000000e+00,0.000000000000000000e+00,0.000000000000000000e+00,0.000000000000000000e+00,0.000000000000000000e+00,0.000000000000000000e+00,0.000000000000000000e+00,0.000000000000000000e+00,0.000000000000000000e+00,0.000000000000000000e+00,0.000000000000000000e+00,0.000000000000000000e+00,0.000000000000000000e+00,0.000000000000000000e+00,0.000000000000000000e+00,0.000000000000000000e+00,0.000000000000000000e+00,0.000000000000000000e+00,0.000000000000000000e+00,0.000000000000000000e+00,0.000000000000000000e+00,0.000000000000000000e+00,0.000000000000000000e+00,0.000000000000000000e+00,0.000000000000000000e+00,0.000000000000000000e+00,0.000000000000000000e+00,0.000000000000000000e+00,0.000000000000000000e+00,0.000000000000000000e+00,0.000000000000000000e+00,0.000000000000000000e+00,0.000000000000000000e+00,0.000000000000000000e+00,0.000000000000000000e+00,0.000000000000000000e+00,0.000000000000000000e+00,0.000000000000000000e+00,0.000000000000000000e+00,0.000000000000000000e+00,0.000000000000000000e+00,0.000000000000000000e+00,0.000000000000000000e+00,0.000000000000000000e+00,0.000000000000000000e+00,0.000000000000000000e+00,0.000000000000000000e+00,0.000000000000000000e+00,0.000000000000000000e+00,0.000000000000000000e+00,0.000000000000000000e+00,0.000000000000000000e+00,0.000000000000000000e+00,0.000000000000000000e+00,0.000000000000000000e+00,0.000000000000000000e+00,0.000000000000000000e+00,0.000000000000000000e+00,0.000000000000000000e+00,0.000000000000000000e+00,0.000000000000000000e+00,0.000000000000000000e+00,0.000000000000000000e+00,0.000000000000000000e+00,0.000000000000000000e+00,0.000000000000000000e+00,0.000000000000000000e+00,0.000000000000000000e+00,0.000000000000000000e+00,0.000000000000000000e+00,0.000000000000000000e+00,0.000000000000000000e+00,0.000000000000000000e+00,0.000000000000000000e+00,0.000000000000000000e+00,0.000000000000000000e+00,0.000000000000000000e+00,0.000000000000000000e+00,0.000000000000000000e+00,0.000000000000000000e+00,0.000000000000000000e+00,0.000000000000000000e+00,0.000000000000000000e+00,0.000000000000000000e+00,6.968160625547170639e-03,6.693812087178230286e-03,8.380536921322345734e-03,7.827912457287311554e-03,1.137265469878911972e-02,1.083363196812570095e-03,0.000000000000000000e+00,0.000000000000000000e+00,0.000000000000000000e+00,0.000000000000000000e+00,0.000000000000000000e+00,0.000000000000000000e+00,0.000000000000000000e+00,0.000000000000000000e+00,0.000000000000000000e+00,0.000000000000000000e+00,0.000000000000000000e+00,0.000000000000000000e+00,0.000000000000000000e+00,0.000000000000000000e+00,0.000000000000000000e+00,3.335417713969945908e-04,1.558629050850868225e-02,3.916274383664131165e-02,5.388727784156799316e-02,7.655546069145202637e-02,1.218812689185142517e-01,1.279385387897491455e-01,1.309632360935211182e-01,1.597298234701156616e-01,1.907745897769927979e-01,2.798608541488647461e-01,1.927403211593627930e-01,1.314854174852371216e-01,5.907180160284042358e-02,5.838358774781227112e-02,2.448097057640552521e-02,0.000000000000000000e+00,0.000000000000000000e+00,0.000000000000000000e+00,0.000000000000000000e+00,0.000000000000000000e+00,0.000000000000000000e+00,0.000000000000000000e+00,0.000000000000000000e+00,0.000000000000000000e+00,0.000000000000000000e+00,0.000000000000000000e+00,0.000000000000000000e+00,0.000000000000000000e+00,0.000000000000000000e+00,0.000000000000000000e+00,0.000000000000000000e+00,0.000000000000000000e+00,0.000000000000000000e+00,0.000000000000000000e+00,0.000000000000000000e+00,1.655542990192770958e-03,2.134670736268162727e-03,0.000000000000000000e+00,0.000000000000000000e+00,4.683170467615127563e-03,1.411544065922498703e-02,4.012874141335487366e-02,5.836748704314231873e-02,1.060627847909927368e-01,1.559301018714904785e-01,1.502926796674728394e-01,1.434562802314758301e-01,9.092368185520172119e-02,7.430254667997360229e-02,7.778654992580413818e-02,7.079571485519409180e-02,6.661576032638549805e-02,7.298164069652557373e-02,6.413152813911437988e-02,6.685038655996322632e-02,6.998427957296371460e-02,8.420576900243759155e-02
2.253875434398651123e-01,1.762192100286483765e-01,2.648542821407318115e-01,3.806790113449096680e-01,4.442313313484191895e-01,6.611407399177551270e-01,5.983881950378417969e-01,6.105101704597473145e-01,7.074851989746093750e-01,7.970293164253234863e-01,7.406192421913146973e-01,1.008517384529113770e+00,9.495460391044616699e-01,9.261632561683654785e-01,1.018902420997619629e+00,8.107731342315673828e-01,9.159227013587951660e-01,9.298198819160461426e-01,7.432329058647155762e-01,5.772083997726440430e-01,5.007236599922180176e-01,4.726155996322631836e-01,4.168057441711425781e-01,4.838062226772308350e-01,3.159789741039276123e-01,2.452849149703979492e-01,1.967474222183227539e-01,2.934186756610870361e-01,2.992385625839233398e-01,3.344253897666931152e-01,3.806783854961395264e-01,5.801903605461120605e-01,4.890384674072265625e-01,5.272432565689086914e-01,7.160480618476867676e-01,6.446920037269592285e-01,6.316866874694824219e-01,6.378769874572753906e-01,7.100389003753662109e-01,8.577234745025634766e-01,1.279735326766967773e+00,1.237139344215393066e+00,1.147173166275024414e+00,1.155218243598937988e+00,9.149307012557983398e-01,8.622305393218994141e-01,8.448632359504699707e-01,7.834101915359497070e-01,7.745279073715209961e-01,5.401185154914855957e-01,4.604161083698272705e-01,4.731276035308837891e-01,4.698065519332885742e-01,1.620336472988128662e-01,4.303600266575813293e-02,5.226638913154602051e-02,0.000000000000000000e+00,0.000000000000000000e+00,0.000000000000000000e+00,0.000000000000000000e+00,0.000000000000000000e+00,0.000000000000000000e+00,0.000000000000000000e+00,0.000000000000000000e+00,0.000000000000000000e+00,0.000000000000000000e+00,0.000000000000000000e+00,0.000000000000000000e+00,0.000000000000000000e+00,0.000000000000000000e+00,0.000000000000000000e+00,0.000000000000000000e+00,0.000000000000000000e+00,0.000000000000000000e+00,0.000000000000000000e+00,0.000000000000000000e+00,0.000000000000000000e+00,0.000000000000000000e+00,0.000000000000000000e+00,0.000000000000000000e+00,0.000000000000000000e+00,0.000000000000000000e+00,0.000000000000000000e+00,0.000000000000000000e+00,0.000000000000000000e+00,0.000000000000000000e+00,0.000000000000000000e+00,0.000000000000000000e+00,0.000000000000000000e+00,0.000000000000000000e+00,0.000000000000000000e+00,0.000000000000000000e+00,0.000000000000000000e+00,0.000000000000000000e+00,0.000000000000000000e+00,0.000000000000000000e+00,0.000000000000000000e+00,0.000000000000000000e+00,0.000000000000000000e+00,0.000000000000000000e+00,0.000000000000000000e+00,0.000000000000000000e+00,0.000000000000000000e+00,0.000000000000000000e+00,0.000000000000000000e+00,0.000000000000000000e+00,0.000000000000000000e+00,0.000000000000000000e+00,0.000000000000000000e+00,0.000000000000000000e+00,0.000000000000000000e+00,0.000000000000000000e+00,0.000000000000000000e+00,0.000000000000000000e+00,0.000000000000000000e+00,0.000000000000000000e+00,0.000000000000000000e+00,0.000000000000000000e+00,0.000000000000000000e+00,0.000000000000000000e+00,0.000000000000000000e+00,0.000000000000000000e+00,0.000000000000000000e+00,0.000000000000000000e+00,0.000000000000000000e+00,0.000000000000000000e+00,0.000000000000000000e+00,0.000000000000000000e+00,0.000000000000000000e+00,0.000000000000000000e+00,0.000000000000000000e+00,0.000000000000000000e+00,0.000000000000000000e+00,0.000000000000000000e+00,0.000000000000000000e+00,0.000000000000000000e+00,0.000000000000000000e+00,0.000000000000000000e+00,0.000000000000000000e+00,0.000000000000000000e+00,0.000000000000000000e+00,0.000000000000000000e+00,0.000000000000000000e+00,0.000000000000000000e+00,0.000000000000000000e+00,0.000000000000000000e+00,0.000000000000000000e+00,0.000000000000000000e+00,0.000000000000000000e+00,0.000000000000000000e+00,0.000000000000000000e+00,0.000000000000000000e+00,0.000000000000000000e+00,0.000000000000000000e+00,0.000000000000000000e+00,0.000000000000000000e+00,0.000000000000000000e+00,3.313387976959347725e-03,1.592877879738807678e-02,7.539421319961547852e-03,4.589560907334089279e-03,5.061845760792493820e-03,0.000000000000000000e+00,0.000000000000000000e+00,0.000000000000000000e+00,0.000000000000000000e+00,0.000000000000000000e+00,0.000000000000000000e+00,0.000000000000000000e+00,0.000000000000000000e+00,0.000000000000000000e+00,0.000000000000000000e+00,0.000000000000000000e+00,0.000000000000000000e+00,0.000000000000000000e+00,0.000000000000000000e+00,0.000000000000000000e+00,8.055596612393856049e-03,1.379401423037052155e-02,8.053054101765155792e-03,3.905875235795974731e-02,3.843495622277259827e-02,6.030819565057754517e-02,1.042522117495536804e-01,1.255504786968231201e-01,1.142451316118240356e-01,1.742672920227050781e-01,2.154562175273895264e-01,3.005355298519134521e-01,1.614751070737838745e-01,1.356840431690216064e-01,8.196090906858444214e-02,5.232369527220726013e-02,4.321633651852607727e-02,0.000000000000000000e+00,0.000000000000000000e+00,0.000000000000000000e+00,0.000000000000000000e+00,0.000000000000000000e+00,0.000000000000000000e+00,0.000000000000000000e+00,0.000000000000000000e+00,0.000000000000000000e+00,0.000000000000000000e+00,0.000000000000000000e+00,0.000000000000000000e+00,0.000000000000000000e+00,0.000000000000000000e+00,0.000000000000000000e+00,0.000000000000000000e+00,0.000000000000000000e+00,0.000000000000000000e+00,0.000000000000000000e+00,0.000000000000000000e+00,1.328736264258623123e-02,1.308413688093423843e-02,9.365470148622989655e-03,1.637739315629005432e-02,5.289917811751365662e-02,4.606110230088233948e-02,4.970471933484077454e-02,4.427526146173477173e-02,9.945041686296463013e-02,1.587771773338317871e-01,1.535446643829345703e-01,1.523901224136352539e-01,1.006943136453628540e-01,8.344842493534088135e-02,8.107916265726089478e-02,6.616315245628356934e-02,5.592885985970497131e-02,5.558351054787635803e-02,4.872573912143707275e-02,5.008611083030700684e-02,6.899653375148773193e-02,5.817993730306625366e-02
2.826127409934997559e-01,1.781129091978073120e-01,2.871049940586090088e-01,3.835975229740142822e-01,3.820792734622955322e-01,5.621330142021179199e-01,5.825830698013305664e-01,6.405817270278930664e-01,7.116189002990722656e-01,8.361482024192810059e-01,8.121853470802307129e-01,1.033845305442810059e+00,9.851202368736267090e-01,9.405321478843688965e-01,1.005446672439575195e+00,8.416690230369567871e-01,9.043945670127868652e-01,9.413409233093261719e-01,8.814494609832763672e-01,7.650814056396484375e-01,7.351501584053039551e-01,5.552985072135925293e-01,3.254639506340026855e-01,3.619074821472167969e-01,2.448239922523498535e-01,2.765712440013885498e-01,2.368495911359786987e-01,3.787384629249572754e-01,2.993557155132293701e-01,3.295049071311950684e-01,3.442709147930145264e-01,5.223193764686584473e-01,5.469042062759399414e-01,5.428017973899841309e-01,6.967210769653320312e-01,6.382195353507995605e-01,6.570870876312255859e-01,7.163457274436950684e-01,6.893883943557739258e-01,7.973462343215942383e-01,1.241484642028808594e+00,1.188739418983459473e+00,1.191787481307983398e+00,1.094234108924865723e+00,8.860456943511962891e-01,8.939946293830871582e-01,7.921113371849060059e-01,8.070809245109558105e-01,8.118655681610107422e-01,5.632906556129455566e-01,4.989473223686218262e-01,5.038663148880004883e-01,4.686613678932189941e-01,1.884186863899230957e-01,9.890811145305633545e-02,7.340245693922042847e-02,3.337253117933869362e-03,0.000000000000000000e+00,4.046233370900154114e-03,0.000000000000000000e+00,0.000000000000000000e+00,0.000000000000000000e+00,0.000000000000000000e+00,0.000000000000000000e+00,0.000000000000000000e+00,0.000000000000000000e+00,0.000000000000000000e+00,0.000000000000000000e+00,0.000000000000000000e+00,0.000000000000000000e+00,0.000000000000000000e+00,0.000000000000000000e+00,0.000000000000000000e+00,0.000000000000000000e+00,0.000000000000000000e+00,0.000000000000000000e+00,0.000000000000000000e+00,0.000000000000000000e+00,0.000000000000000000e+00,0.000000000000000000e+00,0.000000000000000000e+00,0.000000000000000000e+00,0.000000000000000000e+00,0.000000000000000000e+00,0.000000000000000000e+00,0.000000000000000000e+00,0.000000000000000000e+00,0.000000000000000000e+00,0.000000000000000000e+00,0.000000000000000000e+00,0.000000000000000000e+00,0.000000000000000000e+00,0.000000000000000000e+00,0.000000000000000000e+00,0.000000000000000000e+00,0.000000000000000000e+00,0.000000000000000000e+00,0.000000000000000000e+00,0.000000000000000000e+00,0.000000000000000000e+00,0.000000000000000000e+00,0.000000000000000000e+00,0.000000000000000000e+00,0.000000000000000000e+00,0.000000000000000000e+00,0.000000000000000000e+00,0.000000000000000000e+00,0.000000000000000000e+00,0.000000000000000000e+00,0.000000000000000000e+00,0.000000000000000000e+00,0.000000000000000000e+00,0.000000000000000000e+00,0.000000000000000000e+00,0.000000000000000000e+00,0.000000000000000000e+00,0.000000000000000000e+00,0.000000000000000000e+00,0.000000000000000000e+00,0.000000000000000000e+00,0.000000000000000000e+00,0.000000000000000000e+00,0.000000000000000000e+00,0.000000000000000000e+00,0.000000000000000000e+00,0.000000000000000000e+00,0.000000000000000000e+00,0.000000000000000000e+00,0.000000000000000000e+00,0.000000000000000000e+00,0.000000000000000000e+00,0.000000000000000000e+00,0.000000000000000000e+00,0.000000000000000000e+00,0.000000000000000000e+00,0.000000000000000000e+00,0.000000000000000000e+00,0.000000000000000000e+00,0.000000000000000000e+00,0.000000000000000000e+00,0.000000000000000000e+00,0.000000000000000000e+00,0.000000000000000000e+00,0.000000000000000000e+00,0.000000000000000000e+00,0.000000000000000000e+00,0.000000000000000000e+00,0.000000000000000000e+00,0.000000000000000000e+00,0.000000000000000000e+00,0.000000000000000000e+00,0.000000000000000000e+00,0.000000000000000000e+00,0.000000000000000000e+00,0.000000000000000000e+00,0.000000000000000000e+00,1.818116568028926849e-02,2.118860185146331787e-02,9.332078509032726288e-03,3.550276625901460648e-03,6.298366002738475800e-03,0.000000000000000000e+00,0.000000000000000000e+00,0.000000000000000000e+00,0.000000000000000000e+00,0.000000000000000000e+00,0.000000000000000000e+00,0.000000000000000000e+00,0.000000000000000000e+00,0.000000000000000000e+00,0.000000000000000000e+00,0.000000000000000000e+00,0.000000000000000000e+00,0.000000000000000000e+00,0.000000000000000000e+00,2.163639292120933533e-02,1.711294427514076233e-02,5.087218061089515686e-02,5.145746469497680664e-02,4.212004318833351135e-02,3.975724428892135620e-02,2.586791105568408966e-02,4.032359644770622253e-02,7.738510519266128540e-02,6.021182984113693237e-02,1.645230203866958618e-01,1.904519647359848022e-01,2.213516235351562500e-01,1.683592349290847778e-01,1.036825552582740784e-01,9.695015102624893188e-02,6.097399070858955383e-02,2.526464872062206268e-02,1.505011040717363358e-02,0.000000000000000000e+00,0.000000000000000000e+00,0.000000000000000000e+00,0.000000000000000000e+00,0.000000000000000000e+00,0.000000000000000000e+00,0.000000000000000000e+00,0.000000000000000000e+00,0.000000000000000000e+00,0.000000000000000000e+00,0.000000000000000000e+00,0.000000000000000000e+00,0.000000000000000000e+00,0.000000000000000000e+00,0.000000000000000000e+00,0.000000000000000000e+00,0.000000000000000000e+00,0.000000000000000000e+00,0.000000000000000000e+00,0.000000000000000000e+00,8.964805863797664642e-03,5.133434385061264038e-02,5.309244245290756226e-02,4.349800199270248413e-02,6.900790333747863770e-02,4.457887262105941772e-02,3.703797236084938049e-02,7.102136313915252686e-02,1.315717548131942749e-01,1.518432199954986572e-01,1.497214287519454956e-01,1.522580087184906006e-01,1.190925389528274536e-01,1.039405986666679382e-01,8.683212101459503174e-02,3.646064549684524536e-02,4.786119610071182251e-02,5.341224372386932373e-02,2.552669309079647064e-02,4.347463697195053101e-02,7.110480219125747681e-02,6.725931912660598755e-02
1.926340460777282715e-01,1.633604019880294800e-01,1.633078008890151978e-01,2.331193685531616211e-01,2.383155822753906250e-01,4.508496522903442383e-01,6.806479096412658691e-01,6.925337910652160645e-01,7.970336079597473145e-01,8.189014196395874023e-01,7.802665829658508301e-01,1.057125687599182129e+00,1.188321828842163086e+00,1.151221156120300293e+00,1.210932016372680664e+00,1.028709173202514648e+00,1.064072012901306152e+00,1.041468977928161621e+00,8.162879347801208496e-01,7.731209397315979004e-01,7.214213013648986816e-01,4.113679826259613037e-01,3.020714521408081055e-01,2.969952225685119629e-01,2.129639536142349243e-01,2.150834947824478149e-01,2.360924482345581055e-01,3.048285245895385742e-01,2.486506700515747070e-01,2.803528606891632080e-01,3.432818353176116943e-01,5.251196026802062988e-01,5.288282632827758789e-01,6.704710125923156738e-01,7.847763895988464355e-01,6.874313950538635254e-01,6.937742829322814941e-01,7.561465501785278320e-01,6.549690365791320801e-01,7.203832268714904785e-01,1.072468638420104980e+00,1.068868398666381836e+00,1.042407274246215820e+00,1.126475214958190918e+00,9.505712985992431641e-01,8.762515187263488770e-01,7.656668424606323242e-01,7.173922061920166016e-01,7.142732739448547363e-01,5.562764406204223633e-01,4.881605505943298340e-01,4.829751551151275635e-01,4.667892754077911377e-01,1.749758571386337280e-01,1.411291360855102539e-01,1.170761138200759888e-01,4.440482333302497864e-02,2.516183070838451385e-03,0.000000000000000000e+00,0.000000000000000000e+00,0.000000000000000000e+00,0.000000000000000000e+00,0.000000000000000000e+00,0.000000000000000000e+00,0.000000000000000000e+00,0.000000000000000000e+00,0.000000000000000000e+00,0.000000000000000000e+00,0.000000000000000000e+00,0.000000000000000000e+00,0.000000000000000000e+00,0.000000000000000000e+00,0.000000000000000000e+00,0.000000000000000000e+00,0.000000000000000000e+00,0.000000000000000000e+00,0.000000000000000000e+00,0.000000000000000000e+00,0.000000000000000000e+00,0.000000000000000000e+00,0.000000000000000000e+00,0.000000000000000000e+00,0.000000000000000000e+00,0.000000000000000000e+00,0.000000000000000000e+00,0.000000000000000000e+00,0.000000000000000000e+00,0.000000000000000000e+00,0.000000000000000000e+00,0.000000000000000000e+00,0.000000000000000000e+00,0.000000000000000000e+00,0.000000000000000000e+00,0.000000000000000000e+00,0.000000000000000000e+00,0.000000000000000000e+00,0.000000000000000000e+00,0.000000000000000000e+00,0.000000000000000000e+00,0.000000000000000000e+00,0.000000000000000000e+00,0.000000000000000000e+00,0.000000000000000000e+00,0.000000000000000000e+00,0.000000000000000000e+00,0.000000000000000000e+00,0.000000000000000000e+00,0.000000000000000000e+00,0.000000000000000000e+00,0.000000000000000000e+00,0.000000000000000000e+00,0.000000000000000000e+00,0.000000000000000000e+00,0.000000000000000000e+00,0.000000000000000000e+00,0.000000000000000000e+00,0.000000000000000000e+00,0.000000000000000000e+00,0.000000000000000000e+00,0.000000000000000000e+00,0.000000000000000000e+00,0.000000000000000000e+00,0.000000000000000000e+00,0.000000000000000000e+00,0.000000000000000000e+00,0.000000000000000000e+00,0.000000000000000000e+00,0.000000000000000000e+00,0.000000000000000000e+00,0.000000000000000000e+00,0.000000000000000000e+00,0.000000000000000000e+00,0.000000000000000000e+00,0.000000000000000000e+00,0.000000000000000000e+00,0.000000000000000000e+00,0.000000000000000000e+00,0.000000000000000000e+00,0.000000000000000000e+00,0.000000000000000000e+00,0.000000000000000000e+00,0.000000000000000000e+00,0.000000000000000000e+00,0.000000000000000000e+00,0.000000000000000000e+00,0.000000000000000000e+00,0.000000000000000000e+00,0.000000000000000000e+00,0.000000000000000000e+00,0.000000000000000000e+00,0.000000000000000000e+00,0.000000000000000000e+00,0.000000000000000000e+00,0.000000000000000000e+00,0.000000000000000000e+00,4.003957379609346390e-03,8.924392051994800568e-03,1.524027623236179352e-02,3.643483854830265045e-03,3.194316290318965912e-03,2.490863844286650419e-04,0.000000000000000000e+00,0.000000000000000000e+00,0.000000000000000000e+00,0.000000000000000000e+00,0.000000000000000000e+00,0.000000000000000000e+00,0.000000000000000000e+00,0.000000000000000000e+00,0.000000000000000000e+00,0.000000000000000000e+00,0.000000000000000000e+00,1.114299707114696503e-02,3.910064697265625000e-02,4.307790100574493408e-02,4.662428423762321472e-02,4.299903288483619690e-02,6.112151965498924255e-02,5.037994310259819031e-02,3.734068199992179871e-02,2.726329863071441650e-02,2.018760330975055695e-02,2.900822833180427551e-02,9.806740097701549530e-03,3.863290697336196899e-02,3.131144940853118896e-01,1.548641771078109741e-01,1.050540357828140259e-01,1.143911182880401611e-01,7.936130464076995850e-02,6.164452061057090759e-02,5.434150621294975281e-02,3.013941273093223572e-02,1.876876503229141235e-02,0.000000000000000000e+00,0.000000000000000000e+00,0.000000000000000000e+00,0.000000000000000000e+00,0.000000000000000000e+00,0.000000000000000000e+00,0.000000000000000000e+00,0.000000000000000000e+00,0.000000000000000000e+00,0.000000000000000000e+00,0.000000000000000000e+00,0.000000000000000000e+00,0.000000000000000000e+00,0.000000000000000000e+00,0.000000000000000000e+00,0.000000000000000000e+00,0.000000000000000000e+00,0.000000000000000000e+00,0.000000000000000000e+00,0.000000000000000000e+00,9.907508501783013344e-05,4.819322749972343445e-02,4.032392054796218872e-02,4.514208436012268066e-02,5.857545882463455200e-02,5.315177515149116516e-02,3.002117574214935303e-02,9.737922996282577515e-02,1.284914314746856689e-01,1.434999853372573853e-01,1.456116884946823120e-01,1.476089358329772949e-01,1.334247291088104248e-01,1.082271412014961243e-01,5.536955967545509338e-02,7.905012927949428558e-03,2.986815385520458221e-02,5.265545099973678589e-02,2.636351063847541809e-02,4.419685527682304382e-02,8.984816074371337891e-02,1.086391881108283997e-01
1.334810853004455566e-01,1.271523386240005493e-01,1.221742555499076843e-01,1.723373234272003174e-01,2.311633676290512085e-01,4.555601477622985840e-01,6.622228622436523438e-01,7.438306212425231934e-01,8.133488297462463379e-01,8.543410897254943848e-01,7.869724631309509277e-01,1.032057166099548340e+00,1.104476690292358398e+00,1.035954594612121582e+00,1.090026021003723145e+00,8.646642565727233887e-01,9.064217209815979004e-01,8.932176828384399414e-01,6.947762370109558105e-01,7.406902313232421875e-01,7.303214073181152344e-01,4.741380810737609863e-01,3.375278413295745850e-01,3.717551529407501221e-01,2.005279660224914551e-01,1.889140158891677856e-01,2.057119905948638916e-01,3.137355446815490723e-01,3.042730093002319336e-01,2.689386904239654541e-01,3.136658668518066406e-01,4.260803461074829102e-01,4.715135395526885986e-01,6.088953018188476562e-01,7.176221609115600586e-01,6.817438006401062012e-01,6.739881634712219238e-01,6.801552176475524902e-01,7.355115413665771484e-01,8.259382247924804688e-01,1.136409640312194824e+00,1.090440630912780762e+00,1.009491086006164551e+00,1.072478175163269043e+00,9.107332229614257812e-01,9.296257495880126953e-01,7.821179032325744629e-01,7.224370837211608887e-01,6.707643270492553711e-01,4.843580126762390137e-01,4.432053565979003906e-01,4.599795639514923096e-01,3.886595070362091064e-01,1.051419600844383240e-01,4.848120734095573425e-02,7.224251329898834229e-02,9.177930653095245361e-03,0.000000000000000000e+00,0.000000000000000000e+00,0.000000000000000000e+00,0.000000000000000000e+00,0.000000000000000000e+00,0.000000000000000000e+00,0.000000000000000000e+00,0.000000000000000000e+00,0.000000000000000000e+00,0.000000000000000000e+00,0.000000000000000000e+00,0.000000000000000000e+00,0.000000000000000000e+00,0.000000000000000000e+00,0.000000000000000000e+00,0.000000000000000000e+00,0.000000000000000000e+00,0.000000000000000000e+00,0.000000000000000000e+00,0.000000000000000000e+00,0.000000000000000000e+00,0.000000000000000000e+00,0.000000000000000000e+00,0.000000000000000000e+00,0.000000000000000000e+00,0.000000000000000000e+00,0.000000000000000000e+00,0.000000000000000000e+00,0.000000000000000000e+00,0.000000000000000000e+00,0.000000000000000000e+00,0.000000000000000000e+00,0.000000000000000000e+00,0.000000000000000000e+00,0.000000000000000000e+00,0.000000000000000000e+00,0.000000000000000000e+00,0.000000000000000000e+00,0.000000000000000000e+00,0.000000000000000000e+00,0.000000000000000000e+00,0.000000000000000000e+00,0.000000000000000000e+00,0.000000000000000000e+00,0.000000000000000000e+00,0.000000000000000000e+00,0.000000000000000000e+00,0.000000000000000000e+00,0.000000000000000000e+00,0.000000000000000000e+00,0.000000000000000000e+00,0.000000000000000000e+00,0.000000000000000000e+00,0.000000000000000000e+00,0.000000000000000000e+00,0.000000000000000000e+00,0.000000000000000000e+00,0.000000000000000000e+00,0.000000000000000000e+00,0.000000000000000000e+00,0.000000000000000000e+00,0.000000000000000000e+00,0.000000000000000000e+00,0.000000000000000000e+00,0.000000000000000000e+00,0.000000000000000000e+00,0.000000000000000000e+00,0.000000000000000000e+00,0.000000000000000000e+00,0.000000000000000000e+00,0.000000000000000000e+00,0.000000000000000000e+00,0.000000000000000000e+00,0.000000000000000000e+00,0.000000000000000000e+00,0.000000000000000000e+00,0.000000000000000000e+00,0.000000000000000000e+00,0.000000000000000000e+00,0.000000000000000000e+00,0.000000000000000000e+00,0.000000000000000000e+00,0.000000000000000000e+00,0.000000000000000000e+00,0.000000000000000000e+00,0.000000000000000000e+00,0.000000000000000000e+00,0.000000000000000000e+00,0.000000000000000000e+00,0.000000000000000000e+00,0.000000000000000000e+00,0.000000000000000000e+00,0.000000000000000000e+00,0.000000000000000000e+00,0.000000000000000000e+00,0.000000000000000000e+00,2.722796925809234381e-04,0.000000000000000000e+00,5.663067568093538284e-03,1.773274876177310944e-02,1.632014103233814240e-02,7.319380063563585281e-03,1.185533823445439339e-03,0.000000000000000000e+00,0.000000000000000000e+00,0.000000000000000000e+00,0.000000000000000000e+00,0.000000000000000000e+00,0.000000000000000000e+00,0.000000000000000000e+00,0.000000000000000000e+00,0.000000000000000000e+00,0.000000000000000000e+00,0.000000000000000000e+00,1.386101124808192253e-03,8.243337273597717285e-03,5.205041170120239258e-02,3.109209239482879639e-02,8.249958977103233337e-03,8.274494321085512638e-04,5.291101522743701935e-03,4.873651266098022461e-02,5.201238021254539490e-02,4.098353534936904907e-02,2.412097528576850891e-02,1.909297332167625427e-02,1.484677940607070923e-02,3.472498059272766113e-02,3.611932098865509033e-01,1.353839486837387085e-01,9.572830051183700562e-02,6.962607055902481079e-02,3.796691820025444031e-02,2.379922568798065186e-02,2.769302390515804291e-02,1.368077006191015244e-02,1.084450050257146358e-03,0.000000000000000000e+00,0.000000000000000000e+00,0.000000000000000000e+00,0.000000000000000000e+00,0.000000000000000000e+00,0.000000000000000000e+00,0.000000000000000000e+00,0.000000000000000000e+00,0.000000000000000000e+00,0.000000000000000000e+00,0.000000000000000000e+00,0.000000000000000000e+00,0.000000000000000000e+00,0.000000000000000000e+00,0.000000000000000000e+00,0.000000000000000000e+00,0.000000000000000000e+00,0.000000000000000000e+00,0.000000000000000000e+00,0.000000000000000000e+00,0.000000000000000000e+00,2.666158834472298622e-04,3.135485807433724403e-03,1.373751275241374969e-02,4.516021534800529480e-02,3.712766245007514954e-02,3.153602778911590576e-02,9.272309392690658569e-02,1.132338270545005798e-01,1.301077902317047119e-01,1.247271001338958740e-01,1.329036355018615723e-01,1.048399433493614197e-01,7.827952504158020020e-02,3.891297802329063416e-02,4.479108843952417374e-03,8.150349371135234833e-03,5.773160606622695923e-02,3.506015241146087646e-02,5.690076947212219238e-02,1.054698750376701355e-01,1.155035346746444702e-01
1.456823013722896576e-02,9.528112411499023438e-02,7.081601768732070923e-02,2.378276139497756958e-01,2.793566584587097168e-01,6.070934534072875977e-01,8.304578661918640137e-01,8.602736592292785645e-01,8.702707886695861816e-01,8.846453428268432617e-01,8.295663595199584961e-01,1.080620408058166504e+00,1.219304800033569336e+00,1.192479133605957031e+00,1.037894964218139648e+00,8.843147158622741699e-01,9.436073303222656250e-01,7.896112203598022461e-01,6.458796858787536621e-01,6.729800701141357422e-01,6.028196215629577637e-01,4.510277211666107178e-01,1.949009597301483154e-01,2.959142625331878662e-01,2.208186537027359009e-01,1.529450565576553345e-01,1.744534522294998169e-01,2.530726194381713867e-01,2.827832102775573730e-01,2.653171420097351074e-01,4.495776593685150146e-01,3.762015998363494873e-01,4.109816849231719971e-01,5.536319613456726074e-01,4.814902842044830322e-01,4.724382758140563965e-01,4.189159572124481201e-01,4.100974798202514648e-01,5.054221153259277344e-01,6.817327141761779785e-01,9.866653084754943848e-01,8.536383509635925293e-01,8.069580793380737305e-01,9.119120836257934570e-01,7.514637708663940430e-01,7.903090119361877441e-01,7.623264789581298828e-01,6.796793937683105469e-01,6.431602239608764648e-01,4.841426908969879150e-01,3.746442794799804688e-01,3.629425168037414551e-01,3.064090013504028320e-01,1.721798032522201538e-01,8.356685191392898560e-02,1.075787320733070374e-01,5.780817940831184387e-02,3.055768785998225212e-03,2.113804221153259277e-03,0.000000000000000000e+00,0.000000000000000000e+00,0.000000000000000000e+00,0.000000000000000000e+00,0.000000000000000000e+00,0.000000000000000000e+00,0.000000000000000000e+00,0.000000000000000000e+00,0.000000000000000000e+00,0.000000000000000000e+00,0.000000000000000000e+00,0.000000000000000000e+00,0.000000000000000000e+00,0.000000000000000000e+00,0.000000000000000000e+00,0.000000000000000000e+00,0.000000000000000000e+00,0.000000000000000000e+00,0.000000000000000000e+00,0.000000000000000000e+00,0.000000000000000000e+00,0.000000000000000000e+00,0.000000000000000000e+00,0.000000000000000000e+00,0.000000000000000000e+00,0.000000000000000000e+00,0.000000000000000000e+00,0.000000000000000000e+00,0.000000000000000000e+00,0.000000000000000000e+00,0.000000000000000000e+00,0.000000000000000000e+00,0.000000000000000000e+00,0.000000000000000000e+00,0.000000000000000000e+00,0.000000000000000000e+00,0.000000000000000000e+00,0.000000000000000000e+00,0.000000000000000000e+00,0.000000000000000000e+00,0.000000000000000000e+00,0.000000000000000000e+00,0.000000000000000000e+00,0.000000000000000000e+00,0.000000000000000000e+00,0.000000000000000000e+00,0.000000000000000000e+00,0.000000000000000000e+00,0.000000000000000000e+00,0.000000000000000000e+00,0.000000000000000000e+00,0.000000000000000000e+00,0.000000000000000000e+00,0.000000000000000000e+00,0.000000000000000000e+00,0.000000000000000000e+00,0.000000000000000000e+00,0.000000000000000000e+00,0.000000000000000000e+00,0.000000000000000000e+00,0.000000000000000000e+00,0.000000000000000000e+00,0.000000000000000000e+00,0.000000000000000000e+00,0.000000000000000000e+00,0.000000000000000000e+00,0.000000000000000000e+00,0.000000000000000000e+00,0.000000000000000000e+00,0.000000000000000000e+00,0.000000000000000000e+00,0.000000000000000000e+00,0.000000000000000000e+00,0.000000000000000000e+00,0.000000000000000000e+00,0.000000000000000000e+00,0.000000000000000000e+00,0.000000000000000000e+00,0.000000000000000000e+00,0.000000000000000000e+00,0.000000000000000000e+00,0.000000000000000000e+00,0.000000000000000000e+00,0.000000000000000000e+00,0.000000000000000000e+00,0.000000000000000000e+00,0.000000000000000000e+00,0.000000000000000000e+00,0.000000000000000000e+00,0.000000000000000000e+00,0.000000000000000000e+00,0.000000000000000000e+00,0.000000000000000000e+00,0.000000000000000000e+00,0.000000000000000000e+00,8.138916455209255219e-03,3.263333067297935486e-02,2.965012751519680023e-02,9.863929823040962219e-03,1.006830297410488129e-02,0.000000000000000000e+00,0.000000000000000000e+00,0.000000000000000000e+00,0.000000000000000000e+00,0.000000000000000000e+00,0.000000000000000000e+00,0.000000000000000000e+00,0.000000000000000000e+00,0.000000000000000000e+00,0.000000000000000000e+00,0.000000000000000000e+00,0.000000000000000000e+00,0.000000000000000000e+00,0.000000000000000000e+00,4.966633394360542297e-03,4.808286670595407486e-03,4.460024938452988863e-04,0.000000000000000000e+00,0.000000000000000000e+00,1.623854041099548340e-02,2.745210006833076477e-02,3.065367974340915680e-02,6.746184080839157104e-02,3.273157170042395592e-03,1.782237738370895386e-02,2.092403769493103027e-01,3.444806337356567383e-01,1.954016387462615967e-01,1.575365066528320312e-01,8.965567499399185181e-02,1.959805749356746674e-02,1.663709618151187897e-02,7.036582566797733307e-03,0.000000000000000000e+00,0.000000000000000000e+00,0.000000000000000000e+00,0.000000000000000000e+00,0.000000000000000000e+00,0.000000000000000000e+00,0.000000000000000000e+00,0.000000000000000000e+00,0.000000000000000000e+00,0.000000000000000000e+00,0.000000000000000000e+00,0.000000000000000000e+00,0.000000000000000000e+00,0.000000000000000000e+00,0.000000000000000000e+00,0.000000000000000000e+00,0.000000000000000000e+00,0.000000000000000000e+00,0.000000000000000000e+00,0.000000000000000000e+00,0.000000000000000000e+00,0.000000000000000000e+00,0.000000000000000000e+00,0.000000000000000000e+00,0.000000000000000000e+00,0.000000000000000000e+00,0.000000000000000000e+00,1.252831891179084778e-02,2.158484794199466705e-02,6.678780168294906616e-02,9.537036716938018799e-02,1.092133373022079468e-01,1.058215424418449402e-01,1.124996542930603027e-01,6.661282479763031006e-02,3.204544633626937866e-02,1.976531930267810822e-02,4.503016825765371323e-03,2.385188359767198563e-03,4.452629387378692627e-02,5.168848484754562378e-02,6.874291598796844482e-02,1.070885509252548218e-01,1.128957644104957581e-01
0.000000000000000000e+00,1.098268758505582809e-02,5.787708610296249390e-02,1.867814809083938599e-01,1.984250992536544800e-01,5.369259715080261230e-01,6.705805063247680664e-01,6.943070888519287109e-01,7.940361499786376953e-01,9.527854919433593750e-01,9.252963066101074219e-01,1.202755928039550781e+00,1.331974506378173828e+00,1.301883101463317871e+00,1.138411641120910645e+00,9.440221786499023438e-01,9.534525871276855469e-01,8.936828970909118652e-01,7.562280893325805664e-01,5.737377405166625977e-01,7.005788683891296387e-01,5.957885384559631348e-01,4.606677293777465820e-01,4.905902147293090820e-01,3.044480383396148682e-01,2.174382209777832031e-01,2.345907092094421387e-01,2.055675089359283447e-01,2.600059509277343750e-01,2.960324287414550781e-01,3.788568675518035889e-01,3.538570106029510498e-01,3.323108553886413574e-01,3.396252989768981934e-01,2.478148043155670166e-01,1.499359458684921265e-01,1.077672988176345825e-01,1.411075145006179810e-01,3.088711500167846680e-01,4.520522356033325195e-01,9.210795760154724121e-01,7.390072345733642578e-01,6.786928176879882812e-01,7.454570531845092773e-01,6.491308808326721191e-01,6.530077457427978516e-01,5.557917356491088867e-01,5.074534416198730469e-01,5.035558938980102539e-01,4.356278479099273682e-01,2.963375151157379150e-01,2.393935918807983398e-01,2.019849121570587158e-01,6.344787031412124634e-02,1.174876168370246887e-01,1.390724629163742065e-01,1.096754968166351318e-01,1.565113663673400879e-02,0.000000000000000000e+00,0.000000000000000000e+00,0.000000000000000000e+00,0.000000000000000000e+00,0.000000000000000000e+00,0.000000000000000000e+00,0.000000000000000000e+00,0.000000000000000000e+00,0.000000000000000000e+00,0.000000000000000000e+00,0.000000000000000000e+00,0.000000000000000000e+00,0.000000000000000000e+00,0.000000000000000000e+00,0.000000000000000000e+00,0.000000000000000000e+00,0.000000000000000000e+00,0.000000000000000000e+00,0.000000000000000000e+00,0.000000000000000000e+00,0.000000000000000000e+00,0.000000000000000000e+00,0.000000000000000000e+00,0.000000000000000000e+00,0.000000000000000000e+00,0.000000000000000000e+00,0.000000000000000000e+00,0.000000000000000000e+00,0.000000000000000000e+00,0.000000000000000000e+00,0.000000000000000000e+00,0.000000000000000000e+00,0.000000000000000000e+00,0.000000000000000000e+00,0.000000000000000000e+00,0.000000000000000000e+00,0.000000000000000000e+00,0.000000000000000000e+00,0.000000000000000000e+00,0.000000000000000000e+00,0.000000000000000000e+00,0.000000000000000000e+00,0.000000000000000000e+00,0.000000000000000000e+00,0.000000000000000000e+00,0.000000000000000000e+00,0.000000000000000000e+00,0.000000000000000000e+00,0.000000000000000000e+00,0.000000000000000000e+00,0.000000000000000000e+00,0.000000000000000000e+00,0.000000000000000000e+00,0.000000000000000000e+00,0.000000000000000000e+00,0.000000000000000000e+00,0.000000000000000000e+00,0.000000000000000000e+00,0.000000000000000000e+00,0.000000000000000000e+00,0.000000000000000000e+00,0.000000000000000000e+00,0.000000000000000000e+00,0.000000000000000000e+00,0.000000000000000000e+00,0.000000000000000000e+00,0.000000000000000000e+00,0.000000000000000000e+00,0.000000000000000000e+00,0.000000000000000000e+00,0.000000000000000000e+00,0.000000000000000000e+00,0.000000000000000000e+00,0.000000000000000000e+00,0.000000000000000000e+00,0.000000000000000000e+00,0.000000000000000000e+00,0.000000000000000000e+00,0.000000000000000000e+00,0.000000000000000000e+00,0.000000000000000000e+00,0.000000000000000000e+00,0.000000000000000000e+00,0.000000000000000000e+00,0.000000000000000000e+00,0.000000000000000000e+00,0.000000000000000000e+00,0.000000000000000000e+00,0.000000000000000000e+00,0.000000000000000000e+00,0.000000000000000000e+00,0.000000000000000000e+00,0.000000000000000000e+00,0.000000000000000000e+00,0.000000000000000000e+00,0.000000000000000000e+00,0.000000000000000000e+00,2.376727061346173286e-03,8.647983893752098083e-03,3.204070264473557472e-03,3.176146419718861580e-03,0.000000000000000000e+00,0.000000000000000000e+00,0.000000000000000000e+00,0.000000000000000000e+00,0.000000000000000000e+00,0.000000000000000000e+00,0.000000000000000000e+00,0.000000000000000000e+00,0.000000000000000000e+00,0.000000000000000000e+00,0.000000000000000000e+00,0.000000000000000000e+00,0.000000000000000000e+00,0.000000000000000000e+00,0.000000000000000000e+00,8.614049293100833893e-03,2.991991303861141205e-02,0.000000000000000000e+00,1.266479957848787308e-04,1.170504931360483170e-02,3.383750095963478088e-02,9.077204018831253052e-02,1.031669601798057556e-01,2.778559923171997070e-03,9.949470311403274536e-02,3.418317139148712158e-01,2.928443253040313721e-01,1.934807896614074707e-01,1.242659091949462891e-01,5.824274569749832153e-02,8.381871506571769714e-03,4.982291720807552338e-04,5.941562121734023094e-04,0.000000000000000000e+00,0.000000000000000000e+00,0.000000000000000000e+00,0.000000000000000000e+00,0.000000000000000000e+00,0.000000000000000000e+00,0.000000000000000000e+00,0.000000000000000000e+00,0.000000000000000000e+00,0.000000000000000000e+00,0.000000000000000000e+00,0.000000000000000000e+00,0.000000000000000000e+00,0.000000000000000000e+00,0.000000000000000000e+00,0.000000000000000000e+00,0.000000000000000000e+00,0.000000000000000000e+00,0.000000000000000000e+00,0.000000000000000000e+00,0.000000000000000000e+00,0.000000000000000000e+00,0.000000000000000000e+00,0.000000000000000000e+00,0.000000000000000000e+00,0.000000000000000000e+00,0.000000000000000000e+00,0.000000000000000000e+00,4.750321619212627411e-03,5.354069918394088745e-02,8.724605292081832886e-02,9.491330385208129883e-02,9.345205873250961304e-02,9.514465183019638062e-02,2.854516543447971344e-02,1.392844039946794510e-02,2.849737415090203285e-03,6.858765264041721821e-04,2.936325501650571823e-03,5.650157481431961060e-02,8.020526915788650513e-02,9.452082216739654541e-02,1.002762541174888611e-01,1.068623140454292297e-01
0.000000000000000000e+00,5.309243686497211456e-03,1.747219637036323547e-02,1.186496540904045105e-01,1.610487252473831177e-01,4.681449830532073975e-01,5.990014672279357910e-01,5.947488546371459961e-01,7.959629297256469727e-01,9.236147999763488770e-01,8.849705457687377930e-01,1.145021677017211914e+00,1.293865799903869629e+00,1.272944927215576172e+00,1.109278798103332520e+00,8.375035524368286133e-01,8.732485175132751465e-01,8.487499356269836426e-01,7.055559754371643066e-01,6.234752535820007324e-01,7.005970478057861328e-01,5.940372347831726074e-01,4.559486210346221924e-01,4.639427363872528076e-01,2.854373157024383545e-01,1.799085587263107300e-01,2.107726335525512695e-01,1.754016131162643433e-01,2.913312911987304688e-01,2.934417128562927246e-01,3.573448359966278076e-01,2.698616683483123779e-01,3.279623687267303467e-01,2.462334781885147095e-01,8.138605207204818726e-02,8.754233829677104950e-03,9.031184948980808258e-03,8.784013241529464722e-02,2.557881176471710205e-01,3.973800837993621826e-01,9.176817536354064941e-01,6.091948747634887695e-01,5.507901906967163086e-01,6.523491144180297852e-01,6.383967995643615723e-01,6.466044187545776367e-01,4.998878240585327148e-01,4.695816338062286377e-01,4.502853453159332275e-01,3.972229957580566406e-01,2.251587957143783569e-01,2.087135910987854004e-01,1.480045914649963379e-01,5.194051563739776611e-02,8.998742699623107910e-02,9.833712875843048096e-02,4.097852855920791626e-02,9.045001352205872536e-04,0.000000000000000000e+00,0.000000000000000000e+00,0.000000000000000000e+00,0.000000000000000000e+00,0.000000000000000000e+00,0.000000000000000000e+00,0.000000000000000000e+00,0.000000000000000000e+00,0.000000000000000000e+00,0.000000000000000000e+00,0.000000000000000000e+00,0.000000000000000000e+00,0.000000000000000000e+00,0.000000000000000000e+00,0.000000000000000000e+00,0.000000000000000000e+00,0.000000000000000000e+00,0.000000000000000000e+00,0.000000000000000000e+00,0.000000000000000000e+00,0.000000000000000000e+00,0.000000000000000000e+00,0.000000000000000000e+00,0.000000000000000000e+00,0.000000000000000000e+00,0.000000000000000000e+00,0.000000000000000000e+00,0.000000000000000000e+00,0.000000000000000000e+00,0.000000000000000000e+00,0.000000000000000000e+00,0.000000000000000000e+00,0.000000000000000000e+00,0.000000000000000000e+00,0.000000000000000000e+00,0.000000000000000000e+00,0.000000000000000000e+00,0.000000000000000000e+00,0.000000000000000000e+00,0.000000000000000000e+00,0.000000000000000000e+00,0.000000000000000000e+00,0.000000000000000000e+00,0.000000000000000000e+00,0.000000000000000000e+00,0.000000000000000000e+00,0.000000000000000000e+00,0.000000000000000000e+00,0.000000000000000000e+00,0.000000000000000000e+00,0.000000000000000000e+00,0.000000000000000000e+00,0.000000000000000000e+00,0.000000000000000000e+00,0.000000000000000000e+00,0.000000000000000000e+00,0.000000000000000000e+00,0.000000000000000000e+00,0.000000000000000000e+00,0.000000000000000000e+00,0.000000000000000000e+00,0.000000000000000000e+00,0.000000000000000000e+00,0.000000000000000000e+00,0.000000000000000000e+00,0.000000000000000000e+00,0.000000000000000000e+00,0.000000000000000000e+00,0.000000000000000000e+00,0.000000000000000000e+00,0.000000000000000000e+00,0.000000000000000000e+00,0.000000000000000000e+00,0.000000000000000000e+00,0.000000000000000000e+00,0.000000000000000000e+00,0.000000000000000000e+00,0.000000000000000000e+00,0.000000000000000000e+00,0.000000000000000000e+00,0.000000000000000000e+00,0.000000000000000000e+00,0.000000000000000000e+00,0.000000000000000000e+00,0.000000000000000000e+00,0.000000000000000000e+00,0.000000000000000000e+00,0.000000000000000000e+00,0.000000000000000000e+00,0.000000000000000000e+00,0.000000000000000000e+00,0.000000000000000000e+00,0.000000000000000000e+00,0.000000000000000000e+00,0.000000000000000000e+00,0.000000000000000000e+00,0.000000000000000000e+00,3.768742084503173828e-03,5.225063301622867584e-03,3.573654452338814735e-03,0.000000000000000000e+00,0.000000000000000000e+00,0.000000000000000000e+00,0.000000000000000000e+00,0.000000000000000000e+00,0.000000000000000000e+00,0.000000000000000000e+00,0.000000000000000000e+00,0.000000000000000000e+00,0.000000000000000000e+00,3.592235443647950888e-04,2.136343624442815781e-03,0.000000000000000000e+00,0.000000000000000000e+00,6.751068402081727982e-03,0.000000000000000000e+00,4.965621978044509888e-03,6.508626043796539307e-02,5.734704807400703430e-02,6.774338334798812866e-02,5.182173103094100952e-02,5.346624180674552917e-02,6.545539945363998413e-02,1.037037223577499390e-01,2.847324870526790619e-02,2.903078198432922363e-01,2.886263728141784668e-01,1.574771553277969360e-01,1.178174316883087158e-01,4.528476670384407043e-02,4.769674036651849747e-03,0.000000000000000000e+00,0.000000000000000000e+00,0.000000000000000000e+00,0.000000000000000000e+00,0.000000000000000000e+00,0.000000000000000000e+00,0.000000000000000000e+00,0.000000000000000000e+00,0.000000000000000000e+00,0.000000000000000000e+00,0.000000000000000000e+00,0.000000000000000000e+00,0.000000000000000000e+00,0.000000000000000000e+00,0.000000000000000000e+00,0.000000000000000000e+00,0.000000000000000000e+00,0.000000000000000000e+00,0.000000000000000000e+00,0.000000000000000000e+00,0.000000000000000000e+00,0.000000000000000000e+00,0.000000000000000000e+00,0.000000000000000000e+00,0.000000000000000000e+00,0.000000000000000000e+00,0.000000000000000000e+00,0.000000000000000000e+00,0.000000000000000000e+00,0.000000000000000000e+00,0.000000000000000000e+00,0.000000000000000000e+00,2.951591275632381439e-02,7.748603820800781250e-02,6.233230605721473694e-02,6.988634169101715088e-02,7.014578580856323242e-02,5.034054815769195557e-02,3.348003700375556946e-02,6.464822683483362198e-03,0.000000000000000000e+00,0.000000000000000000e+00,2.795324102044105530e-02,7.436177134513854980e-02,7.297508418560028076e-02,8.821298927068710327e-02,6.091940402984619141e-02
4.808928444981575012e-02,2.903565578162670135e-02,4.632967337965965271e-02,1.693261712789535522e-01,1.774931699037551880e-01,3.650374412536621094e-01,5.275924205780029297e-01,5.620719194412231445e-01,7.021589875221252441e-01,1.043542027473449707e+00,9.996286034584045410e-01,1.249695062637329102e+00,1.254491329193115234e+00,1.163577675819396973e+00,1.118023037910461426e+00,8.687087297439575195e-01,9.358545541763305664e-01,7.930114865303039551e-01,5.574643611907958984e-01,4.795785248279571533e-01,5.470073223114013672e-01,3.885240554809570312e-01,3.469514846801757812e-01,4.280962944030761719e-01,3.241632282733917236e-01,2.493506520986557007e-01,2.948715984821319580e-01,2.966726124286651611e-01,4.036581814289093018e-01,4.014371931552886963e-01,1.657483130693435669e-01,1.217231228947639465e-01,5.790254473686218262e-02,5.799069534987211227e-03,0.000000000000000000e+00,0.000000000000000000e+00,5.941892741248011589e-04,9.737088531255722046e-02,2.024489492177963257e-01,1.872210949659347534e-01,4.732853174209594727e-01,4.743766188621520996e-01,3.867304027080535889e-01,5.252020359039306641e-01,3.948411643505096436e-01,4.480151534080505371e-01,4.489139616489410400e-01,4.103398025035858154e-01,3.953351974487304688e-01,2.086207866668701172e-01,1.233697757124900818e-01,3.681217133998870850e-02,9.077656269073486328e-02,1.722155660390853882e-01,1.665438562631607056e-01,1.485477834939956665e-01,1.964389383792877197e-01,5.095360800623893738e-02,3.262500837445259094e-02,0.000000000000000000e+00,0.000000000000000000e+00,0.000000000000000000e+00,0.000000000000000000e+00,0.000000000000000000e+00,0.000000000000000000e+00,0.000000000000000000e+00,0.000000000000000000e+00,0.000000000000000000e+00,0.000000000000000000e+00,0.000000000000000000e+00,0.000000000000000000e+00,0.000000000000000000e+00,0.000000000000000000e+00,0.000000000000000000e+00,0.000000000000000000e+00,0.000000000000000000e+00,0.000000000000000000e+00,0.000000000000000000e+00,0.000000000000000000e+00,0.000000000000000000e+00,0.000000000000000000e+00,0.000000000000000000e+00,0.000000000000000000e+00,0.000000000000000000e+00,0.000000000000000000e+00,0.000000000000000000e+00,0.000000000000000000e+00,0.000000000000000000e+00,0.000000000000000000e+00,0.000000000000000000e+00,0.000000000000000000e+00,0.000000000000000000e+00,0.000000000000000000e+00,0.000000000000000000e+00,0.000000000000000000e+00,0.000000000000000000e+00,0.000000000000000000e+00,0.000000000000000000e+00,0.000000000000000000e+00,0.000000000000000000e+00,0.000000000000000000e+00,0.000000000000000000e+00,0.000000000000000000e+00,0.000000000000000000e+00,0.000000000000000000e+00,0.000000000000000000e+00,0.000000000000000000e+00,0.000000000000000000e+00,0.000000000000000000e+00,0.000000000000000000e+00,0.000000000000000000e+00,0.000000000000000000e+00,0.000000000000000000e+00,0.000000000000000000e+00,0.000000000000000000e+00,0.000000000000000000e+00,0.000000000000000000e+00,0.000000000000000000e+00,0.000000000000000000e+00,0.000000000000000000e+00,0.000000000000000000e+00,0.000000000000000000e+00,0.000000000000000000e+00,0.000000000000000000e+00,0.000000000000000000e+00,0.000000000000000000e+00,0.000000000000000000e+00,0.000000000000000000e+00,0.000000000000000000e+00,0.000000000000000000e+00,0.000000000000000000e+00,0.000000000000000000e+00,0.000000000000000000e+00,0.000000000000000000e+00,0.000000000000000000e+00,0.000000000000000000e+00,0.000000000000000000e+00,0.000000000000000000e+00,0.000000000000000000e+00,0.000000000000000000e+00,0.000000000000000000e+00,0.000000000000000000e+00,0.000000000000000000e+00,0.000000000000000000e+00,0.000000000000000000e+00,0.000000000000000000e+00,0.000000000000000000e+00,0.000000000000000000e+00,0.000000000000000000e+00,0.000000000000000000e+00,0.000000000000000000e+00,0.000000000000000000e+00,0.000000000000000000e+00,0.000000000000000000e+00,0.000000000000000000e+00,1.493144431151449680e-03,6.238601170480251312e-03,0.000000000000000000e+00,0.000000000000000000e+00,0.000000000000000000e+00,0.000000000000000000e+00,0.000000000000000000e+00,0.000000000000000000e+00,0.000000000000000000e+00,0.000000000000000000e+00,0.000000000000000000e+00,0.000000000000000000e+00,0.000000000000000000e+00,0.000000000000000000e+00,5.015564616769552231e-03,2.912312373518943787e-02,3.603101521730422974e-02,4.837673902511596680e-02,2.557803643867373466e-03,1.687054336071014404e-02,4.813090711832046509e-02,7.801343500614166260e-02,5.805369094014167786e-02,2.667453885078430176e-02,4.964440688490867615e-02,6.405859440565109253e-02,8.379612118005752563e-02,9.732535481452941895e-02,3.787836432456970215e-01,2.072695791721343994e-01,1.417461484670639038e-01,7.105036824941635132e-02,3.179520741105079651e-02,3.967696335166692734e-03,0.000000000000000000e+00,0.000000000000000000e+00,0.000000000000000000e+00,0.000000000000000000e+00,0.000000000000000000e+00,0.000000000000000000e+00,0.000000000000000000e+00,0.000000000000000000e+00,0.000000000000000000e+00,0.000000000000000000e+00,0.000000000000000000e+00,0.000000000000000000e+00,0.000000000000000000e+00,0.000000000000000000e+00,0.000000000000000000e+00,0.000000000000000000e+00,0.000000000000000000e+00,0.000000000000000000e+00,0.000000000000000000e+00,0.000000000000000000e+00,0.000000000000000000e+00,0.000000000000000000e+00,0.000000000000000000e+00,0.000000000000000000e+00,0.000000000000000000e+00,0.000000000000000000e+00,0.000000000000000000e+00,0.000000000000000000e+00,0.000000000000000000e+00,0.000000000000000000e+00,0.000000000000000000e+00,6.407914333976805210e-04,5.960285291075706482e-02,8.361952751874923706e-02,7.681661844253540039e-02,7.199665158987045288e-02,1.001764610409736633e-01,6.354735791683197021e-02,5.299643799662590027e-02,3.440492227673530579e-02,1.602693460881710052e-02,1.032282877713441849e-02,4.971324652433395386e-02,1.210696399211883545e-01,7.585871964693069458e-02,6.041858345270156860e-02,4.108301177620887756e-02
7.296393066644668579e-02,2.327285520732402802e-02,8.101457357406616211e-02,1.627364754676818848e-01,1.872389614582061768e-01,2.885600030422210693e-01,4.410409033298492432e-01,4.596632719039916992e-01,6.998620033264160156e-01,8.387699723243713379e-01,7.769131064414978027e-01,1.092027544975280762e+00,1.039544582366943359e+00,1.002133011817932129e+00,8.153206110000610352e-01,7.178831100463867188e-01,7.421997189521789551e-01,7.046548724174499512e-01,5.393682718276977539e-01,3.682336211204528809e-01,4.306255578994750977e-01,2.981980741024017334e-01,3.014911115169525146e-01,3.455539047718048096e-01,3.782908916473388672e-01,5.473183393478393555e-01,6.057645082473754883e-01,7.310439348220825195e-01,5.462043881416320801e-01,5.662619471549987793e-01,2.483326792716979980e-01,1.582684367895126343e-01,1.722750961780548096e-01,5.294844135642051697e-02,1.328077726066112518e-02,0.000000000000000000e+00,0.000000000000000000e+00,9.510446339845657349e-02,2.825566232204437256e-01,1.401762068271636963e-01,1.104653105139732361e-01,2.663009166717529297e-01,3.044697642326354980e-01,4.513383209705352783e-01,4.438509643077850342e-01,3.642412424087524414e-01,2.953106760978698730e-01,4.212323725223541260e-01,3.593069911003112793e-01,1.423536837100982666e-01,2.221181988716125488e-01,1.316777914762496948e-01,1.882432550191879272e-01,2.844503521919250488e-01,3.114418983459472656e-01,3.140210807323455811e-01,1.468717902898788452e-01,5.012040585279464722e-02,5.640573427081108093e-02,4.439219087362289429e-02,1.453673373907804489e-02,6.177981384098529816e-03,0.000000000000000000e+00,0.000000000000000000e+00,0.000000000000000000e+00,0.000000000000000000e+00,0.000000000000000000e+00,0.000000000000000000e+00,0.000000000000000000e+00,0.000000000000000000e+00,0.000000000000000000e+00,0.000000000000000000e+00,0.000000000000000000e+00,0.000000000000000000e+00,0.000000000000000000e+00,0.000000000000000000e+00,0.000000000000000000e+00,0.000000000000000000e+00,0.000000000000000000e+00,0.000000000000000000e+00,0.000000000000000000e+00,0.000000000000000000e+00,0.000000000000000000e+00,0.000000000000000000e+00,0.000000000000000000e+00,0.000000000000000000e+00,0.000000000000000000e+00,0.000000000000000000e+00,0.000000000000000000e+00,0.000000000000000000e+00,0.000000000000000000e+00,0.000000000000000000e+00,0.000000000000000000e+00,0.000000000000000000e+00,0.000000000000000000e+00,0.000000000000000000e+00,0.000000000000000000e+00,0.000000000000000000e+00,0.000000000000000000e+00,0.000000000000000000e+00,0.000000000000000000e+00,0.000000000000000000e+00,0.000000000000000000e+00,0.000000000000000000e+00,0.000000000000000000e+00,0.000000000000000000e+00,0.000000000000000000e+00,0.000000000000000000e+00,0.000000000000000000e+00,0.000000000000000000e+00,0.000000000000000000e+00,0.000000000000000000e+00,0.000000000000000000e+00,0.000000000000000000e+00,0.000000000000000000e+00,0.000000000000000000e+00,0.000000000000000000e+00,0.000000000000000000e+00,0.000000000000000000e+00,0.000000000000000000e+00,0.000000000000000000e+00,0.000000000000000000e+00,0.000000000000000000e+00,0.000000000000000000e+00,0.000000000000000000e+00,0.000000000000000000e+00,0.000000000000000000e+00,0.000000000000000000e+00,0.000000000000000000e+00,0.000000000000000000e+00,0.000000000000000000e+00,0.000000000000000000e+00,0.000000000000000000e+00,0.000000000000000000e+00,0.000000000000000000e+00,0.000000000000000000e+00,0.000000000000000000e+00,0.000000000000000000e+00,0.000000000000000000e+00,0.000000000000000000e+00,0.000000000000000000e+00,0.000000000000000000e+00,0.000000000000000000e+00,0.000000000000000000e+00,0.000000000000000000e+00,0.000000000000000000e+00,0.000000000000000000e+00,0.000000000000000000e+00,0.000000000000000000e+00,0.000000000000000000e+00,0.000000000000000000e+00,0.000000000000000000e+00,0.000000000000000000e+00,0.000000000000000000e+00,0.000000000000000000e+00,2.103307517245411873e-03,0.000000000000000000e+00,0.000000000000000000e+00,0.000000000000000000e+00,0.000000000000000000e+00,0.000000000000000000e+00,0.000000000000000000e+00,0.000000000000000000e+00,0.000000000000000000e+00,0.000000000000000000e+00,0.000000000000000000e+00,0.000000000000000000e+00,0.000000000000000000e+00,1.587612926959991455e-02,6.720185774611309171e-05,2.574698254466056824e-02,8.169587701559066772e-02,8.437377959489822388e-02,9.950550645589828491e-02,7.661981135606765747e-02,4.685848206281661987e-02,1.005981564521789551e-01,1.238653063774108887e-01,3.310500830411911011e-02,2.748190797865390778e-02,1.595376282930374146e-01,1.684424877166748047e-01,3.261240124702453613e-01,1.988207250833511353e-01,1.565660685300827026e-01,1.393004804849624634e-01,6.272381544113159180e-02,3.066178970038890839e-02,7.288313470780849457e-03,0.000000000000000000e+00,0.000000000000000000e+00,0.000000000000000000e+00,0.000000000000000000e+00,0.000000000000000000e+00,0.000000000000000000e+00,0.000000000000000000e+00,0.000000000000000000e+00,0.000000000000000000e+00,0.000000000000000000e+00,0.000000000000000000e+00,0.000000000000000000e+00,0.000000000000000000e+00,0.000000000000000000e+00,0.000000000000000000e+00,0.000000000000000000e+00,0.000000000000000000e+00,0.000000000000000000e+00,0.000000000000000000e+00,0.000000000000000000e+00,0.000000000000000000e+00,0.000000000000000000e+00,0.000000000000000000e+00,0.000000000000000000e+00,0.000000000000000000e+00,0.000000000000000000e+00,0.000000000000000000e+00,0.000000000000000000e+00,0.000000000000000000e+00,0.000000000000000000e+00,0.000000000000000000e+00,2.462688833475112915e-03,5.628263205289840698e-02,6.928561627864837646e-02,7.287371903657913208e-02,9.032446146011352539e-02,9.228023886680603027e-02,6.765628606081008911e-02,6.166445836424827576e-02,7.057669013738632202e-02,7.964327931404113770e-02,9.137339144945144653e-02,9.210029989480972290e-02,1.020951867103576660e-01,5.124038085341453552e-02,1.842184551060199738e-02,3.408132120966911316e-03
5.847502499818801880e-02,2.285545133054256439e-02,8.763202279806137085e-02,1.344707608222961426e-01,1.494253575801849365e-01,2.249142676591873169e-01,3.455294072628021240e-01,3.721832036972045898e-01,5.956565737724304199e-01,8.023322224617004395e-01,7.492109537124633789e-01,1.017908930778503418e+00,9.930186271667480469e-01,9.436013698577880859e-01,7.901619076728820801e-01,6.118460893630981445e-01,6.237100362777709961e-01,5.809875130653381348e-01,4.636202156543731689e-01,3.260556757450103760e-01,2.869451940059661865e-01,2.151237875223159790e-01,3.352276980876922607e-01,3.534118831157684326e-01,3.668545484542846680e-01,5.530711412429809570e-01,6.221045851707458496e-01,7.394050359725952148e-01,5.501618981361389160e-01,5.546684265136718750e-01,2.019497305154800415e-01,1.806696504354476929e-01,1.779130548238754272e-01,1.177229508757591248e-01,6.576712429523468018e-02,2.919196267612278461e-04,6.351716071367263794e-02,8.813683688640594482e-02,3.050683140754699707e-01,3.281336128711700439e-01,3.270017802715301514e-01,3.605971634387969971e-01,3.449734747409820557e-01,4.062605500221252441e-01,4.134248793125152588e-01,3.852055966854095459e-01,2.238700538873672485e-01,2.934560179710388184e-01,2.635367810726165771e-01,1.839068830013275146e-01,2.180611938238143921e-01,1.450804322957992554e-01,1.902172565460205078e-01,2.782246470451354980e-01,3.036459386348724365e-01,3.130451440811157227e-01,1.810738295316696167e-01,7.520365715026855469e-02,5.547087267041206360e-02,3.974111378192901611e-02,1.658673770725727081e-02,6.306589115411043167e-03,0.000000000000000000e+00,0.000000000000000000e+00,0.000000000000000000e+00,0.000000000000000000e+00,0.000000000000000000e+00,0.000000000000000000e+00,0.000000000000000000e+00,0.000000000000000000e+00,0.000000000000000000e+00,0.000000000000000000e+00,0.000000000000000000e+00,0.000000000000000000e+00,0.000000000000000000e+00,0.000000000000000000e+00,0.000000000000000000e+00,0.000000000000000000e+00,0.000000000000000000e+00,0.000000000000000000e+00,0.000000000000000000e+00,0.000000000000000000e+00,0.000000000000000000e+00,0.000000000000000000e+00,0.000000000000000000e+00,0.000000000000000000e+00,0.000000000000000000e+00,0.000000000000000000e+00,0.000000000000000000e+00,0.000000000000000000e+00,0.000000000000000000e+00,0.000000000000000000e+00,0.000000000000000000e+00,0.000000000000000000e+00,0.000000000000000000e+00,0.000000000000000000e+00,0.000000000000000000e+00,0.000000000000000000e+00,0.000000000000000000e+00,0.000000000000000000e+00,0.000000000000000000e+00,0.000000000000000000e+00,0.000000000000000000e+00,0.000000000000000000e+00,0.000000000000000000e+00,0.000000000000000000e+00,0.000000000000000000e+00,0.000000000000000000e+00,0.000000000000000000e+00,0.000000000000000000e+00,0.000000000000000000e+00,0.000000000000000000e+00,0.000000000000000000e+00,0.000000000000000000e+00,0.000000000000000000e+00,0.000000000000000000e+00,0.000000000000000000e+00,0.000000000000000000e+00,0.000000000000000000e+00,0.000000000000000000e+00,0.000000000000000000e+00,0.000000000000000000e+00,0.000000000000000000e+00,0.000000000000000000e+00,0.000000000000000000e+00,0.000000000000000000e+00,0.000000000000000000e+00,0.000000000000000000e+00,0.000000000000000000e+00,0.000000000000000000e+00,0.000000000000000000e+00,0.000000000000000000e+00,0.000000000000000000e+00,0.000000000000000000e+00,0.000000000000000000e+00,0.000000000000000000e+00,0.000000000000000000e+00,0.000000000000000000e+00,0.000000000000000000e+00,0.000000000000000000e+00,0.000000000000000000e+00,0.000000000000000000e+00,0.000000000000000000e+00,0.000000000000000000e+00,0.000000000000000000e+00,0.000000000000000000e+00,0.000000000000000000e+00,0.000000000000000000e+00,0.000000000000000000e+00,0.000000000000000000e+00,0.000000000000000000e+00,0.000000000000000000e+00,0.000000000000000000e+00,0.000000000000000000e+00,0.000000000000000000e+00,0.000000000000000000e+00,0.000000000000000000e+00,0.000000000000000000e+00,0.000000000000000000e+00,0.000000000000000000e+00,0.000000000000000000e+00,0.000000000000000000e+00,0.000000000000000000e+00,0.000000000000000000e+00,0.000000000000000000e+00,0.000000000000000000e+00,0.000000000000000000e+00,1.285874098539352417e-02,1.498516742140054703e-02,2.534965984523296356e-02,6.442162673920392990e-03,6.067148596048355103e-02,8.661530166864395142e-02,7.989774644374847412e-02,1.058346480131149292e-01,8.584306924603879452e-04,2.706270851194858551e-02,5.998482462018728256e-03,5.734441801905632019e-02,9.465284645557403564e-02,8.212433010339736938e-02,6.637389957904815674e-02,1.688465029001235962e-01,1.384159773588180542e-01,1.055370792746543884e-01,1.054102629423141479e-01,3.024615533649921417e-02,1.336405239999294281e-02,4.681419581174850464e-03,0.000000000000000000e+00,0.000000000000000000e+00,0.000000000000000000e+00,0.000000000000000000e+00,0.000000000000000000e+00,0.000000000000000000e+00,0.000000000000000000e+00,0.000000000000000000e+00,0.000000000000000000e+00,0.000000000000000000e+00,0.000000000000000000e+00,0.000000000000000000e+00,0.000000000000000000e+00,0.000000000000000000e+00,0.000000000000000000e+00,0.000000000000000000e+00,0.000000000000000000e+00,0.000000000000000000e+00,0.000000000000000000e+00,0.000000000000000000e+00,0.000000000000000000e+00,0.000000000000000000e+00,0.000000000000000000e+00,0.000000000000000000e+00,0.000000000000000000e+00,0.000000000000000000e+00,0.000000000000000000e+00,0.000000000000000000e+00,0.000000000000000000e+00,0.000000000000000000e+00,8.438673103228211403e-04,0.000000000000000000e+00,2.020884864032268524e-02,1.334061473608016968e-02,7.311058044433593750e-02,7.023452967405319214e-02,5.080402642488479614e-02,1.794927008450031281e-02,4.349948838353157043e-02,5.344143882393836975e-02,7.257530093193054199e-02,8.305171132087707520e-02,7.612957805395126343e-02,3.827947378158569336e-02,3.828170523047447205e-02,2.575351390987634659e-03,0.000000000000000000e+00
3.220432698726654053e-01,8.843537420034408569e-02,1.545965820550918579e-01,1.116535887122154236e-01,1.096352264285087585e-01,2.741120457649230957e-01,4.966508746147155762e-01,4.699453115463256836e-01,6.672476530075073242e-01,8.535438776016235352e-01,8.647708892822265625e-01,8.211266994476318359e-01,7.229207754135131836e-01,6.555516719818115234e-01,6.336629986763000488e-01,5.795835852622985840e-01,5.886208415031433105e-01,4.334366023540496826e-01,2.691779136657714844e-01,2.407390773296356201e-01,2.583889961242675781e-01,3.381877541542053223e-01,6.209163069725036621e-01,6.112199425697326660e-01,8.782284855842590332e-01,1.070358276367187500e+00,1.069824337959289551e+00,8.109686970710754395e-01,5.406389832496643066e-01,5.750762224197387695e-01,4.196995198726654053e-01,2.492224723100662231e-01,2.571425735950469971e-01,2.057909071445465088e-01,1.645972579717636108e-01,2.835175953805446625e-02,7.310956716537475586e-02,0.000000000000000000e+00,6.610885029658675194e-04,1.530987443402409554e-03,8.537775278091430664e-02,3.537533059716224670e-02,1.858519576489925385e-02,1.234170347452163696e-01,9.968178719282150269e-02,8.262285590171813965e-02,7.054671645164489746e-02,7.560223340988159180e-02,8.555375039577484131e-02,1.478034853935241699e-01,1.966278403997421265e-01,2.280966937541961670e-01,3.085335195064544678e-01,4.133022129535675049e-01,3.935063481330871582e-01,4.313551485538482666e-01,3.813707828521728516e-01,1.896373778581619263e-01,1.517228633165359497e-01,1.375929266214370728e-01,1.709108203649520874e-01,1.311644017696380615e-01,6.355854123830795288e-02,1.554571092128753662e-02,5.931274499744176865e-03,0.000000000000000000e+00,0.000000000000000000e+00,0.000000000000000000e+00,0.000000000000000000e+00,0.000000000000000000e+00,0.000000000000000000e+00,0.000000000000000000e+00,0.000000000000000000e+00,0.000000000000000000e+00,0.000000000000000000e+00,0.000000000000000000e+00,0.000000000000000000e+00,0.000000000000000000e+00,0.000000000000000000e+00,0.000000000000000000e+00,0.000000000000000000e+00,0.000000000000000000e+00,0.000000000000000000e+00,0.000000000000000000e+00,0.000000000000000000e+00,0.000000000000000000e+00,0.000000000000000000e+00,0.000000000000000000e+00,0.000000000000000000e+00,0.000000000000000000e+00,0.000000000000000000e+00,0.000000000000000000e+00,0.000000000000000000e+00,0.000000000000000000e+00,0.000000000000000000e+00,0.000000000000000000e+00,0.000000000000000000e+00,0.000000000000000000e+00,0.000000000000000000e+00,0.000000000000000000e+00,0.000000000000000000e+00,0.000000000000000000e+00,0.000000000000000000e+00,0.000000000000000000e+00,0.000000000000000000e+00,0.000000000000000000e+00,0.000000000000000000e+00,0.000000000000000000e+00,0.000000000000000000e+00,0.000000000000000000e+00,0.000000000000000000e+00,0.000000000000000000e+00,0.000000000000000000e+00,0.000000000000000000e+00,0.000000000000000000e+00,0.000000000000000000e+00,0.000000000000000000e+00,0.000000000000000000e+00,0.000000000000000000e+00,0.000000000000000000e+00,0.000000000000000000e+00,0.000000000000000000e+00,0.000000000000000000e+00,0.000000000000000000e+00,0.000000000000000000e+00,0.000000000000000000e+00,0.000000000000000000e+00,0.000000000000000000e+00,0.000000000000000000e+00,0.000000000000000000e+00,0.000000000000000000e+00,0.000000000000000000e+00,0.000000000000000000e+00,0.000000000000000000e+00,0.000000000000000000e+00,0.000000000000000000e+00,0.000000000000000000e+00,0.000000000000000000e+00,0.000000000000000000e+00,0.000000000000000000e+00,0.000000000000000000e+00,0.000000000000000000e+00,0.000000000000000000e+00,0.000000000000000000e+00,0.000000000000000000e+00,0.000000000000000000e+00,0.000000000000000000e+00,0.000000000000000000e+00,0.000000000000000000e+00,0.000000000000000000e+00,0.000000000000000000e+00,0.000000000000000000e+00,0.000000000000000000e+00,0.000000000000000000e+00,0.000000000000000000e+00,0.000000000000000000e+00,0.000000000000000000e+00,0.000000000000000000e+00,0.000000000000000000e+00,0.000000000000000000e+00,0.000000000000000000e+00,0.000000000000000000e+00,0.000000000000000000e+00,6.326133734546601772e-04,0.000000000000000000e+00,1.339613460004329681e-02,1.098888181149959564e-02,1.972782798111438751e-02,3.799765929579734802e-02,7.272931933403015137e-02,8.485862612724304199e-02,9.494481980800628662e-02,1.253745853900909424e-01,1.072951629757881165e-01,9.676622599363327026e-02,9.957935661077499390e-03,1.175688230432569981e-03,8.153157308697700500e-03,0.000000000000000000e+00,2.160425297915935516e-03,7.177812047302722931e-03,1.784742437303066254e-02,2.255980223417282104e-01,1.478278636932373047e-01,1.321114003658294678e-01,1.081354841589927673e-01,4.673350602388381958e-02,2.170731872320175171e-02,6.892738863825798035e-03,1.040360584738664329e-04,0.000000000000000000e+00,0.000000000000000000e+00,0.000000000000000000e+00,0.000000000000000000e+00,0.000000000000000000e+00,0.000000000000000000e+00,0.000000000000000000e+00,0.000000000000000000e+00,0.000000000000000000e+00,3.687320277094841003e-02,1.898552640341222286e-03,0.000000000000000000e+00,0.000000000000000000e+00,0.000000000000000000e+00,0.000000000000000000e+00,0.000000000000000000e+00,0.000000000000000000e+00,0.000000000000000000e+00,0.000000000000000000e+00,0.000000000000000000e+00,0.000000000000000000e+00,0.000000000000000000e+00,0.000000000000000000e+00,0.000000000000000000e+00,0.000000000000000000e+00,0.000000000000000000e+00,0.000000000000000000e+00,0.000000000000000000e+00,0.000000000000000000e+00,0.000000000000000000e+00,0.000000000000000000e+00,2.006794139742851257e-02,3.952500224113464355e-02,5.181847140192985535e-02,1.951511576771736145e-02,1.163414865732192993e-02,1.283096894621849060e-02,4.136917740106582642e-02,6.847885251045227051e-02,7.634216547012329102e-02,8.795794844627380371e-02,4.891778528690338135e-02,2.464224770665168762e-02,3.775092214345932007e-02,7.904609665274620056e-03,0.000000000000000000e+00
1.252164691686630249e-01,8.802770078182220459e-02,2.174948006868362427e-01,1.781475692987442017e-01,1.457816660404205322e-01,3.314000666141510010e-01,4.523321688175201416e-01,3.908947110176086426e-01,6.731358170509338379e-01,8.079645633697509766e-01,8.079304099082946777e-01,7.583148479461669922e-01,7.054639458656311035e-01,6.533098816871643066e-01,6.325685977935791016e-01,5.773071050643920898e-01,5.761255025863647461e-01,4.212687015533447266e-01,2.225829511880874634e-01,1.252731382846832275e-01,1.490322202444076538e-01,2.299338728189468384e-01,5.259732604026794434e-01,5.799534916877746582e-01,8.127283453941345215e-01,9.725462198257446289e-01,1.036528587341308594e+00,7.371249198913574219e-01,4.729886353015899658e-01,5.032799839973449707e-01,3.726357221603393555e-01,2.196541875600814819e-01,2.825783491134643555e-01,2.658333182334899902e-01,1.781837344169616699e-01,2.160051614046096802e-01,1.599096655845642090e-01,3.157549723982810974e-02,1.145170163363218307e-02,1.151359872892498970e-03,1.652655005455017090e-02,2.254664339125156403e-02,0.000000000000000000e+00,3.370755165815353394e-02,6.988186389207839966e-02,8.121565729379653931e-02,7.574298977851867676e-02,1.235133633017539978e-01,1.487125456333160400e-01,1.734162867069244385e-01,1.976325660943984985e-01,2.303261607885360718e-01,2.803676426410675049e-01,4.113161265850067139e-01,3.810162842273712158e-01,3.735981285572052002e-01,3.279184699058532715e-01,1.828331947326660156e-01,1.612480133771896362e-01,1.666890233755111694e-01,1.829182654619216919e-01,1.104369610548019409e-01,6.486735492944717407e-02,2.040578983724117279e-02,2.483454719185829163e-02,0.000000000000000000e+00,0.000000000000000000e+00,0.000000000000000000e+00,0.000000000000000000e+00,0.000000000000000000e+00,0.000000000000000000e+00,0.000000000000000000e+00,0.000000000000000000e+00,0.000000000000000000e+00,0.000000000000000000e+00,0.000000000000000000e+00,0.000000000000000000e+00,0.000000000000000000e+00,0.000000000000000000e+00,0.000000000000000000e+00,0.000000000000000000e+00,0.000000000000000000e+00,0.000000000000000000e+00,0.000000000000000000e+00,0.000000000000000000e+00,0.000000000000000000e+00,0.000000000000000000e+00,0.000000000000000000e+00,0.000000000000000000e+00,0.000000000000000000e+00,0.000000000000000000e+00,0.000000000000000000e+00,0.000000000000000000e+00,0.000000000000000000e+00,0.000000000000000000e+00,0.000000000000000000e+00,0.000000000000000000e+00,0.000000000000000000e+00,0.000000000000000000e+00,0.000000000000000000e+00,0.000000000000000000e+00,0.000000000000000000e+00,0.000000000000000000e+00,0.000000000000000000e+00,0.000000000000000000e+00,0.000000000000000000e+00,0.000000000000000000e+00,0.000000000000000000e+00,0.000000000000000000e+00,0.000000000000000000e+00,0.000000000000000000e+00,0.000000000000000000e+00,0.000000000000000000e+00,0.000000000000000000e+00,0.000000000000000000e+00,0.000000000000000000e+00,0.000000000000000000e+00,0.000000000000000000e+00,0.000000000000000000e+00,0.000000000000000000e+00,0.000000000000000000e+00,0.000000000000000000e+00,0.000000000000000000e+00,0.000000000000000000e+00,0.000000000000000000e+00,0.000000000000000000e+00,0.000000000000000000e+00,0.000000000000000000e+00,0.000000000000000000e+00,0.000000000000000000e+00,0.000000000000000000e+00,0.000000000000000000e+00,0.000000000000000000e+00,0.000000000000000000e+00,0.000000000000000000e+00,0.000000000000000000e+00,0.000000000000000000e+00,0.000000000000000000e+00,0.000000000000000000e+00,0.000000000000000000e+00,0.000000000000000000e+00,0.000000000000000000e+00,0.000000000000000000e+00,0.000000000000000000e+00,0.000000000000000000e+00,0.000000000000000000e+00,0.000000000000000000e+00,0.000000000000000000e+00,0.000000000000000000e+00,0.000000000000000000e+00,0.000000000000000000e+00,1.040933374315500259e-02,0.000000000000000000e+00,0.000000000000000000e+00,0.000000000000000000e+00,0.000000000000000000e+00,0.000000000000000000e+00,0.000000000000000000e+00,0.000000000000000000e+00,0.000000000000000000e+00,0.000000000000000000e+00,0.000000000000000000e+00,0.000000000000000000e+00,0.000000000000000000e+00,0.000000000000000000e+00,4.020815831609070301e-04,2.458043210208415985e-02,4.110607877373695374e-02,6.404711306095123291e-02,8.591204881668090820e-02,1.121045798063278198e-01,1.246910989284515381e-01,1.509747207164764404e-01,1.380141228437423706e-01,6.148991361260414124e-02,0.000000000000000000e+00,0.000000000000000000e+00,0.000000000000000000e+00,0.000000000000000000e+00,0.000000000000000000e+00,1.627176813781261444e-02,9.216152131557464600e-02,1.792537271976470947e-01,1.127986535429954529e-01,1.029315814375877380e-01,6.733296066522598267e-02,4.290315881371498108e-02,2.489864081144332886e-02,2.235274296253919601e-03,0.000000000000000000e+00,0.000000000000000000e+00,0.000000000000000000e+00,0.000000000000000000e+00,0.000000000000000000e+00,0.000000000000000000e+00,0.000000000000000000e+00,1.096160965971648693e-03,6.987232714891433716e-03,4.925140738487243652e-02,6.406950950622558594e-02,3.549653664231300354e-02,0.000000000000000000e+00,0.000000000000000000e+00,0.000000000000000000e+00,0.000000000000000000e+00,0.000000000000000000e+00,0.000000000000000000e+00,0.000000000000000000e+00,0.000000000000000000e+00,0.000000000000000000e+00,0.000000000000000000e+00,0.000000000000000000e+00,0.000000000000000000e+00,0.000000000000000000e+00,0.000000000000000000e+00,0.000000000000000000e+00,0.000000000000000000e+00,0.000000000000000000e+00,0.000000000000000000e+00,0.000000000000000000e+00,1.300006289966404438e-03,6.388810928910970688e-03,1.503654103726148605e-02,1.431800518184900284e-02,2.777501649688929319e-04,7.060110103338956833e-03,4.158068820834159851e-02,6.191581860184669495e-02,6.948487460613250732e-02,7.024006545543670654e-02,7.649391144514083862e-02,3.844949975609779358e-02,1.386610511690378189e-02,2.364204078912734985e-02,3.236582502722740173e-02,2.431194297969341278e-02
1.771685481071472168e-01,7.963300496339797974e-02,2.273290604352951050e-01,2.601637542247772217e-01,2.233152240514755249e-01,3.468194007873535156e-01,4.831328392028808594e-01,4.214522540569305420e-01,6.485355496406555176e-01,7.767521142959594727e-01,7.638212442398071289e-01,6.959440708160400391e-01,6.222580075263977051e-01,6.349690556526184082e-01,6.267218589782714844e-01,5.513815283775329590e-01,5.948470234870910645e-01,3.880601227283477783e-01,2.143629789352416992e-01,1.014053300023078918e-01,1.223569288849830627e-01,1.761575490236282349e-01,4.771806895732879639e-01,5.474472641944885254e-01,8.417199254035949707e-01,1.012134075164794922e+00,1.041965126991271973e+00,7.400137186050415039e-01,4.148862957954406738e-01,5.122287869453430176e-01,3.630875945091247559e-01,1.338224112987518311e-01,2.355016469955444336e-01,2.590101957321166992e-01,2.137653529644012451e-01,1.112683042883872986e-01,6.892657279968261719e-02,1.412152685225009918e-02,3.932690713554620743e-03,0.000000000000000000e+00,0.000000000000000000e+00,1.100254710763692856e-02,0.000000000000000000e+00,3.670769743621349335e-03,0.000000000000000000e+00,0.000000000000000000e+00,1.498009916394948959e-02,1.077349707484245300e-01,1.783145219087600708e-01,2.036912143230438232e-01,2.460917979478836060e-01,2.694124579429626465e-01,2.640987038612365723e-01,3.836487829685211182e-01,3.300459384918212891e-01,3.108836412429809570e-01,2.938724756240844727e-01,1.834596246480941772e-01,1.921436935663223267e-01,1.423851400613784790e-01,1.671186536550521851e-01,1.428170949220657349e-01,5.382656678557395935e-02,3.918374329805374146e-02,1.374554727226495743e-02,0.000000000000000000e+00,0.000000000000000000e+00,0.000000000000000000e+00,0.000000000000000000e+00,0.000000000000000000e+00,0.000000000000000000e+00,0.000000000000000000e+00,0.000000000000000000e+00,0.000000000000000000e+00,0.000000000000000000e+00,0.000000000000000000e+00,0.000000000000000000e+00,0.000000000000000000e+00,0.000000000000000000e+00,0.000000000000000000e+00,0.000000000000000000e+00,0.000000000000000000e+00,0.000000000000000000e+00,0.000000000000000000e+00,0.000000000000000000e+00,0.000000000000000000e+00,0.000000000000000000e+00,0.000000000000000000e+00,0.000000000000000000e+00,0.000000000000000000e+00,0.000000000000000000e+00,0.000000000000000000e+00,0.000000000000000000e+00,0.000000000000000000e+00,0.000000000000000000e+00,0.000000000000000000e+00,0.000000000000000000e+00,0.000000000000000000e+00,0.000000000000000000e+00,0.000000000000000000e+00,0.000000000000000000e+00,0.000000000000000000e+00,0.000000000000000000e+00,0.000000000000000000e+00,0.000000000000000000e+00,0.000000000000000000e+00,0.000000000000000000e+00,0.000000000000000000e+00,0.000000000000000000e+00,0.000000000000000000e+00,0.000000000000000000e+00,0.000000000000000000e+00,0.000000000000000000e+00,0.000000000000000000e+00,0.000000000000000000e+00,0.000000000000000000e+00,0.000000000000000000e+00,0.000000000000000000e+00,0.000000000000000000e+00,0.000000000000000000e+00,0.000000000000000000e+00,0.000000000000000000e+00,0.000000000000000000e+00,0.000000000000000000e+00,0.000000000000000000e+00,0.000000000000000000e+00,0.000000000000000000e+00,0.000000000000000000e+00,0.000000000000000000e+00,0.000000000000000000e+00,0.000000000000000000e+00,0.000000000000000000e+00,0.000000000000000000e+00,0.000000000000000000e+00,0.000000000000000000e+00,0.000000000000000000e+00,0.000000000000000000e+00,0.000000000000000000e+00,0.000000000000000000e+00,0.000000000000000000e+00,0.000000000000000000e+00,0.000000000000000000e+00,0.000000000000000000e+00,0.000000000000000000e+00,0.000000000000000000e+00,0.000000000000000000e+00,0.000000000000000000e+00,0.000000000000000000e+00,0.000000000000000000e+00,0.000000000000000000e+00,0.000000000000000000e+00,0.000000000000000000e+00,0.000000000000000000e+00,0.000000000000000000e+00,0.000000000000000000e+00,0.000000000000000000e+00,0.000000000000000000e+00,0.000000000000000000e+00,0.000000000000000000e+00,0.000000000000000000e+00,0.000000000000000000e+00,0.000000000000000000e+00,0.000000000000000000e+00,0.000000000000000000e+00,0.000000000000000000e+00,2.467862796038389206e-03,5.799935758113861084e-02,3.537462651729583740e-02,6.327233463525772095e-02,1.090752035379409790e-01,8.476490527391433716e-02,7.661875337362289429e-02,1.387242525815963745e-01,8.424209803342819214e-02,7.427056133747100830e-02,0.000000000000000000e+00,2.727290149778127670e-03,0.000000000000000000e+00,0.000000000000000000e+00,0.000000000000000000e+00,4.995729401707649231e-02,4.776696860790252686e-02,1.808229833841323853e-01,1.274759471416473389e-01,1.154504194855690002e-01,8.976472169160842896e-02,6.462156027555465698e-02,3.004551492631435394e-02,6.311378441751003265e-03,0.000000000000000000e+00,0.000000000000000000e+00,0.000000000000000000e+00,0.000000000000000000e+00,0.000000000000000000e+00,0.000000000000000000e+00,0.000000000000000000e+00,0.000000000000000000e+00,5.484729190357029438e-04,4.181439056992530823e-03,3.978865221142768860e-02,0.000000000000000000e+00,0.000000000000000000e+00,0.000000000000000000e+00,0.000000000000000000e+00,0.000000000000000000e+00,0.000000000000000000e+00,0.000000000000000000e+00,0.000000000000000000e+00,0.000000000000000000e+00,0.000000000000000000e+00,0.000000000000000000e+00,0.000000000000000000e+00,0.000000000000000000e+00,0.000000000000000000e+00,0.000000000000000000e+00,0.000000000000000000e+00,0.000000000000000000e+00,0.000000000000000000e+00,0.000000000000000000e+00,1.921619637869298458e-03,3.485677996650338173e-03,8.850883692502975464e-03,1.715797930955886841e-02,1.279289368540048599e-03,0.000000000000000000e+00,2.924669301137328148e-03,4.869168996810913086e-02,6.382424384355545044e-02,1.313877403736114502e-01,1.142559722065925598e-01,1.017262190580368042e-01,4.467437043786048889e-02,7.831852883100509644e-03,8.093947544693946838e-03,2.110568434000015259e-02,2.019956894218921661e-02
1.926227807998657227e-01,1.793296486139297485e-01,1.440084725618362427e-01,2.003460079431533813e-01,2.712127566337585449e-01,3.831301927566528320e-01,4.716103971004486084e-01,4.117400646209716797e-01,5.667318105697631836e-01,7.491776347160339355e-01,6.830770373344421387e-01,7.127451300621032715e-01,5.446246266365051270e-01,5.070151686668395996e-01,4.541884362697601318e-01,4.001993238925933838e-01,3.767081499099731445e-01,3.267344534397125244e-01,2.156207412481307983e-01,8.873356133699417114e-02,1.253124177455902100e-01,1.726788431406021118e-01,2.504014074802398682e-01,3.365785479545593262e-01,6.198184490203857422e-01,7.437401413917541504e-01,7.467073798179626465e-01,5.245669484138488770e-01,2.669197320938110352e-01,2.251413613557815552e-01,4.318164587020874023e-01,1.897791922092437744e-01,2.017179280519485474e-01,2.281724512577056885e-01,7.128270715475082397e-02,5.656039807945489883e-03,0.000000000000000000e+00,0.000000000000000000e+00,0.000000000000000000e+00,0.000000000000000000e+00,5.982175935059785843e-03,0.000000000000000000e+00,0.000000000000000000e+00,0.000000000000000000e+00,0.000000000000000000e+00,0.000000000000000000e+00,4.063273314386606216e-03,1.515927761793136597e-01,2.002743929624557495e-01,2.449920475482940674e-01,2.013816237449645996e-01,4.070856273174285889e-01,3.612945675849914551e-01,3.366219997406005859e-01,2.608270049095153809e-01,2.144493758678436279e-01,2.716979384422302246e-01,2.301510125398635864e-01,2.174086272716522217e-01,2.195722758769989014e-01,1.320630460977554321e-01,1.231143251061439514e-01,1.904506683349609375e-01,2.282304763793945312e-01,2.007004320621490479e-01,1.820008852519094944e-03,0.000000000000000000e+00,0.000000000000000000e+00,0.000000000000000000e+00,0.000000000000000000e+00,0.000000000000000000e+00,0.000000000000000000e+00,0.000000000000000000e+00,0.000000000000000000e+00,0.000000000000000000e+00,0.000000000000000000e+00,0.000000000000000000e+00,0.000000000000000000e+00,0.000000000000000000e+00,0.000000000000000000e+00,0.000000000000000000e+00,0.000000000000000000e+00,0.000000000000000000e+00,0.000000000000000000e+00,0.000000000000000000e+00,0.000000000000000000e+00,0.000000000000000000e+00,0.000000000000000000e+00,0.000000000000000000e+00,0.000000000000000000e+00,0.000000000000000000e+00,0.000000000000000000e+00,0.000000000000000000e+00,0.000000000000000000e+00,0.000000000000000000e+00,0.000000000000000000e+00,0.000000000000000000e+00,0.000000000000000000e+00,0.000000000000000000e+00,0.000000000000000000e+00,0.000000000000000000e+00,0.000000000000000000e+00,0.000000000000000000e+00,0.000000000000000000e+00,0.000000000000000000e+00,0.000000000000000000e+00,0.000000000000000000e+00,0.000000000000000000e+00,0.000000000000000000e+00,0.000000000000000000e+00,0.000000000000000000e+00,0.000000000000000000e+00,0.000000000000000000e+00,0.000000000000000000e+00,0.000000000000000000e+00,0.000000000000000000e+00,0.000000000000000000e+00,0.000000000000000000e+00,0.000000000000000000e+00,0.000000000000000000e+00,0.000000000000000000e+00,0.000000000000000000e+00,0.000000000000000000e+00,0.000000000000000000e+00,0.000000000000000000e+00,0.000000000000000000e+00,0.000000000000000000e+00,0.000000000000000000e+00,0.000000000000000000e+00,0.000000000000000000e+00,0.000000000000000000e+00,0.000000000000000000e+00,0.000000000000000000e+00,0.000000000000000000e+00,0.000000000000000000e+00,0.000000000000000000e+00,0.000000000000000000e+00,0.000000000000000000e+00,0.000000000000000000e+00,0.000000000000000000e+00,0.000000000000000000e+00,0.000000000000000000e+00,0.000000000000000000e+00,0.000000000000000000e+00,0.000000000000000000e+00,0.000000000000000000e+00,0.000000000000000000e+00,0.000000000000000000e+00,0.000000000000000000e+00,3.604124300181865692e-03,0.000000000000000000e+00,0.000000000000000000e+00,0.000000000000000000e+00,0.000000000000000000e+00,0.000000000000000000e+00,0.000000000000000000e+00,0.000000000000000000e+00,0.000000000000000000e+00,0.000000000000000000e+00,0.000000000000000000e+00,0.000000000000000000e+00,0.000000000000000000e+00,0.000000000000000000e+00,1.395642943680286407e-02,1.415062323212623596e-02,2.352842502295970917e-02,3.466052189469337463e-02,5.380300804972648621e-02,1.235670149326324463e-01,1.262800097465515137e-01,7.208861410617828369e-02,8.719013631343841553e-02,1.223615929484367371e-01,5.452677607536315918e-02,3.515431657433509827e-02,2.863813750445842743e-02,9.469798533245921135e-04,0.000000000000000000e+00,0.000000000000000000e+00,0.000000000000000000e+00,3.981560468673706055e-02,1.045754328370094299e-01,2.295776158571243286e-01,1.399269104003906250e-01,1.382728219032287598e-01,1.096894666552543640e-01,7.714024931192398071e-02,2.277767471969127655e-02,9.244763641618192196e-04,0.000000000000000000e+00,0.000000000000000000e+00,0.000000000000000000e+00,0.000000000000000000e+00,0.000000000000000000e+00,0.000000000000000000e+00,0.000000000000000000e+00,0.000000000000000000e+00,0.000000000000000000e+00,0.000000000000000000e+00,0.000000000000000000e+00,0.000000000000000000e+00,0.000000000000000000e+00,0.000000000000000000e+00,0.000000000000000000e+00,0.000000000000000000e+00,0.000000000000000000e+00,0.000000000000000000e+00,0.000000000000000000e+00,0.000000000000000000e+00,0.000000000000000000e+00,0.000000000000000000e+00,0.000000000000000000e+00,0.000000000000000000e+00,0.000000000000000000e+00,0.000000000000000000e+00,0.000000000000000000e+00,8.378188125789165497e-03,5.300675518810749054e-03,3.826459404081106186e-03,5.978381726890802383e-03,1.204276178032159805e-02,2.061478793621063232e-02,3.660386661067605019e-03,0.000000000000000000e+00,4.774544504471123219e-04,2.140451967716217041e-02,6.365057080984115601e-02,6.128916516900062561e-02,9.094496071338653564e-02,6.865075975656509399e-02,7.219844311475753784e-02,4.195776581764221191e-02,4.761826246976852417e-03,6.655147299170494080e-04,4.463144391775131226e-02,5.176185443997383118e-02
5.009032040834426880e-02,7.785950601100921631e-02,1.154755204916000366e-01,1.111085265874862671e-01,1.008563488721847534e-01,1.591488867998123169e-01,2.793123126029968262e-01,3.022609949111938477e-01,3.628620803356170654e-01,6.158562898635864258e-01,6.348739266395568848e-01,5.474079847335815430e-01,4.764906764030456543e-01,5.211399197578430176e-01,4.764854013919830322e-01,3.815784454345703125e-01,3.061157464981079102e-01,3.342753052711486816e-01,2.193415313959121704e-01,1.934450119733810425e-01,6.172773987054824829e-02,6.287664920091629028e-02,1.983844190835952759e-01,3.051243424415588379e-01,5.012064576148986816e-01,5.251564383506774902e-01,5.177279114723205566e-01,4.618236124515533447e-01,4.740246832370758057e-01,3.887281715869903564e-01,3.560591638088226318e-01,1.359003335237503052e-01,9.550222754478454590e-02,4.968817159533500671e-02,4.639975354075431824e-02,0.000000000000000000e+00,0.000000000000000000e+00,2.812522463500499725e-03,3.067209618166089058e-04,0.000000000000000000e+00,0.000000000000000000e+00,2.395253832219168544e-04,0.000000000000000000e+00,0.000000000000000000e+00,0.000000000000000000e+00,0.000000000000000000e+00,0.000000000000000000e+00,1.390901803970336914e-01,1.582786142826080322e-01,2.443060278892517090e-01,3.403306603431701660e-01,2.796265780925750732e-01,2.704233527183532715e-01,2.264215946197509766e-01,2.231610119342803955e-01,2.637528777122497559e-01,1.714997291564941406e-01,1.635571122169494629e-01,2.058638334274291992e-01,2.016568779945373535e-01,1.864978969097137451e-01,1.422164589166641235e-01,1.713908016681671143e-01,9.993747621774673462e-02,9.918282181024551392e-02,3.334856592118740082e-04,0.000000000000000000e+00,0.000000000000000000e+00,0.000000000000000000e+00,0.000000000000000000e+00,0.000000000000000000e+00,0.000000000000000000e+00,0.000000000000000000e+00,0.000000000000000000e+00,0.000000000000000000e+00,0.000000000000000000e+00,0.000000000000000000e+00,0.000000000000000000e+00,0.000000000000000000e+00,0.000000000000000000e+00,0.000000000000000000e+00,0.000000000000000000e+00,0.000000000000000000e+00,0.000000000000000000e+00,0.000000000000000000e+00,0.000000000000000000e+00,0.000000000000000000e+00,0.000000000000000000e+00,0.000000000000000000e+00,0.000000000000000000e+00,0.000000000000000000e+00,0.000000000000000000e+00,0.000000000000000000e+00,0.000000000000000000e+00,0.000000000000000000e+00,0.000000000000000000e+00,0.000000000000000000e+00,0.000000000000000000e+00,0.000000000000000000e+00,0.000000000000000000e+00,0.000000000000000000e+00,0.000000000000000000e+00,0.000000000000000000e+00,0.000000000000000000e+00,0.000000000000000000e+00,0.000000000000000000e+00,0.000000000000000000e+00,0.000000000000000000e+00,0.000000000000000000e+00,0.000000000000000000e+00,0.000000000000000000e+00,0.000000000000000000e+00,0.000000000000000000e+00,0.000000000000000000e+00,0.000000000000000000e+00,0.000000000000000000e+00,0.000000000000000000e+00,0.000000000000000000e+00,0.000000000000000000e+00,0.000000000000000000e+00,0.000000000000000000e+00,0.000000000000000000e+00,0.000000000000000000e+00,0.000000000000000000e+00,0.000000000000000000e+00,0.000000000000000000e+00,0.000000000000000000e+00,0.000000000000000000e+00,0.000000000000000000e+00,0.000000000000000000e+00,0.000000000000000000e+00,0.000000000000000000e+00,0.000000000000000000e+00,0.000000000000000000e+00,0.000000000000000000e+00,0.000000000000000000e+00,0.000000000000000000e+00,0.000000000000000000e+00,0.000000000000000000e+00,0.000000000000000000e+00,0.000000000000000000e+00,0.000000000000000000e+00,0.000000000000000000e+00,0.000000000000000000e+00,0.000000000000000000e+00,0.000000000000000000e+00,0.000000000000000000e+00,7.575448136776685715e-03,1.342033036053180695e-02,3.561261692084372044e-04,0.000000000000000000e+00,0.000000000000000000e+00,0.000000000000000000e+00,0.000000000000000000e+00,0.000000000000000000e+00,0.000000000000000000e+00,0.000000000000000000e+00,0.000000000000000000e+00,0.000000000000000000e+00,0.000000000000000000e+00,3.887996717821806669e-05,9.166738949716091156e-03,1.942935585975646973e-02,1.059509161859750748e-02,1.200080756098031998e-02,1.438448112457990646e-02,2.161535993218421936e-02,3.672029823064804077e-02,1.123650148510932922e-01,6.497840583324432373e-02,2.080698963254690170e-03,6.872043758630752563e-02,6.535779684782028198e-02,4.245728626847267151e-02,4.648274928331375122e-02,1.100422814488410950e-02,0.000000000000000000e+00,0.000000000000000000e+00,0.000000000000000000e+00,0.000000000000000000e+00,2.323678880929946899e-02,2.554907202720642090e-01,1.189487800002098083e-01,8.470091968774795532e-02,5.794431641697883606e-02,3.889610618352890015e-02,1.221393514424562454e-02,8.256586734205484390e-04,0.000000000000000000e+00,0.000000000000000000e+00,0.000000000000000000e+00,2.422010758891701698e-03,2.364111831411719322e-03,0.000000000000000000e+00,0.000000000000000000e+00,0.000000000000000000e+00,0.000000000000000000e+00,0.000000000000000000e+00,0.000000000000000000e+00,0.000000000000000000e+00,0.000000000000000000e+00,0.000000000000000000e+00,0.000000000000000000e+00,0.000000000000000000e+00,0.000000000000000000e+00,0.000000000000000000e+00,0.000000000000000000e+00,0.000000000000000000e+00,0.000000000000000000e+00,0.000000000000000000e+00,0.000000000000000000e+00,0.000000000000000000e+00,0.000000000000000000e+00,0.000000000000000000e+00,0.000000000000000000e+00,0.000000000000000000e+00,5.501459236256778240e-04,1.804878376424312592e-02,8.009722083806991577e-02,5.819441378116607666e-02,5.080636590719223022e-02,9.540387429296970367e-03,9.285651147365570068e-03,1.270316354930400848e-02,2.757535874843597412e-02,3.424818068742752075e-02,6.996226310729980469e-02,6.243735924363136292e-02,4.000779986381530762e-02,2.932740375399589539e-02,3.819912672042846680e-02,5.234051495790481567e-03,0.000000000000000000e+00,0.000000000000000000e+00,2.787680737674236298e-02,7.619886100292205811e-02
3.812774643301963806e-02,6.103846430778503418e-02,4.757152125239372253e-02,1.136922985315322876e-01,6.284210085868835449e-02,1.273645609617233276e-01,1.414216607809066772e-01,1.309319436550140381e-01,2.736640572547912598e-01,3.003218770027160645e-01,2.004205584526062012e-01,2.589299976825714111e-01,3.213014006614685059e-01,2.804446816444396973e-01,3.125842809677124023e-01,3.477578163146972656e-01,3.709485530853271484e-01,2.671451568603515625e-01,1.993522047996520996e-01,2.162669599056243896e-01,1.834496855735778809e-01,1.177901476621627808e-01,2.511259913444519043e-01,2.986076176166534424e-01,4.710582196712493896e-01,5.221869349479675293e-01,5.434336066246032715e-01,5.648502707481384277e-01,5.233995914459228516e-01,5.194352269172668457e-01,3.240788578987121582e-01,8.277027308940887451e-02,1.071843504905700684e-01,7.654863595962524414e-02,4.555782303214073181e-02,1.225490868091583252e-02,2.280960977077484131e-02,3.862474113702774048e-03,0.000000000000000000e+00,0.000000000000000000e+00,5.150627344846725464e-02,4.289165511727333069e-02,1.328730676323175430e-02,5.868989974260330200e-03,2.844937704503536224e-02,3.335959464311599731e-02,0.000000000000000000e+00,1.123925298452377319e-02,1.943842694163322449e-02,1.554502397775650024e-01,1.946338117122650146e-01,2.345874309539794922e-01,2.309757918119430542e-01,2.422584742307662964e-01,2.777467966079711914e-01,3.296405375003814697e-01,2.436112910509109497e-01,2.035247683525085449e-01,2.561412453651428223e-01,2.054060399532318115e-01,1.246027201414108276e-01,1.630486845970153809e-01,1.441782712936401367e-01,6.186251714825630188e-02,4.257868602871894836e-02,0.000000000000000000e+00,0.000000000000000000e+00,0.000000000000000000e+00,0.000000000000000000e+00,0.000000000000000000e+00,0.000000000000000000e+00,0.000000000000000000e+00,0.000000000000000000e+00,0.000000000000000000e+00,0.000000000000000000e+00,0.000000000000000000e+00,0.000000000000000000e+00,0.000000000000000000e+00,0.000000000000000000e+00,0.000000000000000000e+00,0.000000000000000000e+00,0.000000000000000000e+00,0.000000000000000000e+00,0.000000000000000000e+00,0.000000000000000000e+00,0.000000000000000000e+00,0.000000000000000000e+00,0.000000000000000000e+00,0.000000000000000000e+00,0.000000000000000000e+00,0.000000000000000000e+00,0.000000000000000000e+00,0.000000000000000000e+00,0.000000000000000000e+00,0.000000000000000000e+00,0.000000000000000000e+00,0.000000000000000000e+00,0.000000000000000000e+00,0.000000000000000000e+00,0.000000000000000000e+00,0.000000000000000000e+00,0.000000000000000000e+00,0.000000000000000000e+00,0.000000000000000000e+00,0.000000000000000000e+00,0.000000000000000000e+00,0.000000000000000000e+00,0.000000000000000000e+00,0.000000000000000000e+00,0.000000000000000000e+00,0.000000000000000000e+00,0.000000000000000000e+00,0.000000000000000000e+00,0.000000000000000000e+00,0.000000000000000000e+00,0.000000000000000000e+00,0.000000000000000000e+00,0.000000000000000000e+00,0.000000000000000000e+00,0.000000000000000000e+00,0.000000000000000000e+00,0.000000000000000000e+00,0.000000000000000000e+00,0.000000000000000000e+00,0.000000000000000000e+00,0.000000000000000000e+00,0.000000000000000000e+00,0.000000000000000000e+00,0.000000000000000000e+00,0.000000000000000000e+00,0.000000000000000000e+00,0.000000000000000000e+00,0.000000000000000000e+00,0.000000000000000000e+00,0.000000000000000000e+00,0.000000000000000000e+00,0.000000000000000000e+00,0.000000000000000000e+00,0.000000000000000000e+00,0.000000000000000000e+00,0.000000000000000000e+00,0.000000000000000000e+00,0.000000000000000000e+00,0.000000000000000000e+00,0.000000000000000000e+00,0.000000000000000000e+00,0.000000000000000000e+00,0.000000000000000000e+00,2.085365587845444679e-03,0.000000000000000000e+00,0.000000000000000000e+00,0.000000000000000000e+00,0.000000000000000000e+00,0.000000000000000000e+00,0.000000000000000000e+00,0.000000000000000000e+00,0.000000000000000000e+00,0.000000000000000000e+00,0.000000000000000000e+00,0.000000000000000000e+00,1.331906672567129135e-02,2.057957090437412262e-02,1.932598650455474854e-02,2.058475092053413391e-02,2.240053005516529083e-02,3.180398046970367432e-02,2.727699279785156250e-02,1.231707483530044556e-01,1.249666512012481689e-01,1.104485914111137390e-01,9.499090909957885742e-02,8.092358708381652832e-02,4.546393081545829773e-02,2.227414958178997040e-02,1.394913159310817719e-02,0.000000000000000000e+00,0.000000000000000000e+00,0.000000000000000000e+00,0.000000000000000000e+00,2.742195734754204750e-03,1.650344133377075195e-01,1.309608072042465210e-01,1.033170372247695923e-01,8.229444175958633423e-02,5.036414787173271179e-02,1.375014241784811020e-02,3.326498344540596008e-02,6.536152213811874390e-03,0.000000000000000000e+00,0.000000000000000000e+00,0.000000000000000000e+00,3.582826815545558929e-03,7.288182154297828674e-03,0.000000000000000000e+00,0.000000000000000000e+00,0.000000000000000000e+00,0.000000000000000000e+00,0.000000000000000000e+00,0.000000000000000000e+00,0.000000000000000000e+00,0.000000000000000000e+00,0.000000000000000000e+00,0.000000000000000000e+00,0.000000000000000000e+00,0.000000000000000000e+00,0.000000000000000000e+00,0.000000000000000000e+00,0.000000000000000000e+00,0.000000000000000000e+00,0.000000000000000000e+00,0.000000000000000000e+00,0.000000000000000000e+00,0.000000000000000000e+00,0.000000000000000000e+00,0.000000000000000000e+00,0.000000000000000000e+00,0.000000000000000000e+00,0.000000000000000000e+00,1.004673540592193604e-01,7.927118241786956787e-02,6.437359750270843506e-02,9.086060337722301483e-03,2.895290404558181763e-02,2.861965261399745941e-02,3.967317193746566772e-02,5.829249694943428040e-02,7.044431567192077637e-02,4.388694465160369873e-02,3.235905617475509644e-02,5.570783745497465134e-03,2.019681967794895172e-02,8.312208577990531921e-03,0.000000000000000000e+00,0.000000000000000000e+00,0.000000000000000000e+00,4.815150517970323563e-03
6.441695988178253174e-02,1.256862133741378784e-01,1.436619311571121216e-01,1.097320914268493652e-01,1.039943024516105652e-01,1.753066480159759521e-01,2.287023067474365234e-01,1.464980393648147583e-01,2.121185362339019775e-01,2.817918360233306885e-01,2.397666126489639282e-01,2.094137072563171387e-01,2.492208033800125122e-01,2.708404660224914551e-01,3.405063152313232422e-01,4.030752480030059814e-01,3.986600935459136963e-01,2.981568574905395508e-01,1.741053909063339233e-01,1.889816373586654663e-01,9.427561610937118530e-02,1.067850142717361450e-01,2.352045774459838867e-01,2.303617298603057861e-01,3.583022952079772949e-01,4.999999403953552246e-01,5.435733199119567871e-01,5.586681962013244629e-01,5.340625047683715820e-01,5.494799017906188965e-01,3.888476490974426270e-01,2.297164350748062134e-01,2.177372425794601440e-01,1.454742103815078735e-01,9.537743031978607178e-02,1.885001896880567074e-03,0.000000000000000000e+00,0.000000000000000000e+00,0.000000000000000000e+00,0.000000000000000000e+00,1.515917014330625534e-02,2.884671650826931000e-02,1.720579806715250015e-03,4.137406591325998306e-03,6.293177604675292969e-02,8.597405999898910522e-02,5.695824045687913895e-03,1.216034404933452606e-03,4.237383976578712463e-02,1.171413660049438477e-01,1.498534977436065674e-01,2.076596766710281372e-01,2.091204077005386353e-01,2.648286521434783936e-01,3.005768656730651855e-01,3.107118904590606689e-01,2.453240305185317993e-01,1.850414872169494629e-01,1.603518575429916382e-01,1.588052511215209961e-01,1.404118239879608154e-01,1.675342321395874023e-01,1.795276105403900146e-01,6.958803534507751465e-02,4.103223606944084167e-02,0.000000000000000000e+00,0.000000000000000000e+00,0.000000000000000000e+00,0.000000000000000000e+00,0.000000000000000000e+00,0.000000000000000000e+00,0.000000000000000000e+00,0.000000000000000000e+00,0.000000000000000000e+00,0.000000000000000000e+00,0.000000000000000000e+00,0.000000000000000000e+00,0.000000000000000000e+00,0.000000000000000000e+00,0.000000000000000000e+00,0.000000000000000000e+00,0.000000000000000000e+00,0.000000000000000000e+00,0.000000000000000000e+00,0.000000000000000000e+00,0.000000000000000000e+00,0.000000000000000000e+00,0.000000000000000000e+00,0.000000000000000000e+00,0.000000000000000000e+00,0.000000000000000000e+00,0.000000000000000000e+00,0.000000000000000000e+00,0.000000000000000000e+00,0.000000000000000000e+00,0.000000000000000000e+00,0.000000000000000000e+00,0.000000000000000000e+00,0.000000000000000000e+00,0.000000000000000000e+00,0.000000000000000000e+00,0.000000000000000000e+00,0.000000000000000000e+00,0.000000000000000000e+00,0.000000000000000000e+00,0.000000000000000000e+00,0.000000000000000000e+00,0.000000000000000000e+00,0.000000000000000000e+00,0.000000000000000000e+00,0.000000000000000000e+00,0.000000000000000000e+00,0.000000000000000000e+00,0.000000000000000000e+00,0.000000000000000000e+00,0.000000000000000000e+00,0.000000000000000000e+00,0.000000000000000000e+00,0.000000000000000000e+00,0.000000000000000000e+00,0.000000000000000000e+00,0.000000000000000000e+00,0.000000000000000000e+00,0.000000000000000000e+00,0.000000000000000000e+00,0.000000000000000000e+00,0.000000000000000000e+00,0.000000000000000000e+00,0.000000000000000000e+00,0.000000000000000000e+00,0.000000000000000000e+00,0.000000000000000000e+00,0.000000000000000000e+00,0.000000000000000000e+00,0.000000000000000000e+00,0.000000000000000000e+00,0.000000000000000000e+00,0.000000000000000000e+00,0.000000000000000000e+00,0.000000000000000000e+00,0.000000000000000000e+00,0.000000000000000000e+00,0.000000000000000000e+00,0.000000000000000000e+00,0.000000000000000000e+00,0.000000000000000000e+00,0.000000000000000000e+00,0.000000000000000000e+00,0.000000000000000000e+00,0.000000000000000000e+00,0.000000000000000000e+00,1.010303036309778690e-03,0.000000000000000000e+00,0.000000000000000000e+00,0.000000000000000000e+00,0.000000000000000000e+00,0.000000000000000000e+00,0.000000000000000000e+00,0.000000000000000000e+00,2.216273685917258263e-03,2.289079874753952026e-02,3.098068945109844208e-02,4.456993937492370605e-02,3.666843846440315247e-02,4.220281168818473816e-02,6.970511376857757568e-02,6.957192718982696533e-02,1.119360327720642090e-01,1.057207509875297546e-01,1.245787143707275391e-01,3.966895118355751038e-02,2.106977067887783051e-02,2.402262762188911438e-02,1.839740900322794914e-03,0.000000000000000000e+00,0.000000000000000000e+00,0.000000000000000000e+00,0.000000000000000000e+00,2.694668248295783997e-02,7.677680999040603638e-02,1.207856088876724243e-01,1.248210370540618896e-01,1.211032345890998840e-01,6.551650911569595337e-02,2.850397489964962006e-02,0.000000000000000000e+00,1.543426769785583019e-03,1.661660149693489075e-02,5.850287526845932007e-02,2.479416131973266602e-02,0.000000000000000000e+00,4.658359661698341370e-02,1.425646804273128510e-02,0.000000000000000000e+00,0.000000000000000000e+00,0.000000000000000000e+00,0.000000000000000000e+00,0.000000000000000000e+00,0.000000000000000000e+00,0.000000000000000000e+00,0.000000000000000000e+00,0.000000000000000000e+00,0.000000000000000000e+00,0.000000000000000000e+00,0.000000000000000000e+00,0.000000000000000000e+00,0.000000000000000000e+00,0.000000000000000000e+00,0.000000000000000000e+00,0.000000000000000000e+00,0.000000000000000000e+00,0.000000000000000000e+00,0.000000000000000000e+00,0.000000000000000000e+00,0.000000000000000000e+00,0.000000000000000000e+00,0.000000000000000000e+00,0.000000000000000000e+00,8.402093499898910522e-02,1.140901222825050354e-01,7.313225418329238892e-02,3.647683933377265930e-02,4.334435611963272095e-02,4.508194699883460999e-02,4.602087661623954773e-02,5.737347155809402466e-02,8.204311877489089966e-02,4.777234420180320740e-02,3.753143921494483948e-02,1.650826015975326300e-04,8.569736033678054810e-03,1.653723418712615967e-02,0.000000000000000000e+00,0.000000000000000000e+00,0.000000000000000000e+00,0.000000000000000000e+00
0.000000000000000000e+00,0.000000000000000000e+00,3.379871696233749390e-02,1.177712008357048035e-01,1.260645836591720581e-01,1.166147217154502869e-01,1.751354634761810303e-01,2.821963727474212646e-01,1.206675320863723755e-01,3.634278848767280579e-02,3.271222859621047974e-02,5.063516274094581604e-02,1.574827581644058228e-01,1.057624146342277527e-01,1.991666257381439209e-01,2.421199679374694824e-01,2.347165644168853760e-01,2.042963355779647827e-01,1.358502060174942017e-01,1.848932802677154541e-01,1.737433373928070068e-01,1.343554854393005371e-01,2.599281370639801025e-01,2.736791670322418213e-01,2.850632965564727783e-01,4.615714550018310547e-01,5.575793385505676270e-01,5.525719523429870605e-01,5.488165020942687988e-01,5.867530703544616699e-01,3.750393092632293701e-01,2.342396527528762817e-01,1.549952030181884766e-01,7.350238412618637085e-02,1.609285920858383179e-01,0.000000000000000000e+00,0.000000000000000000e+00,3.697336651384830475e-03,9.190113842487335205e-02,7.282210141420364380e-02,5.820657312870025635e-02,9.465087950229644775e-02,2.608387265354394913e-03,8.504509180784225464e-02,3.584996759891510010e-01,3.974748849868774414e-01,1.841510981321334839e-01,2.013375908136367798e-01,1.805959045886993408e-01,1.454341709613800049e-01,1.684562265872955322e-01,1.755127906799316406e-01,1.677153706550598145e-01,3.032927811145782471e-01,2.935119271278381348e-01,2.733065187931060791e-01,2.291250377893447876e-01,1.763479262590408325e-01,1.854813992977142334e-01,2.200900763273239136e-01,1.518927961587905884e-01,1.600619852542877197e-01,3.770319372415542603e-02,8.915152400732040405e-03,3.703379305079579353e-03,0.000000000000000000e+00,0.000000000000000000e+00,0.000000000000000000e+00,0.000000000000000000e+00,0.000000000000000000e+00,0.000000000000000000e+00,0.000000000000000000e+00,0.000000000000000000e+00,0.000000000000000000e+00,0.000000000000000000e+00,0.000000000000000000e+00,0.000000000000000000e+00,0.000000000000000000e+00,0.000000000000000000e+00,0.000000000000000000e+00,0.000000000000000000e+00,0.000000000000000000e+00,0.000000000000000000e+00,0.000000000000000000e+00,0.000000000000000000e+00,0.000000000000000000e+00,0.000000000000000000e+00,0.000000000000000000e+00,0.000000000000000000e+00,0.000000000000000000e+00,0.000000000000000000e+00,0.000000000000000000e+00,0.000000000000000000e+00,0.000000000000000000e+00,0.000000000000000000e+00,0.000000000000000000e+00,0.000000000000000000e+00,0.000000000000000000e+00,0.000000000000000000e+00,0.000000000000000000e+00,0.000000000000000000e+00,0.000000000000000000e+00,0.000000000000000000e+00,0.000000000000000000e+00,0.000000000000000000e+00,0.000000000000000000e+00,0.000000000000000000e+00,0.000000000000000000e+00,0.000000000000000000e+00,0.000000000000000000e+00,0.000000000000000000e+00,0.000000000000000000e+00,0.000000000000000000e+00,0.000000000000000000e+00,0.000000000000000000e+00,0.000000000000000000e+00,0.000000000000000000e+00,0.000000000000000000e+00,0.000000000000000000e+00,0.000000000000000000e+00,0.000000000000000000e+00,0.000000000000000000e+00,0.000000000000000000e+00,0.000000000000000000e+00,0.000000000000000000e+00,0.000000000000000000e+00,0.000000000000000000e+00,0.000000000000000000e+00,0.000000000000000000e+00,0.000000000000000000e+00,0.000000000000000000e+00,0.000000000000000000e+00,0.000000000000000000e+00,0.000000000000000000e+00,0.000000000000000000e+00,0.000000000000000000e+00,0.000000000000000000e+00,0.000000000000000000e+00,0.000000000000000000e+00,0.000000000000000000e+00,0.000000000000000000e+00,0.000000000000000000e+00,0.000000000000000000e+00,0.000000000000000000e+00,0.000000000000000000e+00,0.000000000000000000e+00,0.000000000000000000e+00,0.000000000000000000e+00,0.000000000000000000e+00,0.000000000000000000e+00,0.000000000000000000e+00,0.000000000000000000e+00,0.000000000000000000e+00,0.000000000000000000e+00,0.000000000000000000e+00,0.000000000000000000e+00,0.000000000000000000e+00,0.000000000000000000e+00,0.000000000000000000e+00,1.461659930646419525e-02,3.614004701375961304e-02,5.205845460295677185e-02,5.710164085030555725e-02,7.241443544626235962e-02,8.373443037271499634e-02,7.569797337055206299e-02,5.699120834469795227e-02,7.418727874755859375e-02,3.276464715600013733e-02,2.448749169707298279e-02,0.000000000000000000e+00,0.000000000000000000e+00,5.173312500119209290e-03,0.000000000000000000e+00,0.000000000000000000e+00,0.000000000000000000e+00,0.000000000000000000e+00,1.248653139919042587e-02,1.154785789549350739e-02,5.462983623147010803e-02,1.132485643029212952e-01,1.175527051091194153e-01,1.188675090670585632e-01,2.725439844653010368e-03,0.000000000000000000e+00,0.000000000000000000e+00,0.000000000000000000e+00,0.000000000000000000e+00,0.000000000000000000e+00,1.436294987797737122e-03,1.244054213166236877e-01,1.561920791864395142e-01,4.581929370760917664e-02,0.000000000000000000e+00,0.000000000000000000e+00,0.000000000000000000e+00,0.000000000000000000e+00,0.000000000000000000e+00,0.000000000000000000e+00,0.000000000000000000e+00,0.000000000000000000e+00,0.000000000000000000e+00,0.000000000000000000e+00,0.000000000000000000e+00,0.000000000000000000e+00,0.000000000000000000e+00,0.000000000000000000e+00,0.000000000000000000e+00,0.000000000000000000e+00,0.000000000000000000e+00,0.000000000000000000e+00,0.000000000000000000e+00,0.000000000000000000e+00,0.000000000000000000e+00,0.000000000000000000e+00,0.000000000000000000e+00,0.000000000000000000e+00,0.000000000000000000e+00,5.681822821497917175e-02,3.526025265455245972e-02,4.664080962538719177e-02,4.938794672489166260e-02,5.054318532347679138e-02,4.309824109077453613e-02,4.374120756983757019e-02,4.541977867484092712e-02,8.757053315639495850e-02,4.578172415494918823e-02,1.949592866003513336e-02,2.113656606525182724e-03,7.496919133700430393e-04,2.844355069100856781e-02,2.413274254649877548e-03,0.000000000000000000e+00,0.000000000000000000e+00,0.000000000000000000e+00
0.000000000000000000e+00,0.000000000000000000e+00,3.973029181361198425e-02,3.861098736524581909e-02,3.126240149140357971e-02,4.195652157068252563e-02,9.918488562107086182e-03,9.175343811511993408e-02,1.725095063447952271e-01,1.195381507277488708e-01,1.875316025689244270e-03,1.332725677639245987e-02,4.985604062676429749e-02,3.627813979983329773e-02,6.925555318593978882e-02,8.913512527942657471e-02,1.767572164535522461e-01,1.852723509073257446e-01,1.958803236484527588e-01,2.245334982872009277e-01,2.336920052766799927e-01,2.443332821130752563e-01,2.477296888828277588e-01,2.062948346138000488e-01,3.063659965991973877e-01,3.636818230152130127e-01,4.949941337108612061e-01,5.759741067886352539e-01,4.335263967514038086e-01,4.805665612220764160e-01,3.628351390361785889e-01,3.042290508747100830e-01,2.451932579278945923e-01,1.484408080577850342e-01,2.780369296669960022e-02,0.000000000000000000e+00,3.915013279765844345e-03,1.042187493294477463e-02,1.665288060903549194e-01,1.472927927970886230e-01,1.579709351062774658e-01,1.658232957124710083e-01,6.996667385101318359e-02,0.000000000000000000e+00,4.022244736552238464e-02,6.290281563997268677e-02,1.545469611883163452e-01,2.758176326751708984e-01,2.708724439144134521e-01,8.307519555091857910e-02,1.704621315002441406e-01,2.298529893159866333e-01,2.653926610946655273e-01,2.917536795139312744e-01,3.142658770084381104e-01,3.225405514240264893e-01,2.258244454860687256e-01,2.117097377777099609e-01,1.813135594129562378e-01,3.219382464885711670e-01,2.108038067817687988e-01,1.974684745073318481e-01,4.035167396068572998e-02,2.125929808244109154e-03,0.000000000000000000e+00,0.000000000000000000e+00,0.000000000000000000e+00,0.000000000000000000e+00,0.000000000000000000e+00,0.000000000000000000e+00,0.000000000000000000e+00,0.000000000000000000e+00,0.000000000000000000e+00,0.000000000000000000e+00,0.000000000000000000e+00,0.000000000000000000e+00,0.000000000000000000e+00,0.000000000000000000e+00,0.000000000000000000e+00,0.000000000000000000e+00,0.000000000000000000e+00,0.000000000000000000e+00,0.000000000000000000e+00,0.000000000000000000e+00,0.000000000000000000e+00,0.000000000000000000e+00,0.000000000000000000e+00,0.000000000000000000e+00,0.000000000000000000e+00,0.000000000000000000e+00,0.000000000000000000e+00,0.000000000000000000e+00,0.000000000000000000e+00,0.000000000000000000e+00,0.000000000000000000e+00,0.000000000000000000e+00,0.000000000000000000e+00,0.000000000000000000e+00,0.000000000000000000e+00,0.000000000000000000e+00,0.000000000000000000e+00,0.000000000000000000e+00,0.000000000000000000e+00,0.000000000000000000e+00,0.000000000000000000e+00,0.000000000000000000e+00,0.000000000000000000e+00,0.000000000000000000e+00,0.000000000000000000e+00,0.000000000000000000e+00,0.000000000000000000e+00,0.000000000000000000e+00,0.000000000000000000e+00,0.000000000000000000e+00,0.000000000000000000e+00,0.000000000000000000e+00,0.000000000000000000e+00,0.000000000000000000e+00,0.000000000000000000e+00,0.000000000000000000e+00,0.000000000000000000e+00,0.000000000000000000e+00,0.000000000000000000e+00,0.000000000000000000e+00,0.000000000000000000e+00,0.000000000000000000e+00,0.000000000000000000e+00,0.000000000000000000e+00,0.000000000000000000e+00,0.000000000000000000e+00,0.000000000000000000e+00,0.000000000000000000e+00,0.000000000000000000e+00,0.000000000000000000e+00,0.000000000000000000e+00,0.000000000000000000e+00,0.000000000000000000e+00,0.000000000000000000e+00,0.000000000000000000e+00,0.000000000000000000e+00,0.000000000000000000e+00,0.000000000000000000e+00,0.000000000000000000e+00,0.000000000000000000e+00,0.000000000000000000e+00,0.000000000000000000e+00,0.000000000000000000e+00,0.000000000000000000e+00,0.000000000000000000e+00,0.000000000000000000e+00,0.000000000000000000e+00,0.000000000000000000e+00,0.000000000000000000e+00,0.000000000000000000e+00,0.000000000000000000e+00,0.000000000000000000e+00,0.000000000000000000e+00,0.000000000000000000e+00,3.780584374908357859e-04,2.969620190560817719e-02,6.422810256481170654e-02,9.518120437860488892e-02,9.007409214973449707e-02,9.051804989576339722e-02,9.821370244026184082e-02,9.482797980308532715e-02,7.004255056381225586e-02,3.929673880338668823e-02,0.000000000000000000e+00,0.000000000000000000e+00,0.000000000000000000e+00,3.546760417520999908e-03,0.000000000000000000e+00,0.000000000000000000e+00,0.000000000000000000e+00,0.000000000000000000e+00,0.000000000000000000e+00,3.228935971856117249e-02,2.533761970698833466e-02,1.017473638057708740e-01,1.087094396352767944e-01,1.247300580143928528e-01,1.113120391964912415e-01,2.047721855342388153e-02,3.586166771128773689e-03,1.045793481171131134e-02,3.420123597607016563e-03,3.746626153588294983e-02,1.690997555851936340e-02,2.478850446641445160e-02,0.000000000000000000e+00,2.114347554743289948e-02,3.956693410873413086e-02,0.000000000000000000e+00,0.000000000000000000e+00,0.000000000000000000e+00,0.000000000000000000e+00,0.000000000000000000e+00,0.000000000000000000e+00,0.000000000000000000e+00,0.000000000000000000e+00,0.000000000000000000e+00,0.000000000000000000e+00,0.000000000000000000e+00,0.000000000000000000e+00,0.000000000000000000e+00,0.000000000000000000e+00,0.000000000000000000e+00,0.000000000000000000e+00,0.000000000000000000e+00,0.000000000000000000e+00,0.000000000000000000e+00,0.000000000000000000e+00,0.000000000000000000e+00,0.000000000000000000e+00,0.000000000000000000e+00,0.000000000000000000e+00,0.000000000000000000e+00,4.216909036040306091e-02,4.689152538776397705e-02,6.545291841030120850e-02,7.859864085912704468e-02,7.911568880081176758e-02,7.329554110765457153e-02,6.027522683143615723e-02,6.470567733049392700e-02,7.532782852649688721e-02,1.485996227711439133e-02,2.978848526254296303e-03,0.000000000000000000e+00,8.522709831595420837e-04,4.902319610118865967e-02,4.003375023603439331e-02,5.140504613518714905e-02,0.000000000000000000e+00,0.000000000000000000e+00
0.000000000000000000e+00,0.000000000000000000e+00,2.065117657184600830e-02,4.716293886303901672e-02,1.542142406105995178e-02,3.383544832468032837e-02,1.772009581327438354e-02,0.000000000000000000e+00,4.855380579829216003e-02,1.109919473528862000e-01,7.359270006418228149e-02,2.013004757463932037e-02,6.281405687332153320e-02,7.231520116329193115e-02,1.131737977266311646e-01,1.539172977209091187e-01,1.922229379415512085e-01,1.920858025550842285e-01,2.343230396509170532e-01,3.110479414463043213e-01,2.633010745048522949e-01,3.328494429588317871e-01,3.007934391498565674e-01,2.639932334423065186e-01,3.881970345973968506e-01,4.898694157600402832e-01,5.883722901344299316e-01,5.830254554748535156e-01,4.220632016658782959e-01,4.197817742824554443e-01,4.018355309963226318e-01,3.191198408603668213e-01,2.449210584163665771e-01,1.055065914988517761e-01,0.000000000000000000e+00,0.000000000000000000e+00,0.000000000000000000e+00,5.366705008782446384e-04,7.307431846857070923e-02,7.274319231510162354e-02,1.047810837626457214e-01,7.643090188503265381e-02,1.031528338789939880e-01,0.000000000000000000e+00,6.659150123596191406e-02,7.729246467351913452e-02,1.380831450223922729e-01,2.244991064071655273e-01,2.697138190269470215e-01,1.180518642067909241e-01,1.676357239484786987e-01,1.907685399055480957e-01,1.940933167934417725e-01,2.532698512077331543e-01,2.836850285530090332e-01,2.877261936664581299e-01,2.157938480377197266e-01,2.092523574829101562e-01,2.297886162996292114e-01,2.936525642871856689e-01,2.201338112354278564e-01,2.097768038511276245e-01,7.939795404672622681e-02,0.000000000000000000e+00,0.000000000000000000e+00,0.000000000000000000e+00,0.000000000000000000e+00,0.000000000000000000e+00,0.000000000000000000e+00,0.000000000000000000e+00,0.000000000000000000e+00,0.000000000000000000e+00,0.000000000000000000e+00,0.000000000000000000e+00,0.000000000000000000e+00,0.000000000000000000e+00,0.000000000000000000e+00,0.000000000000000000e+00,0.000000000000000000e+00,0.000000000000000000e+00,0.000000000000000000e+00,0.000000000000000000e+00,0.000000000000000000e+00,0.000000000000000000e+00,0.000000000000000000e+00,0.000000000000000000e+00,0.000000000000000000e+00,0.000000000000000000e+00,0.000000000000000000e+00,0.000000000000000000e+00,0.000000000000000000e+00,0.000000000000000000e+00,0.000000000000000000e+00,0.000000000000000000e+00,0.000000000000000000e+00,0.000000000000000000e+00,0.000000000000000000e+00,0.000000000000000000e+00,0.000000000000000000e+00,0.000000000000000000e+00,0.000000000000000000e+00,0.000000000000000000e+00,0.000000000000000000e+00,0.000000000000000000e+00,0.000000000000000000e+00,0.000000000000000000e+00,0.000000000000000000e+00,0.000000000000000000e+00,0.000000000000000000e+00,0.000000000000000000e+00,0.000000000000000000e+00,0.000000000000000000e+00,0.000000000000000000e+00,0.000000000000000000e+00,0.000000000000000000e+00,0.000000000000000000e+00,0.000000000000000000e+00,0.000000000000000000e+00,0.000000000000000000e+00,0.000000000000000000e+00,0.000000000000000000e+00,0.000000000000000000e+00,0.000000000000000000e+00,0.000000000000000000e+00,0.000000000000000000e+00,0.000000000000000000e+00,0.000000000000000000e+00,0.000000000000000000e+00,0.000000000000000000e+00,0.000000000000000000e+00,0.000000000000000000e+00,0.000000000000000000e+00,0.000000000000000000e+00,0.000000000000000000e+00,0.000000000000000000e+00,0.000000000000000000e+00,0.000000000000000000e+00,0.000000000000000000e+00,0.000000000000000000e+00,0.000000000000000000e+00,0.000000000000000000e+00,0.000000000000000000e+00,0.000000000000000000e+00,0.000000000000000000e+00,0.000000000000000000e+00,0.000000000000000000e+00,0.000000000000000000e+00,0.000000000000000000e+00,0.000000000000000000e+00,0.000000000000000000e+00,0.000000000000000000e+00,0.000000000000000000e+00,0.000000000000000000e+00,0.000000000000000000e+00,0.000000000000000000e+00,0.000000000000000000e+00,1.274864887818694115e-03,9.418172412551939487e-04,1.419268664903938770e-04,2.393499761819839478e-02,5.501271039247512817e-02,9.190788120031356812e-02,8.604960143566131592e-02,6.107192113995552063e-02,8.393126726150512695e-02,8.005797117948532104e-02,4.341417923569679260e-02,1.825710642151534557e-03,0.000000000000000000e+00,0.000000000000000000e+00,1.377730630338191986e-03,1.317665213719010353e-03,0.000000000000000000e+00,4.354705743025988340e-04,0.000000000000000000e+00,7.245831936597824097e-02,3.785610571503639221e-02,1.150613874197006226e-01,7.920758426189422607e-02,7.281501591205596924e-02,9.044353663921356201e-02,3.527093306183815002e-02,1.235270313918590546e-02,3.884023055434226990e-02,1.149829179048538208e-01,3.796081244945526123e-02,1.124200671911239624e-01,8.123302459716796875e-02,2.927021821960806847e-03,7.909148931503295898e-03,0.000000000000000000e+00,3.569076582789421082e-02,2.001583762466907501e-02,0.000000000000000000e+00,0.000000000000000000e+00,0.000000000000000000e+00,0.000000000000000000e+00,0.000000000000000000e+00,0.000000000000000000e+00,0.000000000000000000e+00,0.000000000000000000e+00,0.000000000000000000e+00,0.000000000000000000e+00,0.000000000000000000e+00,0.000000000000000000e+00,0.000000000000000000e+00,0.000000000000000000e+00,0.000000000000000000e+00,0.000000000000000000e+00,0.000000000000000000e+00,0.000000000000000000e+00,0.000000000000000000e+00,0.000000000000000000e+00,0.000000000000000000e+00,2.400330454111099243e-02,3.011106327176094055e-02,0.000000000000000000e+00,2.509484253823757172e-02,5.285542458295822144e-02,4.917475581169128418e-02,5.217123776674270630e-02,1.141504049301147461e-01,1.343860030174255371e-01,1.262295693159103394e-01,6.877855956554412842e-02,3.914181143045425415e-02,8.929125964641571045e-03,0.000000000000000000e+00,0.000000000000000000e+00,0.000000000000000000e+00,7.390898535959422588e-04,2.942981384694576263e-02,2.113203704357147217e-02,2.482595480978488922e-02,1.872663944959640503e-02,1.967037795111536980e-03
0.000000000000000000e+00,0.000000000000000000e+00,0.000000000000000000e+00,0.000000000000000000e+00,0.000000000000000000e+00,0.000000000000000000e+00,0.000000000000000000e+00,0.000000000000000000e+00,0.000000000000000000e+00,0.000000000000000000e+00,0.000000000000000000e+00,0.000000000000000000e+00,1.450608484447002411e-02,4.725803155452013016e-03,1.532475370913743973e-02,3.434422239661216736e-02,3.121711313724517822e-02,1.472017616033554077e-01,2.516769170761108398e-01,2.574447691440582275e-01,2.273454070091247559e-01,4.063585698604583740e-01,3.394008576869964600e-01,3.282524347305297852e-01,3.974665403366088867e-01,5.789036750793457031e-01,6.373472809791564941e-01,5.842396616935729980e-01,4.118822216987609863e-01,4.054910540580749512e-01,3.233952224254608154e-01,2.301261126995086670e-01,2.512262761592864990e-01,1.168506592512130737e-01,0.000000000000000000e+00,0.000000000000000000e+00,0.000000000000000000e+00,0.000000000000000000e+00,7.977657020092010498e-03,1.051196642220020294e-02,7.937535643577575684e-02,4.743919894099235535e-02,5.291068926453590393e-03,1.719596087932586670e-01,7.188970595598220825e-02,7.949961721897125244e-02,4.379754420369863510e-03,1.031103581190109253e-01,1.439756900072097778e-01,9.497305005788803101e-02,5.349050834774971008e-02,1.090642213821411133e-01,1.358789950609207153e-01,1.004809439182281494e-01,8.984444290399551392e-02,8.829101175069808960e-02,6.825371831655502319e-02,1.089407354593276978e-01,1.297045499086380005e-01,3.920851647853851318e-02,2.553583681583404541e-02,1.760209165513515472e-02,0.000000000000000000e+00,0.000000000000000000e+00,0.000000000000000000e+00,0.000000000000000000e+00,0.000000000000000000e+00,0.000000000000000000e+00,0.000000000000000000e+00,0.000000000000000000e+00,0.000000000000000000e+00,0.000000000000000000e+00,0.000000000000000000e+00,0.000000000000000000e+00,0.000000000000000000e+00,0.000000000000000000e+00,0.000000000000000000e+00,0.000000000000000000e+00,0.000000000000000000e+00,0.000000000000000000e+00,0.000000000000000000e+00,0.000000000000000000e+00,0.000000000000000000e+00,0.000000000000000000e+00,0.000000000000000000e+00,0.000000000000000000e+00,0.000000000000000000e+00,0.000000000000000000e+00,0.000000000000000000e+00,0.000000000000000000e+00,0.000000000000000000e+00,0.000000000000000000e+00,0.000000000000000000e+00,0.000000000000000000e+00,0.000000000000000000e+00,0.000000000000000000e+00,0.000000000000000000e+00,0.000000000000000000e+00,0.000000000000000000e+00,0.000000000000000000e+00,0.000000000000000000e+00,0.000000000000000000e+00,0.000000000000000000e+00,0.000000000000000000e+00,0.000000000000000000e+00,0.000000000000000000e+00,0.000000000000000000e+00,0.000000000000000000e+00,0.000000000000000000e+00,0.000000000000000000e+00,0.000000000000000000e+00,0.000000000000000000e+00,0.000000000000000000e+00,0.000000000000000000e+00,0.000000000000000000e+00,0.000000000000000000e+00,0.000000000000000000e+00,0.000000000000000000e+00,0.000000000000000000e+00,0.000000000000000000e+00,0.000000000000000000e+00,0.000000000000000000e+00,0.000000000000000000e+00,0.000000000000000000e+00,0.000000000000000000e+00,0.000000000000000000e+00,0.000000000000000000e+00,0.000000000000000000e+00,0.000000000000000000e+00,0.000000000000000000e+00,0.000000000000000000e+00,0.000000000000000000e+00,0.000000000000000000e+00,0.000000000000000000e+00,0.000000000000000000e+00,0.000000000000000000e+00,0.000000000000000000e+00,0.000000000000000000e+00,0.000000000000000000e+00,0.000000000000000000e+00,0.000000000000000000e+00,0.000000000000000000e+00,0.000000000000000000e+00,0.000000000000000000e+00,0.000000000000000000e+00,0.000000000000000000e+00,0.000000000000000000e+00,0.000000000000000000e+00,0.000000000000000000e+00,0.000000000000000000e+00,0.000000000000000000e+00,0.000000000000000000e+00,0.000000000000000000e+00,0.000000000000000000e+00,7.042382843792438507e-03,1.979293860495090485e-02,9.388843551278114319e-03,1.157149579375982285e-02,9.383102878928184509e-03,1.622630469501018524e-02,3.957128152251243591e-02,8.919090777635574341e-02,1.194126978516578674e-01,9.386012703180313110e-02,1.436565071344375610e-01,4.281216114759445190e-02,3.942804783582687378e-02,0.000000000000000000e+00,0.000000000000000000e+00,0.000000000000000000e+00,0.000000000000000000e+00,0.000000000000000000e+00,0.000000000000000000e+00,0.000000000000000000e+00,3.223755862563848495e-03,8.832895755767822266e-02,7.254013419151306152e-02,1.442101001739501953e-01,6.210055202245712280e-02,6.303361803293228149e-02,4.401739686727523804e-02,6.298429518938064575e-02,1.205645874142646790e-01,1.285362392663955688e-01,5.865531414747238159e-02,4.456073790788650513e-02,9.325339645147323608e-02,6.200598180294036865e-02,3.275113925337791443e-02,0.000000000000000000e+00,3.946388096665032208e-05,2.357866615056991577e-02,1.880378229543566704e-03,0.000000000000000000e+00,0.000000000000000000e+00,0.000000000000000000e+00,0.000000000000000000e+00,0.000000000000000000e+00,0.000000000000000000e+00,0.000000000000000000e+00,0.000000000000000000e+00,0.000000000000000000e+00,0.000000000000000000e+00,0.000000000000000000e+00,0.000000000000000000e+00,0.000000000000000000e+00,0.000000000000000000e+00,0.000000000000000000e+00,0.000000000000000000e+00,0.000000000000000000e+00,0.000000000000000000e+00,0.000000000000000000e+00,0.000000000000000000e+00,5.625930498354136944e-04,8.579322695732116699e-02,4.181397706270217896e-02,2.523103915154933929e-02,1.306810826063156128e-01,1.371732205152511597e-01,2.513140067458152771e-02,1.314654499292373657e-01,1.444632411003112793e-01,1.525907814502716064e-01,1.221617609262466431e-01,6.296440958976745605e-02,5.005759745836257935e-02,1.345085166394710541e-02,1.479128724895417690e-03,0.000000000000000000e+00,0.000000000000000000e+00,0.000000000000000000e+00,1.203887537121772766e-02,6.925298832356929779e-03,6.956593599170446396e-03,2.130636479705572128e-03,5.750812590122222900e-03
0.000000000000000000e+00,0.000000000000000000e+00,0.000000000000000000e+00,0.000000000000000000e+00,0.000000000000000000e+00,0.000000000000000000e+00,0.000000000000000000e+00,0.000000000000000000e+00,0.000000000000000000e+00,0.000000000000000000e+00,0.000000000000000000e+00,0.000000000000000000e+00,0.000000000000000000e+00,0.000000000000000000e+00,5.609709024429321289e-02,4.521032795310020447e-02,1.172913005575537682e-03,1.163518875837326050e-01,2.026741951704025269e-01,2.704434096813201904e-01,2.595484554767608643e-01,4.084973037242889404e-01,2.963177859783172607e-01,2.693436145782470703e-01,3.814182579517364502e-01,5.732606053352355957e-01,6.435534954071044922e-01,5.282517671585083008e-01,4.095378518104553223e-01,4.346064031124114990e-01,2.926106452941894531e-01,2.448481321334838867e-01,2.819214165210723877e-01,1.593846380710601807e-01,3.232597932219505310e-02,0.000000000000000000e+00,0.000000000000000000e+00,0.000000000000000000e+00,1.706205680966377258e-02,3.777762502431869507e-02,1.022969558835029602e-01,2.923896349966526031e-02,1.731769740581512451e-02,2.918360531330108643e-01,1.830471605062484741e-01,1.939724683761596680e-01,1.123844161629676819e-01,2.209679633378982544e-01,1.547029614448547363e-01,5.606231838464736938e-02,1.355424802750349045e-02,7.191572338342666626e-02,7.404487580060958862e-02,4.253832250833511353e-02,5.860745161771774292e-02,1.083959713578224182e-01,8.138053119182586670e-02,6.479657441377639771e-02,7.798645645380020142e-02,3.405725955963134766e-02,3.802848805207759142e-04,6.949805538170039654e-04,0.000000000000000000e+00,0.000000000000000000e+00,0.000000000000000000e+00,0.000000000000000000e+00,0.000000000000000000e+00,0.000000000000000000e+00,0.000000000000000000e+00,0.000000000000000000e+00,0.000000000000000000e+00,0.000000000000000000e+00,0.000000000000000000e+00,0.000000000000000000e+00,0.000000000000000000e+00,0.000000000000000000e+00,0.000000000000000000e+00,0.000000000000000000e+00,0.000000000000000000e+00,0.000000000000000000e+00,0.000000000000000000e+00,0.000000000000000000e+00,0.000000000000000000e+00,0.000000000000000000e+00,0.000000000000000000e+00,0.000000000000000000e+00,0.000000000000000000e+00,0.000000000000000000e+00,0.000000000000000000e+00,0.000000000000000000e+00,0.000000000000000000e+00,0.000000000000000000e+00,0.000000000000000000e+00,0.000000000000000000e+00,0.000000000000000000e+00,0.000000000000000000e+00,0.000000000000000000e+00,0.000000000000000000e+00,0.000000000000000000e+00,0.000000000000000000e+00,0.000000000000000000e+00,0.000000000000000000e+00,0.000000000000000000e+00,0.000000000000000000e+00,0.000000000000000000e+00,0.000000000000000000e+00,0.000000000000000000e+00,0.000000000000000000e+00,0.000000000000000000e+00,0.000000000000000000e+00,0.000000000000000000e+00,0.000000000000000000e+00,0.000000000000000000e+00,0.000000000000000000e+00,0.000000000000000000e+00,0.000000000000000000e+00,0.000000000000000000e+00,0.000000000000000000e+00,0.000000000000000000e+00,0.000000000000000000e+00,0.000000000000000000e+00,0.000000000000000000e+00,0.000000000000000000e+00,0.000000000000000000e+00,0.000000000000000000e+00,0.000000000000000000e+00,0.000000000000000000e+00,0.000000000000000000e+00,0.000000000000000000e+00,0.000000000000000000e+00,0.000000000000000000e+00,0.000000000000000000e+00,0.000000000000000000e+00,0.000000000000000000e+00,0.000000000000000000e+00,0.000000000000000000e+00,0.000000000000000000e+00,0.000000000000000000e+00,0.000000000000000000e+00,0.000000000000000000e+00,0.000000000000000000e+00,0.000000000000000000e+00,0.000000000000000000e+00,0.000000000000000000e+00,0.000000000000000000e+00,0.000000000000000000e+00,0.000000000000000000e+00,0.000000000000000000e+00,0.000000000000000000e+00,0.000000000000000000e+00,0.000000000000000000e+00,0.000000000000000000e+00,0.000000000000000000e+00,1.116109080612659454e-02,0.000000000000000000e+00,0.000000000000000000e+00,3.712917678058147430e-03,7.176344282925128937e-03,1.870940253138542175e-02,3.154350072145462036e-02,4.415433853864669800e-02,5.748651176691055298e-02,7.909850776195526123e-02,1.287255287170410156e-01,6.002125889062881470e-02,1.949944300577044487e-03,1.070506405085325241e-02,1.987602008739486337e-04,0.000000000000000000e+00,0.000000000000000000e+00,0.000000000000000000e+00,0.000000000000000000e+00,1.222423464059829712e-02,4.920671693980693817e-03,1.708276569843292236e-01,1.421401053667068481e-01,1.498472988605499268e-01,7.107358425855636597e-02,9.211437404155731201e-02,1.603943258523941040e-01,9.362080693244934082e-02,1.628301590681076050e-01,9.283273667097091675e-02,2.288045287132263184e-01,2.100465446710586548e-01,1.799850016832351685e-01,1.346639245748519897e-01,6.292687356472015381e-02,3.122208290733397007e-04,0.000000000000000000e+00,0.000000000000000000e+00,1.290870923548936844e-02,0.000000000000000000e+00,0.000000000000000000e+00,0.000000000000000000e+00,0.000000000000000000e+00,0.000000000000000000e+00,0.000000000000000000e+00,0.000000000000000000e+00,0.000000000000000000e+00,0.000000000000000000e+00,0.000000000000000000e+00,0.000000000000000000e+00,0.000000000000000000e+00,0.000000000000000000e+00,0.000000000000000000e+00,2.037155907601118088e-03,0.000000000000000000e+00,0.000000000000000000e+00,0.000000000000000000e+00,0.000000000000000000e+00,1.029544277116656303e-03,7.366665173321962357e-03,3.475359827280044556e-02,9.129923582077026367e-02,7.862717658281326294e-02,1.250943839550018311e-01,1.873285621404647827e-01,1.432527601718902588e-01,1.273508071899414062e-01,9.710688889026641846e-02,1.609229296445846558e-01,9.350693970918655396e-02,8.550337702035903931e-02,8.204621821641921997e-02,6.306053698062896729e-02,1.465848647058010101e-02,0.000000000000000000e+00,0.000000000000000000e+00,0.000000000000000000e+00,0.000000000000000000e+00,0.000000000000000000e+00,3.555820789188146591e-03,7.276067975908517838e-03,0.000000000000000000e+00,6.874906830489635468e-04
0.000000000000000000e+00,0.000000000000000000e+00,0.000000000000000000e+00,0.000000000000000000e+00,0.000000000000000000e+00,0.000000000000000000e+00,0.000000000000000000e+00,0.000000000000000000e+00,0.000000000000000000e+00,0.000000000000000000e+00,0.000000000000000000e+00,0.000000000000000000e+00,0.000000000000000000e+00,0.000000000000000000e+00,6.450709886848926544e-03,6.159126758575439453e-02,5.808388069272041321e-02,1.912565380334854126e-01,1.722492724657058716e-01,1.383341997861862183e-01,2.026998102664947510e-01,3.512506783008575439e-01,2.463942170143127441e-01,3.344749808311462402e-01,3.803717792034149170e-01,4.452032744884490967e-01,5.479745864868164062e-01,4.898212254047393799e-01,3.745753169059753418e-01,4.328429996967315674e-01,3.516474068164825439e-01,3.234596848487854004e-01,2.874217927455902100e-01,1.324401944875717163e-01,3.313626721501350403e-02,0.000000000000000000e+00,4.020576830953359604e-03,0.000000000000000000e+00,3.244538605213165283e-02,5.922191962599754333e-02,8.970265090465545654e-02,8.163826912641525269e-02,8.176263421773910522e-02,3.268364667892456055e-01,2.860214710235595703e-01,2.564231753349304199e-01,1.573970913887023926e-01,2.757043242454528809e-01,2.511443197727203369e-01,1.707589775323867798e-01,1.083097755908966064e-01,1.212289407849311829e-01,8.147490769624710083e-02,7.651107758283615112e-02,9.600733965635299683e-02,8.130853623151779175e-02,7.970219105482101440e-02,9.090451896190643311e-02,9.527698159217834473e-02,2.762160263955593109e-02,0.000000000000000000e+00,0.000000000000000000e+00,0.000000000000000000e+00,0.000000000000000000e+00,0.000000000000000000e+00,0.000000000000000000e+00,0.000000000000000000e+00,0.000000000000000000e+00,0.000000000000000000e+00,0.000000000000000000e+00,0.000000000000000000e+00,0.000000000000000000e+00,0.000000000000000000e+00,0.000000000000000000e+00,0.000000000000000000e+00,0.000000000000000000e+00,0.000000000000000000e+00,0.000000000000000000e+00,0.000000000000000000e+00,0.000000000000000000e+00,0.000000000000000000e+00,0.000000000000000000e+00,0.000000000000000000e+00,0.000000000000000000e+00,0.000000000000000000e+00,0.000000000000000000e+00,0.000000000000000000e+00,0.000000000000000000e+00,0.000000000000000000e+00,0.000000000000000000e+00,0.000000000000000000e+00,0.000000000000000000e+00,0.000000000000000000e+00,0.000000000000000000e+00,0.000000000000000000e+00,0.000000000000000000e+00,0.000000000000000000e+00,0.000000000000000000e+00,0.000000000000000000e+00,0.000000000000000000e+00,0.000000000000000000e+00,0.000000000000000000e+00,0.000000000000000000e+00,0.000000000000000000e+00,0.000000000000000000e+00,0.000000000000000000e+00,0.000000000000000000e+00,0.000000000000000000e+00,0.000000000000000000e+00,0.000000000000000000e+00,0.000000000000000000e+00,0.000000000000000000e+00,0.000000000000000000e+00,0.000000000000000000e+00,0.000000000000000000e+00,0.000000000000000000e+00,0.000000000000000000e+00,0.000000000000000000e+00,0.000000000000000000e+00,0.000000000000000000e+00,0.000000000000000000e+00,0.000000000000000000e+00,0.000000000000000000e+00,0.000000000000000000e+00,0.000000000000000000e+00,0.000000000000000000e+00,0.000000000000000000e+00,0.000000000000000000e+00,0.000000000000000000e+00,0.000000000000000000e+00,0.000000000000000000e+00,0.000000000000000000e+00,0.000000000000000000e+00,0.000000000000000000e+00,0.000000000000000000e+00,0.000000000000000000e+00,0.000000000000000000e+00,0.000000000000000000e+00,0.000000000000000000e+00,0.000000000000000000e+00,0.000000000000000000e+00,0.000000000000000000e+00,0.000000000000000000e+00,0.000000000000000000e+00,0.000000000000000000e+00,0.000000000000000000e+00,0.000000000000000000e+00,0.000000000000000000e+00,0.000000000000000000e+00,0.000000000000000000e+00,0.000000000000000000e+00,0.000000000000000000e+00,1.404465362429618835e-02,7.569410372525453568e-03,0.000000000000000000e+00,0.000000000000000000e+00,1.352659799158573151e-02,1.269141305238008499e-02,4.509551823139190674e-02,4.585926979780197144e-02,4.897817224264144897e-02,4.700076580047607422e-02,2.413872443139553070e-02,6.120080128312110901e-02,1.536084891995415092e-04,0.000000000000000000e+00,9.968975558876991272e-03,0.000000000000000000e+00,0.000000000000000000e+00,1.789726316928863525e-02,8.641375228762626648e-03,2.455069683492183685e-02,2.685105614364147186e-02,8.217656612396240234e-02,1.797644048929214478e-01,8.301227539777755737e-02,8.444833010435104370e-02,1.150680705904960632e-01,1.169042438268661499e-01,1.766477376222610474e-01,1.373307704925537109e-01,1.480985283851623535e-01,6.241136789321899414e-02,5.935011804103851318e-02,1.032130047678947449e-01,1.272280365228652954e-01,8.569848537445068359e-02,3.224691003561019897e-02,5.084660835564136505e-03,7.189689786173403263e-04,0.000000000000000000e+00,0.000000000000000000e+00,0.000000000000000000e+00,0.000000000000000000e+00,0.000000000000000000e+00,0.000000000000000000e+00,0.000000000000000000e+00,0.000000000000000000e+00,0.000000000000000000e+00,0.000000000000000000e+00,0.000000000000000000e+00,0.000000000000000000e+00,1.943751121871173382e-03,5.329685285687446594e-02,1.567657664418220520e-02,6.910026539117097855e-03,5.352379754185676575e-03,0.000000000000000000e+00,0.000000000000000000e+00,0.000000000000000000e+00,0.000000000000000000e+00,1.039846893399953842e-02,5.309218168258666992e-02,8.623512834310531616e-02,1.057534664869308472e-01,1.299431174993515015e-01,1.446453630924224854e-01,1.952009946107864380e-01,1.215416416525840759e-01,1.134354248642921448e-01,1.063938736915588379e-01,1.368930339813232422e-01,1.239629164338111877e-01,1.090593189001083374e-01,9.324169158935546875e-02,9.473738074302673340e-02,4.293878749012947083e-02,4.765215795487165451e-03,2.805050928145647049e-03,0.000000000000000000e+00,0.000000000000000000e+00,0.000000000000000000e+00,3.418982261791825294e-03,9.895153343677520752e-03,2.093252958729863167e-03,5.508926697075366974e-03
0.000000000000000000e+00,0.000000000000000000e+00,3.219536738470196724e-03,0.000000000000000000e+00,0.000000000000000000e+00,4.686497151851654053e-03,0.000000000000000000e+00,0.000000000000000000e+00,0.000000000000000000e+00,0.000000000000000000e+00,0.000000000000000000e+00,0.000000000000000000e+00,0.000000000000000000e+00,0.000000000000000000e+00,0.000000000000000000e+00,0.000000000000000000e+00,0.000000000000000000e+00,6.721448153257369995e-02,2.890282273292541504e-01,2.758232951164245605e-01,2.751032114028930664e-01,3.748038411140441895e-01,3.866519331932067871e-01,3.957380652427673340e-01,4.524597823619842529e-01,4.671902358531951904e-01,5.925171971321105957e-01,4.567708373069763184e-01,3.685911893844604492e-01,3.876976966857910156e-01,2.390114217996597290e-01,1.871494352817535400e-01,1.993917375802993774e-01,2.508213371038436890e-02,8.474203059449791908e-04,0.000000000000000000e+00,0.000000000000000000e+00,2.775400318205356598e-02,7.324771583080291748e-02,6.698825210332870483e-02,2.007597088813781738e-01,3.536364138126373291e-01,2.969748377799987793e-01,1.033660024404525757e-01,6.060246750712394714e-02,5.212052911520004272e-02,7.259862124919891357e-02,1.692566275596618652e-01,1.509375423192977905e-01,7.681788504123687744e-02,1.180382668972015381e-01,1.416481733322143555e-01,1.359837502241134644e-01,7.549421489238739014e-02,1.198994070291519165e-01,7.426235824823379517e-02,2.504796162247657776e-02,1.774114556610584259e-02,2.582696639001369476e-02,6.842702627182006836e-02,5.703027173876762390e-02,1.701219752430915833e-02,0.000000000000000000e+00,0.000000000000000000e+00,0.000000000000000000e+00,0.000000000000000000e+00,0.000000000000000000e+00,0.000000000000000000e+00,0.000000000000000000e+00,0.000000000000000000e+00,0.000000000000000000e+00,0.000000000000000000e+00,0.000000000000000000e+00,0.000000000000000000e+00,0.000000000000000000e+00,0.000000000000000000e+00,0.000000000000000000e+00,0.000000000000000000e+00,0.000000000000000000e+00,0.000000000000000000e+00,0.000000000000000000e+00,0.000000000000000000e+00,0.000000000000000000e+00,0.000000000000000000e+00,0.000000000000000000e+00,0.000000000000000000e+00,0.000000000000000000e+00,0.000000000000000000e+00,0.000000000000000000e+00,0.000000000000000000e+00,0.000000000000000000e+00,0.000000000000000000e+00,0.000000000000000000e+00,0.000000000000000000e+00,0.000000000000000000e+00,0.000000000000000000e+00,0.000000000000000000e+00,0.000000000000000000e+00,0.000000000000000000e+00,0.000000000000000000e+00,0.000000000000000000e+00,0.000000000000000000e+00,0.000000000000000000e+00,0.000000000000000000e+00,0.000000000000000000e+00,0.000000000000000000e+00,0.000000000000000000e+00,0.000000000000000000e+00,0.000000000000000000e+00,0.000000000000000000e+00,0.000000000000000000e+00,0.000000000000000000e+00,0.000000000000000000e+00,0.000000000000000000e+00,0.000000000000000000e+00,0.000000000000000000e+00,0.000000000000000000e+00,0.000000000000000000e+00,0.000000000000000000e+00,0.000000000000000000e+00,0.000000000000000000e+00,0.000000000000000000e+00,0.000000000000000000e+00,0.000000000000000000e+00,0.000000000000000000e+00,0.000000000000000000e+00,0.000000000000000000e+00,0.000000000000000000e+00,0.000000000000000000e+00,0.000000000000000000e+00,0.000000000000000000e+00,0.000000000000000000e+00,0.000000000000000000e+00,0.000000000000000000e+00,0.000000000000000000e+00,0.000000000000000000e+00,0.000000000000000000e+00,0.000000000000000000e+00,0.000000000000000000e+00,0.000000000000000000e+00,0.000000000000000000e+00,0.000000000000000000e+00,0.000000000000000000e+00,0.000000000000000000e+00,0.000000000000000000e+00,0.000000000000000000e+00,0.000000000000000000e+00,0.000000000000000000e+00,0.000000000000000000e+00,0.000000000000000000e+00,0.000000000000000000e+00,0.000000000000000000e+00,0.000000000000000000e+00,0.000000000000000000e+00,0.000000000000000000e+00,3.475922392681241035e-03,9.236935526132583618e-03,1.626985333859920502e-02,6.217204034328460693e-02,4.544470086693763733e-02,7.996854931116104126e-02,8.085393160581588745e-02,3.472506627440452576e-02,5.796258337795734406e-03,0.000000000000000000e+00,0.000000000000000000e+00,0.000000000000000000e+00,0.000000000000000000e+00,9.621452772989869118e-04,4.618529696017503738e-03,2.722620777785778046e-02,5.313975363969802856e-02,9.659752994775772095e-02,1.690584421157836914e-01,9.950028359889984131e-02,9.636308997869491577e-02,9.582004696130752563e-02,8.805657178163528442e-02,9.935935586690902710e-02,1.076205819845199585e-01,4.203639551997184753e-02,8.107889443635940552e-02,6.571558862924575806e-02,7.477152347564697266e-02,2.519983984529972076e-02,6.016320735216140747e-02,5.211369320750236511e-02,2.355276048183441162e-02,1.383162103593349457e-02,1.132347271777689457e-03,0.000000000000000000e+00,0.000000000000000000e+00,0.000000000000000000e+00,0.000000000000000000e+00,0.000000000000000000e+00,0.000000000000000000e+00,0.000000000000000000e+00,0.000000000000000000e+00,0.000000000000000000e+00,0.000000000000000000e+00,0.000000000000000000e+00,0.000000000000000000e+00,4.315430414862930775e-04,3.128316253423690796e-02,2.936414442956447601e-03,2.896100655198097229e-02,1.993397064507007599e-02,0.000000000000000000e+00,2.019288949668407440e-03,0.000000000000000000e+00,0.000000000000000000e+00,6.828316301107406616e-02,8.443851023912429810e-02,9.564854949712753296e-02,6.534968316555023193e-02,8.950430899858474731e-02,1.024700328707695007e-01,1.594600677490234375e-01,1.861484050750732422e-01,1.599784791469573975e-01,1.876183748245239258e-01,8.579995483160018921e-02,1.062671542167663574e-01,1.185757517814636230e-01,9.873023629188537598e-02,7.030900567770004272e-02,3.985792398452758789e-02,8.111499249935150146e-03,0.000000000000000000e+00,3.437187289819121361e-03,5.426883697509765625e-03,2.315900055691599846e-03,1.500995550304651260e-02,8.107922039926052094e-03,4.298498854041099548e-03,3.338700532913208008e-02
0.000000000000000000e+00,0.000000000000000000e+00,0.000000000000000000e+00,0.000000000000000000e+00,0.000000000000000000e+00,0.000000000000000000e+00,0.000000000000000000e+00,0.000000000000000000e+00,0.000000000000000000e+00,0.000000000000000000e+00,0.000000000000000000e+00,0.000000000000000000e+00,0.000000000000000000e+00,0.000000000000000000e+00,0.000000000000000000e+00,0.000000000000000000e+00,0.000000000000000000e+00,4.264097660779953003e-03,6.215564534068107605e-02,1.571986824274063110e-01,2.046619504690170288e-01,2.514346837997436523e-01,3.343955278396606445e-01,2.663553357124328613e-01,2.790260016918182373e-01,2.595262825489044189e-01,3.441229462623596191e-01,3.229127824306488037e-01,2.746312320232391357e-01,2.168270796537399292e-01,1.531645804643630981e-01,1.176571398973464966e-01,1.464438885450363159e-01,2.359190769493579865e-02,0.000000000000000000e+00,0.000000000000000000e+00,0.000000000000000000e+00,0.000000000000000000e+00,1.393247302621603012e-02,2.403505332767963409e-02,5.581331998109817505e-02,2.905451655387878418e-01,2.835829555988311768e-01,2.465169280767440796e-01,1.292137205600738525e-01,1.118967086076736450e-01,7.495193183422088623e-02,1.350234895944595337e-01,1.157337054610252380e-01,8.382070809602737427e-02,5.455679818987846375e-02,5.941062793135643005e-02,5.050812661647796631e-02,4.621770232915878296e-02,4.626376181840896606e-02,4.451979417353868484e-03,4.461269080638885498e-02,3.140158951282501221e-02,1.503678504377603531e-02,5.630586668848991394e-02,3.682256489992141724e-02,9.280872181989252567e-04,0.000000000000000000e+00,0.000000000000000000e+00,0.000000000000000000e+00,0.000000000000000000e+00,0.000000000000000000e+00,0.000000000000000000e+00,0.000000000000000000e+00,0.000000000000000000e+00,0.000000000000000000e+00,0.000000000000000000e+00,0.000000000000000000e+00,0.000000000000000000e+00,0.000000000000000000e+00,0.000000000000000000e+00,0.000000000000000000e+00,0.000000000000000000e+00,0.000000000000000000e+00,0.000000000000000000e+00,0.000000000000000000e+00,0.000000000000000000e+00,0.000000000000000000e+00,0.000000000000000000e+00,0.000000000000000000e+00,0.000000000000000000e+00,0.000000000000000000e+00,0.000000000000000000e+00,0.000000000000000000e+00,0.000000000000000000e+00,0.000000000000000000e+00,0.000000000000000000e+00,0.000000000000000000e+00,0.000000000000000000e+00,0.000000000000000000e+00,0.000000000000000000e+00,0.000000000000000000e+00,0.000000000000000000e+00,0.000000000000000000e+00,0.000000000000000000e+00,0.000000000000000000e+00,0.000000000000000000e+00,0.000000000000000000e+00,0.000000000000000000e+00,0.000000000000000000e+00,0.000000000000000000e+00,0.000000000000000000e+00,0.000000000000000000e+00,0.000000000000000000e+00,0.000000000000000000e+00,0.000000000000000000e+00,0.000000000000000000e+00,0.000000000000000000e+00,0.000000000000000000e+00,0.000000000000000000e+00,0.000000000000000000e+00,0.000000000000000000e+00,0.000000000000000000e+00,0.000000000000000000e+00,0.000000000000000000e+00,0.000000000000000000e+00,0.000000000000000000e+00,0.000000000000000000e+00,0.000000000000000000e+00,0.000000000000000000e+00,0.000000000000000000e+00,0.000000000000000000e+00,0.000000000000000000e+00,0.000000000000000000e+00,0.000000000000000000e+00,0.000000000000000000e+00,0.000000000000000000e+00,0.000000000000000000e+00,0.000000000000000000e+00,0.000000000000000000e+00,0.000000000000000000e+00,0.000000000000000000e+00,0.000000000000000000e+00,0.000000000000000000e+00,0.000000000000000000e+00,0.000000000000000000e+00,0.000000000000000000e+00,0.000000000000000000e+00,0.000000000000000000e+00,0.000000000000000000e+00,0.000000000000000000e+00,0.000000000000000000e+00,0.000000000000000000e+00,0.000000000000000000e+00,0.000000000000000000e+00,0.000000000000000000e+00,0.000000000000000000e+00,0.000000000000000000e+00,0.000000000000000000e+00,0.000000000000000000e+00,1.485194894485175610e-03,1.541742356494069099e-03,2.099341712892055511e-02,7.857803255319595337e-02,5.645615234971046448e-02,7.817035913467407227e-02,6.258868426084518433e-02,2.428730949759483337e-03,0.000000000000000000e+00,0.000000000000000000e+00,0.000000000000000000e+00,0.000000000000000000e+00,0.000000000000000000e+00,0.000000000000000000e+00,8.638514205813407898e-03,0.000000000000000000e+00,9.173804521560668945e-02,1.293658763170242310e-01,6.737070530652999878e-02,5.406249687075614929e-02,8.033554255962371826e-02,6.073255091905593872e-02,3.567399084568023682e-02,5.174018070101737976e-02,2.006352506577968597e-02,2.340178191661834717e-02,3.381358832120895386e-02,2.353044785559177399e-02,3.843765705823898315e-03,0.000000000000000000e+00,1.134911086410284042e-02,1.203870028257369995e-02,8.957447134889662266e-04,1.431401818990707397e-03,0.000000000000000000e+00,0.000000000000000000e+00,0.000000000000000000e+00,0.000000000000000000e+00,0.000000000000000000e+00,0.000000000000000000e+00,0.000000000000000000e+00,0.000000000000000000e+00,0.000000000000000000e+00,0.000000000000000000e+00,0.000000000000000000e+00,0.000000000000000000e+00,0.000000000000000000e+00,0.000000000000000000e+00,1.901507610455155373e-03,2.708572428673505783e-03,1.129138562828302383e-02,1.523009035736322403e-02,3.942975774407386780e-03,1.658426225185394287e-02,0.000000000000000000e+00,2.457758784294128418e-02,3.491679206490516663e-02,6.653670221567153931e-02,9.684345871210098267e-02,1.174471229314804077e-01,1.779810190200805664e-01,1.283807158470153809e-01,1.975020915269851685e-01,2.537179291248321533e-01,2.400290518999099731e-01,2.377279996871948242e-01,2.029572576284408569e-01,1.593239903450012207e-01,1.252284646034240723e-01,8.829898387193679810e-02,3.635603561997413635e-02,2.459591627120971680e-02,1.971656922250986099e-03,4.925872199237346649e-04,3.857643529772758484e-02,3.186485543847084045e-02,1.755210943520069122e-02,5.257184617221355438e-03,2.392363362014293671e-02,3.050595149397850037e-02,7.205898314714431763e-02
0.000000000000000000e+00,0.000000000000000000e+00,0.000000000000000000e+00,0.000000000000000000e+00,0.000000000000000000e+00,0.000000000000000000e+00,0.000000000000000000e+00,0.000000000000000000e+00,0.000000000000000000e+00,0.000000000000000000e+00,0.000000000000000000e+00,0.000000000000000000e+00,0.000000000000000000e+00,0.000000000000000000e+00,0.000000000000000000e+00,0.000000000000000000e+00,0.000000000000000000e+00,8.521319366991519928e-03,1.782935112714767456e-02,3.629268705844879150e-02,1.940462291240692139e-01,2.569339871406555176e-01,2.760044932365417480e-01,1.734854429960250854e-01,2.458306849002838135e-01,2.200284302234649658e-01,2.573880255222320557e-01,2.863369882106781006e-01,2.308308333158493042e-01,2.333074510097503662e-01,2.116414904594421387e-01,9.204237908124923706e-02,1.006149724125862122e-01,4.058398306369781494e-03,0.000000000000000000e+00,0.000000000000000000e+00,0.000000000000000000e+00,0.000000000000000000e+00,0.000000000000000000e+00,0.000000000000000000e+00,4.018824920058250427e-02,2.281685322523117065e-01,2.546220421791076660e-01,2.682040631771087646e-01,1.437466740608215332e-01,1.299674063920974731e-01,9.242834150791168213e-02,1.587336957454681396e-01,9.940648823976516724e-02,1.367357820272445679e-01,6.767173856496810913e-02,5.634893849492073059e-02,6.874924898147583008e-02,5.085790529847145081e-02,3.573184087872505188e-02,1.605861634016036987e-02,2.030452154576778412e-02,3.175042336806654930e-03,0.000000000000000000e+00,0.000000000000000000e+00,0.000000000000000000e+00,0.000000000000000000e+00,0.000000000000000000e+00,0.000000000000000000e+00,0.000000000000000000e+00,0.000000000000000000e+00,0.000000000000000000e+00,0.000000000000000000e+00,0.000000000000000000e+00,0.000000000000000000e+00,0.000000000000000000e+00,0.000000000000000000e+00,0.000000000000000000e+00,0.000000000000000000e+00,0.000000000000000000e+00,0.000000000000000000e+00,0.000000000000000000e+00,0.000000000000000000e+00,0.000000000000000000e+00,0.000000000000000000e+00,0.000000000000000000e+00,0.000000000000000000e+00,0.000000000000000000e+00,0.000000000000000000e+00,0.000000000000000000e+00,0.000000000000000000e+00,0.000000000000000000e+00,0.000000000000000000e+00,0.000000000000000000e+00,0.000000000000000000e+00,0.000000000000000000e+00,0.000000000000000000e+00,0.000000000000000000e+00,0.000000000000000000e+00,0.000000000000000000e+00,0.000000000000000000e+00,0.000000000000000000e+00,0.000000000000000000e+00,0.000000000000000000e+00,0.000000000000000000e+00,0.000000000000000000e+00,0.000000000000000000e+00,0.000000000000000000e+00,0.000000000000000000e+00,0.000000000000000000e+00,0.000000000000000000e+00,0.000000000000000000e+00,0.000000000000000000e+00,0.000000000000000000e+00,0.000000000000000000e+00,0.000000000000000000e+00,0.000000000000000000e+00,0.000000000000000000e+00,0.000000000000000000e+00,0.000000000000000000e+00,0.000000000000000000e+00,0.000000000000000000e+00,0.000000000000000000e+00,0.000000000000000000e+00,0.000000000000000000e+00,0.000000000000000000e+00,0.000000000000000000e+00,0.000000000000000000e+00,0.000000000000000000e+00,0.000000000000000000e+00,0.000000000000000000e+00,0.000000000000000000e+00,0.000000000000000000e+00,0.000000000000000000e+00,0.000000000000000000e+00,0.000000000000000000e+00,0.000000000000000000e+00,0.000000000000000000e+00,0.000000000000000000e+00,0.000000000000000000e+00,0.000000000000000000e+00,0.000000000000000000e+00,0.000000000000000000e+00,0.000000000000000000e+00,0.000000000000000000e+00,0.000000000000000000e+00,0.000000000000000000e+00,0.000000000000000000e+00,0.000000000000000000e+00,0.000000000000000000e+00,0.000000000000000000e+00,0.000000000000000000e+00,0.000000000000000000e+00,0.000000000000000000e+00,0.000000000000000000e+00,0.000000000000000000e+00,0.000000000000000000e+00,0.000000000000000000e+00,0.000000000000000000e+00,0.000000000000000000e+00,6.805707380408421159e-05,6.543126888573169708e-03,3.020465560257434845e-02,8.739917725324630737e-02,7.053626328706741333e-02,5.892457440495491028e-02,5.601696670055389404e-03,0.000000000000000000e+00,0.000000000000000000e+00,0.000000000000000000e+00,0.000000000000000000e+00,0.000000000000000000e+00,0.000000000000000000e+00,1.587609946727752686e-02,9.387310594320297241e-03,6.645555049180984497e-02,6.000958010554313660e-02,3.877029195427894592e-02,5.807852745056152344e-02,6.113512068986892700e-02,4.559305310249328613e-02,8.663032203912734985e-03,1.427593640983104706e-02,3.427315130829811096e-02,1.492271572351455688e-02,2.832075394690036774e-02,4.372305050492286682e-02,3.055837005376815796e-02,1.175584038719534874e-03,0.000000000000000000e+00,8.861496462486684322e-04,2.863703528419137001e-03,0.000000000000000000e+00,0.000000000000000000e+00,0.000000000000000000e+00,0.000000000000000000e+00,0.000000000000000000e+00,0.000000000000000000e+00,0.000000000000000000e+00,3.868412459269165993e-03,5.785929504781961441e-03,6.569455843418836594e-03,3.213549032807350159e-03,3.929757978767156601e-03,0.000000000000000000e+00,0.000000000000000000e+00,0.000000000000000000e+00,0.000000000000000000e+00,0.000000000000000000e+00,4.614592064172029495e-03,0.000000000000000000e+00,4.599549865815788507e-04,1.119176507927477360e-03,1.729585201246663928e-04,0.000000000000000000e+00,6.419501267373561859e-03,9.512896090745925903e-02,1.242417469620704651e-01,1.018571183085441589e-01,2.287375479936599731e-01,1.670107096433639526e-01,2.574291825294494629e-01,2.714945971965789795e-01,2.815184891223907471e-01,2.547388672828674316e-01,2.789567410945892334e-01,1.749449670314788818e-01,2.060410529375076294e-01,1.221019700169563293e-01,1.377517879009246826e-01,1.114042773842811584e-01,9.918224811553955078e-02,5.411395803093910217e-02,7.380414009094238281e-02,2.064398974180221558e-01,1.671833544969558716e-01,1.492172330617904663e-01,1.600925773382186890e-01,1.933221518993377686e-01,1.002112850546836853e-01,1.090007945895195007e-01
0.000000000000000000e+00,0.000000000000000000e+00,0.000000000000000000e+00,0.000000000000000000e+00,0.000000000000000000e+00,0.000000000000000000e+00,0.000000000000000000e+00,0.000000000000000000e+00,0.000000000000000000e+00,0.000000000000000000e+00,0.000000000000000000e+00,0.000000000000000000e+00,0.000000000000000000e+00,0.000000000000000000e+00,0.000000000000000000e+00,0.000000000000000000e+00,0.000000000000000000e+00,4.477636888623237610e-03,8.186908089555799961e-04,0.000000000000000000e+00,3.944254945963621140e-03,1.421686261892318726e-01,1.217549219727516174e-01,9.755682200193405151e-02,1.837940067052841187e-01,1.410841047763824463e-01,1.523454934358596802e-01,2.108577787876129150e-01,1.861603111028671265e-01,2.002152949571609497e-01,1.316567510366439819e-01,8.596118539571762085e-02,8.750607073307037354e-02,0.000000000000000000e+00,0.000000000000000000e+00,0.000000000000000000e+00,0.000000000000000000e+00,0.000000000000000000e+00,0.000000000000000000e+00,0.000000000000000000e+00,3.206230700016021729e-02,6.036715209484100342e-02,1.293567866086959839e-01,1.741981208324432373e-01,2.809135019779205322e-01,2.344013303518295288e-01,6.805750727653503418e-02,4.793368652462959290e-02,7.175194472074508667e-02,1.268286854028701782e-01,6.420409679412841797e-02,3.568655624985694885e-02,6.362423300743103027e-02,3.636676445603370667e-02,7.827474176883697510e-02,7.814427465200424194e-02,5.555979162454605103e-02,2.990594692528247833e-02,4.259689245373010635e-03,0.000000000000000000e+00,0.000000000000000000e+00,0.000000000000000000e+00,0.000000000000000000e+00,0.000000000000000000e+00,0.000000000000000000e+00,0.000000000000000000e+00,0.000000000000000000e+00,0.000000000000000000e+00,0.000000000000000000e+00,0.000000000000000000e+00,0.000000000000000000e+00,0.000000000000000000e+00,0.000000000000000000e+00,0.000000000000000000e+00,0.000000000000000000e+00,0.000000000000000000e+00,0.000000000000000000e+00,0.000000000000000000e+00,0.000000000000000000e+00,0.000000000000000000e+00,0.000000000000000000e+00,0.000000000000000000e+00,0.000000000000000000e+00,0.000000000000000000e+00,0.000000000000000000e+00,0.000000000000000000e+00,0.000000000000000000e+00,0.000000000000000000e+00,0.000000000000000000e+00,0.000000000000000000e+00,0.000000000000000000e+00,0.000000000000000000e+00,0.000000000000000000e+00,0.000000000000000000e+00,0.000000000000000000e+00,0.000000000000000000e+00,0.000000000000000000e+00,0.000000000000000000e+00,0.000000000000000000e+00,0.000000000000000000e+00,0.000000000000000000e+00,0.000000000000000000e+00,0.000000000000000000e+00,0.000000000000000000e+00,0.000000000000000000e+00,0.000000000000000000e+00,0.000000000000000000e+00,0.000000000000000000e+00,0.000000000000000000e+00,0.000000000000000000e+00,0.000000000000000000e+00,0.000000000000000000e+00,0.000000000000000000e+00,0.000000000000000000e+00,0.000000000000000000e+00,0.000000000000000000e+00,0.000000000000000000e+00,0.000000000000000000e+00,0.000000000000000000e+00,0.000000000000000000e+00,0.000000000000000000e+00,0.000000000000000000e+00,0.000000000000000000e+00,0.000000000000000000e+00,0.000000000000000000e+00,0.000000000000000000e+00,0.000000000000000000e+00,0.000000000000000000e+00,0.000000000000000000e+00,0.000000000000000000e+00,0.000000000000000000e+00,0.000000000000000000e+00,0.000000000000000000e+00,0.000000000000000000e+00,0.000000000000000000e+00,0.000000000000000000e+00,0.000000000000000000e+00,0.000000000000000000e+00,0.000000000000000000e+00,0.000000000000000000e+00,0.000000000000000000e+00,0.000000000000000000e+00,0.000000000000000000e+00,0.000000000000000000e+00,0.000000000000000000e+00,0.000000000000000000e+00,0.000000000000000000e+00,0.000000000000000000e+00,0.000000000000000000e+00,0.000000000000000000e+00,0.000000000000000000e+00,0.000000000000000000e+00,0.000000000000000000e+00,0.000000000000000000e+00,0.000000000000000000e+00,3.736424725502729416e-03,2.199752442538738251e-02,3.885193169116973877e-02,8.075705915689468384e-02,4.383274912834167480e-02,4.851790517568588257e-02,6.751874834299087524e-02,7.265200838446617126e-04,0.000000000000000000e+00,0.000000000000000000e+00,0.000000000000000000e+00,0.000000000000000000e+00,3.570029512047767639e-03,1.616347953677177429e-02,3.820026665925979614e-02,4.172400385141372681e-02,4.064990207552909851e-02,4.893822595477104187e-02,6.807611137628555298e-02,4.383902996778488159e-02,4.516706243157386780e-02,2.183618023991584778e-03,4.246500786393880844e-03,1.916623674333095551e-02,1.626441068947315216e-02,2.589299343526363373e-02,5.013095960021018982e-02,7.546614855527877808e-02,1.712568104267120361e-02,1.261850260198116302e-02,0.000000000000000000e+00,0.000000000000000000e+00,0.000000000000000000e+00,0.000000000000000000e+00,0.000000000000000000e+00,0.000000000000000000e+00,0.000000000000000000e+00,0.000000000000000000e+00,0.000000000000000000e+00,0.000000000000000000e+00,9.227012051269412041e-04,4.117888398468494415e-03,4.180164542049169540e-03,2.218659222126007080e-02,0.000000000000000000e+00,0.000000000000000000e+00,0.000000000000000000e+00,0.000000000000000000e+00,0.000000000000000000e+00,0.000000000000000000e+00,0.000000000000000000e+00,0.000000000000000000e+00,3.187808440998196602e-03,0.000000000000000000e+00,0.000000000000000000e+00,6.339585781097412109e-02,1.019892320036888123e-01,1.281624287366867065e-01,1.206653639674186707e-01,2.282944023609161377e-01,8.536318689584732056e-02,2.964382171630859375e-01,3.544980287551879883e-01,3.022139072418212891e-01,2.738169133663177490e-01,2.528837919235229492e-01,2.334934026002883911e-01,2.010429799556732178e-01,1.512347012758255005e-01,1.393714845180511475e-01,9.574045985937118530e-02,7.135287672281265259e-02,6.747435778379440308e-02,1.000365689396858215e-01,2.370090633630752563e-01,2.352028489112854004e-01,1.612203121185302734e-01,1.723041385412216187e-01,1.740375906229019165e-01,9.351535886526107788e-02,1.114593967795372009e-01
0.000000000000000000e+00,0.000000000000000000e+00,0.000000000000000000e+00,0.000000000000000000e+00,0.000000000000000000e+00,0.000000000000000000e+00,0.000000000000000000e+00,0.000000000000000000e+00,0.000000000000000000e+00,0.000000000000000000e+00,0.000000000000000000e+00,0.000000000000000000e+00,0.000000000000000000e+00,0.000000000000000000e+00,0.000000000000000000e+00,0.000000000000000000e+00,0.000000000000000000e+00,0.000000000000000000e+00,0.000000000000000000e+00,0.000000000000000000e+00,1.142013352364301682e-04,4.378705471754074097e-02,2.483850903809070587e-02,1.192070692777633667e-01,5.636057257652282715e-02,2.820248007774353027e-01,2.395741641521453857e-01,1.597814410924911499e-01,1.722612380981445312e-01,2.058029174804687500e-01,2.076518833637237549e-01,1.106336414813995361e-01,7.527439296245574951e-02,0.000000000000000000e+00,0.000000000000000000e+00,0.000000000000000000e+00,0.000000000000000000e+00,0.000000000000000000e+00,0.000000000000000000e+00,0.000000000000000000e+00,0.000000000000000000e+00,1.293047219514846802e-01,1.290997266769409180e-01,1.367774754762649536e-01,7.772585004568099976e-02,9.983171522617340088e-02,3.736647963523864746e-02,4.940174892544746399e-02,1.009167581796646118e-01,7.630576193332672119e-02,1.356523334980010986e-01,8.964153379201889038e-02,1.078394427895545959e-01,3.672746196389198303e-02,1.632127352058887482e-02,3.825558722019195557e-02,5.734620243310928345e-02,9.296982735395431519e-02,4.990036785602569580e-02,4.873536154627799988e-02,1.080914586782455444e-02,1.224891282618045807e-02,0.000000000000000000e+00,0.000000000000000000e+00,0.000000000000000000e+00,0.000000000000000000e+00,0.000000000000000000e+00,0.000000000000000000e+00,0.000000000000000000e+00,0.000000000000000000e+00,0.000000000000000000e+00,0.000000000000000000e+00,0.000000000000000000e+00,0.000000000000000000e+00,0.000000000000000000e+00,0.000000000000000000e+00,0.000000000000000000e+00,0.000000000000000000e+00,0.000000000000000000e+00,0.000000000000000000e+00,0.000000000000000000e+00,0.000000000000000000e+00,0.000000000000000000e+00,0.000000000000000000e+00,0.000000000000000000e+00,0.000000000000000000e+00,0.000000000000000000e+00,0.000000000000000000e+00,0.000000000000000000e+00,0.000000000000000000e+00,0.000000000000000000e+00,0.000000000000000000e+00,0.000000000000000000e+00,0.000000000000000000e+00,0.000000000000000000e+00,0.000000000000000000e+00,0.000000000000000000e+00,0.000000000000000000e+00,0.000000000000000000e+00,0.000000000000000000e+00,0.000000000000000000e+00,0.000000000000000000e+00,0.000000000000000000e+00,0.000000000000000000e+00,0.000000000000000000e+00,0.000000000000000000e+00,0.000000000000000000e+00,0.000000000000000000e+00,0.000000000000000000e+00,0.000000000000000000e+00,0.000000000000000000e+00,0.000000000000000000e+00,0.000000000000000000e+00,0.000000000000000000e+00,0.000000000000000000e+00,0.000000000000000000e+00,0.000000000000000000e+00,0.000000000000000000e+00,0.000000000000000000e+00,0.000000000000000000e+00,0.000000000000000000e+00,0.000000000000000000e+00,0.000000000000000000e+00,0.000000000000000000e+00,0.000000000000000000e+00,0.000000000000000000e+00,0.000000000000000000e+00,0.000000000000000000e+00,0.000000000000000000e+00,0.000000000000000000e+00,0.000000000000000000e+00,0.000000000000000000e+00,0.000000000000000000e+00,0.000000000000000000e+00,0.000000000000000000e+00,0.000000000000000000e+00,0.000000000000000000e+00,0.000000000000000000e+00,0.000000000000000000e+00,0.000000000000000000e+00,0.000000000000000000e+00,0.000000000000000000e+00,0.000000000000000000e+00,0.000000000000000000e+00,0.000000000000000000e+00,0.000000000000000000e+00,0.000000000000000000e+00,0.000000000000000000e+00,0.000000000000000000e+00,0.000000000000000000e+00,0.000000000000000000e+00,0.000000000000000000e+00,0.000000000000000000e+00,0.000000000000000000e+00,5.386272678151726723e-04,8.516448549926280975e-03,2.686206996440887451e-02,4.032555967569351196e-02,5.643857270479202271e-02,4.466857388615608215e-02,3.965778276324272156e-02,3.708595037460327148e-02,0.000000000000000000e+00,0.000000000000000000e+00,2.799584763124585152e-03,0.000000000000000000e+00,0.000000000000000000e+00,2.968218550086021423e-02,4.460118338465690613e-02,4.939527064561843872e-02,2.579129301011562347e-02,3.893278911709785461e-02,6.855330616235733032e-02,8.721311390399932861e-02,4.982924833893775940e-02,2.989634312689304352e-02,2.943496219813823700e-02,4.341052100062370300e-02,4.673032090067863464e-02,4.527113959193229675e-02,4.049146547913551331e-02,6.071693822741508484e-02,4.691006988286972046e-02,5.668739974498748779e-02,4.374335706233978271e-02,3.791114548221230507e-03,0.000000000000000000e+00,0.000000000000000000e+00,0.000000000000000000e+00,0.000000000000000000e+00,0.000000000000000000e+00,6.770425243303179741e-04,0.000000000000000000e+00,0.000000000000000000e+00,0.000000000000000000e+00,0.000000000000000000e+00,5.504013039171695709e-03,6.033045705407857895e-03,1.243910286575555801e-02,1.713808393105864525e-03,6.027845200151205063e-03,8.014631457626819611e-03,5.758329294621944427e-03,2.170925028622150421e-03,1.995286904275417328e-02,2.134404890239238739e-02,1.503629051148891449e-02,1.932250894606113434e-02,1.643873192369937897e-02,5.964618548750877380e-02,1.632678061723709106e-01,2.285263091325759888e-01,1.943729519844055176e-01,2.235500663518905640e-01,1.619107127189636230e-01,1.239334195852279663e-01,2.450131326913833618e-01,3.248458206653594971e-01,3.085476160049438477e-01,2.403037548065185547e-01,1.597822606563568115e-01,1.796422451734542847e-01,1.908833682537078857e-01,1.442933380603790283e-01,6.841707229614257812e-02,3.235251829028129578e-02,1.897420138120651245e-01,1.720143556594848633e-01,1.223498210310935974e-01,1.397408545017242432e-01,3.527204394340515137e-01,2.943556308746337891e-01,2.864174246788024902e-01,2.688750028610229492e-01,1.332767605781555176e-01,1.131554618477821350e-01
0.000000000000000000e+00,0.000000000000000000e+00,0.000000000000000000e+00,0.000000000000000000e+00,0.000000000000000000e+00,0.000000000000000000e+00,0.000000000000000000e+00,0.000000000000000000e+00,0.000000000000000000e+00,0.000000000000000000e+00,0.000000000000000000e+00,0.000000000000000000e+00,0.000000000000000000e+00,0.000000000000000000e+00,0.000000000000000000e+00,0.000000000000000000e+00,0.000000000000000000e+00,2.063574735075235367e-03,3.257223870605230331e-03,0.000000000000000000e+00,2.032478339970111847e-02,2.424174547195434570e-02,1.632325351238250732e-03,3.818939998745918274e-02,3.734036162495613098e-02,2.355986386537551880e-01,1.452792286872863770e-01,7.518271356821060181e-02,8.039597421884536743e-02,1.080627217888832092e-01,8.515782654285430908e-02,3.870872780680656433e-02,2.348108217120170593e-02,0.000000000000000000e+00,0.000000000000000000e+00,0.000000000000000000e+00,0.000000000000000000e+00,0.000000000000000000e+00,0.000000000000000000e+00,0.000000000000000000e+00,1.286875922232866287e-02,1.594263017177581787e-01,1.897316575050354004e-01,1.456680893898010254e-01,4.679850861430168152e-02,3.663243353366851807e-02,4.721355438232421875e-02,4.067175090312957764e-02,4.571717604994773865e-02,4.029028862714767456e-02,1.311511248350143433e-01,9.669896215200424194e-02,1.043376177549362183e-01,4.375098645687103271e-02,4.919610172510147095e-02,1.615700311958789825e-02,1.815757527947425842e-02,4.981927201151847839e-02,5.044100433588027954e-02,1.373379528522491455e-01,6.782475113868713379e-02,4.024579375982284546e-02,9.398948401212692261e-03,0.000000000000000000e+00,0.000000000000000000e+00,0.000000000000000000e+00,0.000000000000000000e+00,0.000000000000000000e+00,0.000000000000000000e+00,0.000000000000000000e+00,0.000000000000000000e+00,0.000000000000000000e+00,0.000000000000000000e+00,0.000000000000000000e+00,0.000000000000000000e+00,0.000000000000000000e+00,0.000000000000000000e+00,0.000000000000000000e+00,0.000000000000000000e+00,0.000000000000000000e+00,0.000000000000000000e+00,0.000000000000000000e+00,0.000000000000000000e+00,0.000000000000000000e+00,0.000000000000000000e+00,0.000000000000000000e+00,0.000000000000000000e+00,0.000000000000000000e+00,0.000000000000000000e+00,0.000000000000000000e+00,0.000000000000000000e+00,0.000000000000000000e+00,0.000000000000000000e+00,0.000000000000000000e+00,0.000000000000000000e+00,0.000000000000000000e+00,0.000000000000000000e+00,0.000000000000000000e+00,0.000000000000000000e+00,0.000000000000000000e+00,0.000000000000000000e+00,0.000000000000000000e+00,0.000000000000000000e+00,0.000000000000000000e+00,0.000000000000000000e+00,0.000000000000000000e+00,0.000000000000000000e+00,0.000000000000000000e+00,0.000000000000000000e+00,0.000000000000000000e+00,0.000000000000000000e+00,0.000000000000000000e+00,0.000000000000000000e+00,0.000000000000000000e+00,0.000000000000000000e+00,0.000000000000000000e+00,0.000000000000000000e+00,0.000000000000000000e+00,0.000000000000000000e+00,0.000000000000000000e+00,0.000000000000000000e+00,0.000000000000000000e+00,0.000000000000000000e+00,0.000000000000000000e+00,0.000000000000000000e+00,0.000000000000000000e+00,0.000000000000000000e+00,0.000000000000000000e+00,0.000000000000000000e+00,0.000000000000000000e+00,0.000000000000000000e+00,0.000000000000000000e+00,0.000000000000000000e+00,0.000000000000000000e+00,0.000000000000000000e+00,0.000000000000000000e+00,0.000000000000000000e+00,0.000000000000000000e+00,0.000000000000000000e+00,0.000000000000000000e+00,0.000000000000000000e+00,0.000000000000000000e+00,0.000000000000000000e+00,0.000000000000000000e+00,0.000000000000000000e+00,0.000000000000000000e+00,0.000000000000000000e+00,0.000000000000000000e+00,0.000000000000000000e+00,0.000000000000000000e+00,0.000000000000000000e+00,0.000000000000000000e+00,0.000000000000000000e+00,0.000000000000000000e+00,0.000000000000000000e+00,1.405304111540317535e-02,2.786925435066223145e-02,8.503562770783901215e-03,1.022838428616523743e-02,2.998955175280570984e-02,7.239009439945220947e-02,2.210409007966518402e-02,0.000000000000000000e+00,0.000000000000000000e+00,1.330074970610439777e-03,0.000000000000000000e+00,0.000000000000000000e+00,0.000000000000000000e+00,5.763053148984909058e-02,3.773113340139389038e-02,2.148395963013172150e-02,3.565050661563873291e-02,6.059393286705017090e-02,5.220942571759223938e-02,2.598594501614570618e-02,3.816533833742141724e-02,5.932707339525222778e-02,7.489327341318130493e-02,7.431377470493316650e-02,6.294907629489898682e-02,4.086219519376754761e-02,3.766758367419242859e-02,4.789574071764945984e-03,3.323129937052726746e-02,3.558208048343658447e-02,1.729593798518180847e-02,6.125245708972215652e-04,0.000000000000000000e+00,0.000000000000000000e+00,0.000000000000000000e+00,0.000000000000000000e+00,2.556480932980775833e-03,0.000000000000000000e+00,3.818611614406108856e-03,4.763038014061748981e-04,0.000000000000000000e+00,2.085242886096239090e-03,0.000000000000000000e+00,0.000000000000000000e+00,4.833047743886709213e-03,1.364530622959136963e-02,4.351627454161643982e-02,4.075494781136512756e-02,1.785884425044059753e-02,1.103038713335990906e-01,3.911381587386131287e-02,7.352209836244583130e-02,4.587579518556594849e-02,3.260020539164543152e-02,4.584066197276115417e-02,1.325942575931549072e-01,1.911772340536117554e-01,1.813956797122955322e-01,2.368454635143280029e-01,1.209357753396034241e-01,1.431047618389129639e-01,2.018197029829025269e-01,2.580102384090423584e-01,3.189745545387268066e-01,2.490615397691726685e-01,1.151012107729911804e-01,2.311785519123077393e-01,1.772179305553436279e-01,3.970348462462425232e-02,4.924249276518821716e-02,4.081408306956291199e-02,1.674272269010543823e-01,9.210100024938583374e-02,1.077975798398256302e-02,8.912423253059387207e-02,2.555094063282012939e-01,3.098691105842590332e-01,2.883612215518951416e-01,2.715643048286437988e-01,1.764838546514511108e-01,1.212034896016120911e-01
0.000000000000000000e+00,0.000000000000000000e+00,0.000000000000000000e+00,0.000000000000000000e+00,0.000000000000000000e+00,0.000000000000000000e+00,0.000000000000000000e+00,0.000000000000000000e+00,0.000000000000000000e+00,0.000000000000000000e+00,0.000000000000000000e+00,0.000000000000000000e+00,0.000000000000000000e+00,0.000000000000000000e+00,0.000000000000000000e+00,0.000000000000000000e+00,0.000000000000000000e+00,0.000000000000000000e+00,0.000000000000000000e+00,0.000000000000000000e+00,1.159080211073160172e-02,0.000000000000000000e+00,0.000000000000000000e+00,0.000000000000000000e+00,0.000000000000000000e+00,5.462046712636947632e-02,0.000000000000000000e+00,5.524605140089988708e-02,7.848092913627624512e-02,1.073515266180038452e-01,1.236782297492027283e-01,5.427127704024314880e-02,1.020978465676307678e-01,0.000000000000000000e+00,0.000000000000000000e+00,0.000000000000000000e+00,0.000000000000000000e+00,0.000000000000000000e+00,0.000000000000000000e+00,0.000000000000000000e+00,0.000000000000000000e+00,6.810521241277456284e-03,4.809645190834999084e-02,1.468238979578018188e-01,6.390257924795150757e-02,7.771128416061401367e-02,3.812031075358390808e-02,8.582083135843276978e-02,7.523846626281738281e-02,7.791476696729660034e-02,7.280190289020538330e-02,6.181516125798225403e-02,3.950939700007438660e-02,6.934463977813720703e-02,9.023160487413406372e-02,1.019054874777793884e-01,1.010959967970848083e-01,1.678719073534011841e-01,9.047383815050125122e-02,1.764878183603286743e-01,1.747227311134338379e-01,1.897148042917251587e-01,5.615103617310523987e-02,1.931552542373538017e-03,4.343688022345304489e-03,0.000000000000000000e+00,0.000000000000000000e+00,0.000000000000000000e+00,0.000000000000000000e+00,0.000000000000000000e+00,0.000000000000000000e+00,0.000000000000000000e+00,0.000000000000000000e+00,0.000000000000000000e+00,0.000000000000000000e+00,0.000000000000000000e+00,0.000000000000000000e+00,0.000000000000000000e+00,0.000000000000000000e+00,0.000000000000000000e+00,0.000000000000000000e+00,0.000000000000000000e+00,0.000000000000000000e+00,0.000000000000000000e+00,0.000000000000000000e+00,0.000000000000000000e+00,0.000000000000000000e+00,0.000000000000000000e+00,0.000000000000000000e+00,0.000000000000000000e+00,0.000000000000000000e+00,0.000000000000000000e+00,0.000000000000000000e+00,0.000000000000000000e+00,0.000000000000000000e+00,0.000000000000000000e+00,0.000000000000000000e+00,0.000000000000000000e+00,0.000000000000000000e+00,0.000000000000000000e+00,0.000000000000000000e+00,0.000000000000000000e+00,0.000000000000000000e+00,0.000000000000000000e+00,0.000000000000000000e+00,0.000000000000000000e+00,0.000000000000000000e+00,0.000000000000000000e+00,0.000000000000000000e+00,0.000000000000000000e+00,0.000000000000000000e+00,0.000000000000000000e+00,0.000000000000000000e+00,0.000000000000000000e+00,0.000000000000000000e+00,0.000000000000000000e+00,0.000000000000000000e+00,0.000000000000000000e+00,0.000000000000000000e+00,0.000000000000000000e+00,0.000000000000000000e+00,0.000000000000000000e+00,0.000000000000000000e+00,0.000000000000000000e+00,0.000000000000000000e+00,0.000000000000000000e+00,0.000000000000000000e+00,0.000000000000000000e+00,0.000000000000000000e+00,0.000000000000000000e+00,0.000000000000000000e+00,0.000000000000000000e+00,0.000000000000000000e+00,0.000000000000000000e+00,0.000000000000000000e+00,0.000000000000000000e+00,0.000000000000000000e+00,0.000000000000000000e+00,0.000000000000000000e+00,0.000000000000000000e+00,0.000000000000000000e+00,0.000000000000000000e+00,0.000000000000000000e+00,0.000000000000000000e+00,0.000000000000000000e+00,0.000000000000000000e+00,0.000000000000000000e+00,0.000000000000000000e+00,0.000000000000000000e+00,0.000000000000000000e+00,0.000000000000000000e+00,0.000000000000000000e+00,0.000000000000000000e+00,0.000000000000000000e+00,1.470707589760422707e-03,2.723298501223325729e-03,5.717644933611154556e-03,9.138221852481365204e-03,3.806877508759498596e-02,5.600550398230552673e-02,5.477803945541381836e-02,1.975586824119091034e-02,0.000000000000000000e+00,3.053436521440744400e-03,7.736126281088218093e-05,0.000000000000000000e+00,8.153397939167916775e-04,3.603702352847903967e-04,6.313465535640716553e-02,3.376096487045288086e-02,1.736951619386672974e-02,4.298206046223640442e-02,4.180970415472984314e-02,3.016912750899791718e-02,3.230299428105354309e-02,4.877736419439315796e-02,6.538083404302597046e-02,7.931922376155853271e-02,7.600127905607223511e-02,4.890541732311248779e-02,1.111657917499542236e-02,6.652003619819879532e-03,0.000000000000000000e+00,0.000000000000000000e+00,0.000000000000000000e+00,0.000000000000000000e+00,0.000000000000000000e+00,0.000000000000000000e+00,0.000000000000000000e+00,0.000000000000000000e+00,2.047981601208448410e-03,9.567780420184135437e-03,3.475368488579988480e-03,2.144218049943447113e-02,6.097496487200260162e-03,2.602188475430011749e-02,1.742295920848846436e-02,4.856839776039123535e-03,7.468316704034805298e-03,2.018714509904384613e-02,2.928633242845535278e-02,1.023525670170783997e-01,5.677663907408714294e-02,3.977309167385101318e-02,1.056249737739562988e-01,1.354416608810424805e-01,1.580801010131835938e-01,9.757070243358612061e-02,8.587376028299331665e-02,8.869858086109161377e-02,1.510183811187744141e-01,1.440822333097457886e-01,1.169209182262420654e-01,2.155390232801437378e-01,2.886641919612884521e-01,1.577831506729125977e-01,2.329087704420089722e-01,2.499896585941314697e-01,3.822471499443054199e-01,2.736226320266723633e-01,1.660311818122863770e-01,2.844897210597991943e-01,2.521282434463500977e-01,2.682768404483795166e-01,1.982433199882507324e-01,1.337681710720062256e-01,1.110702082514762878e-01,1.043206304311752319e-01,1.056147664785385132e-01,2.687091827392578125e-01,2.094745188951492310e-01,2.996871769428253174e-01,3.444574475288391113e-01,2.839500606060028076e-01,2.402247488498687744e-01,1.704695969820022583e-01
0.000000000000000000e+00,0.000000000000000000e+00,0.000000000000000000e+00,0.000000000000000000e+00,0.000000000000000000e+00,0.000000000000000000e+00,0.000000000000000000e+00,0.000000000000000000e+00,0.000000000000000000e+00,0.000000000000000000e+00,0.000000000000000000e+00,0.000000000000000000e+00,0.000000000000000000e+00,0.000000000000000000e+00,0.000000000000000000e+00,0.000000000000000000e+00,0.000000000000000000e+00,0.000000000000000000e+00,8.910855278372764587e-03,8.374098688364028931e-03,0.000000000000000000e+00,0.000000000000000000e+00,0.000000000000000000e+00,0.000000000000000000e+00,0.000000000000000000e+00,0.000000000000000000e+00,0.000000000000000000e+00,0.000000000000000000e+00,1.414455659687519073e-02,8.003700524568557739e-03,3.151470050215721130e-02,0.000000000000000000e+00,1.573388092219829559e-02,0.000000000000000000e+00,0.000000000000000000e+00,0.000000000000000000e+00,0.000000000000000000e+00,0.000000000000000000e+00,0.000000000000000000e+00,0.000000000000000000e+00,0.000000000000000000e+00,3.593325847759842873e-03,1.025437470525503159e-02,4.501251131296157837e-02,1.067571192979812622e-01,1.511345803737640381e-01,1.934868283569812775e-02,0.000000000000000000e+00,6.591680459678173065e-03,1.362607479095458984e-01,1.394546329975128174e-01,7.204324007034301758e-02,5.426843464374542236e-02,8.244887739419937134e-02,6.898079067468643188e-02,4.936217144131660461e-02,8.270231634378433228e-02,1.206270158290863037e-01,8.717855811119079590e-02,2.014084756374359131e-01,1.547063291072845459e-01,7.718232274055480957e-02,7.851037383079528809e-02,6.446902453899383545e-02,6.271331012248992920e-02,9.384409524500370026e-03,0.000000000000000000e+00,0.000000000000000000e+00,0.000000000000000000e+00,0.000000000000000000e+00,0.000000000000000000e+00,0.000000000000000000e+00,0.000000000000000000e+00,0.000000000000000000e+00,0.000000000000000000e+00,0.000000000000000000e+00,0.000000000000000000e+00,0.000000000000000000e+00,0.000000000000000000e+00,0.000000000000000000e+00,0.000000000000000000e+00,0.000000000000000000e+00,0.000000000000000000e+00,0.000000000000000000e+00,0.000000000000000000e+00,0.000000000000000000e+00,0.000000000000000000e+00,0.000000000000000000e+00,0.000000000000000000e+00,0.000000000000000000e+00,0.000000000000000000e+00,0.000000000000000000e+00,0.000000000000000000e+00,0.000000000000000000e+00,0.000000000000000000e+00,0.000000000000000000e+00,0.000000000000000000e+00,0.000000000000000000e+00,0.000000000000000000e+00,0.000000000000000000e+00,0.000000000000000000e+00,0.000000000000000000e+00,0.000000000000000000e+00,0.000000000000000000e+00,0.000000000000000000e+00,0.000000000000000000e+00,0.000000000000000000e+00,0.000000000000000000e+00,0.000000000000000000e+00,0.000000000000000000e+00,0.000000000000000000e+00,0.000000000000000000e+00,0.000000000000000000e+00,0.000000000000000000e+00,0.000000000000000000e+00,0.000000000000000000e+00,0.000000000000000000e+00,0.000000000000000000e+00,0.000000000000000000e+00,0.000000000000000000e+00,0.000000000000000000e+00,0.000000000000000000e+00,0.000000000000000000e+00,0.000000000000000000e+00,0.000000000000000000e+00,0.000000000000000000e+00,0.000000000000000000e+00,0.000000000000000000e+00,0.000000000000000000e+00,0.000000000000000000e+00,0.000000000000000000e+00,0.000000000000000000e+00,0.000000000000000000e+00,0.000000000000000000e+00,0.000000000000000000e+00,0.000000000000000000e+00,0.000000000000000000e+00,0.000000000000000000e+00,0.000000000000000000e+00,0.000000000000000000e+00,0.000000000000000000e+00,0.000000000000000000e+00,0.000000000000000000e+00,0.000000000000000000e+00,0.000000000000000000e+00,0.000000000000000000e+00,0.000000000000000000e+00,0.000000000000000000e+00,0.000000000000000000e+00,0.000000000000000000e+00,0.000000000000000000e+00,0.000000000000000000e+00,7.872569258324801922e-04,2.399827120825648308e-03,2.896426711231470108e-03,2.037061564624309540e-02,2.431614510715007782e-02,2.291991934180259705e-02,9.632994234561920166e-02,6.073641404509544373e-02,0.000000000000000000e+00,0.000000000000000000e+00,0.000000000000000000e+00,0.000000000000000000e+00,4.226132296025753021e-03,5.808376707136631012e-03,2.999944612383842468e-02,8.226479589939117432e-02,5.341720208525657654e-02,1.085850223898887634e-02,7.471896708011627197e-03,4.128444939851760864e-02,7.561247330158948898e-03,2.617265842854976654e-02,2.275062166154384613e-02,3.863031417131423950e-02,4.265394806861877441e-02,6.023189797997474670e-02,6.784553080797195435e-02,3.498247265815734863e-02,1.478125527501106262e-02,0.000000000000000000e+00,0.000000000000000000e+00,0.000000000000000000e+00,0.000000000000000000e+00,0.000000000000000000e+00,0.000000000000000000e+00,0.000000000000000000e+00,3.724264097400009632e-04,4.915846977382898331e-03,0.000000000000000000e+00,4.422608762979507446e-02,2.779672481119632721e-02,3.211101144552230835e-02,1.863477565348148346e-02,1.537859439849853516e-02,5.700245127081871033e-02,3.613462299108505249e-02,3.373033925890922546e-02,4.966501519083976746e-02,4.286610335111618042e-02,7.744927704334259033e-02,7.576939463615417480e-02,7.603698223829269409e-02,1.400097608566284180e-01,1.949515640735626221e-01,9.771615266799926758e-02,1.441039443016052246e-01,1.746946424245834351e-01,1.744050383567810059e-01,1.427358388900756836e-01,1.310813575983047485e-01,1.001138538122177124e-01,1.360282152891159058e-01,2.678768932819366455e-01,8.356681466102600098e-02,1.379253417253494263e-01,2.393947094678878784e-01,2.350364327430725098e-01,2.588138878345489502e-01,1.878776550292968750e-01,2.231584638357162476e-01,1.533340215682983398e-01,9.639805555343627930e-02,2.110330462455749512e-01,1.557763516902923584e-01,5.419803783297538757e-02,5.459145084023475647e-02,7.300635427236557007e-02,2.511755824089050293e-01,2.887716889381408691e-01,2.152855098247528076e-01,2.969290912151336670e-01,3.358659148216247559e-01,2.434069961309432983e-01,2.418521046638488770e-01
0.000000000000000000e+00,0.000000000000000000e+00,0.000000000000000000e+00,0.000000000000000000e+00,0.000000000000000000e+00,0.000000000000000000e+00,0.000000000000000000e+00,0.000000000000000000e+00,0.000000000000000000e+00,0.000000000000000000e+00,0.000000000000000000e+00,0.000000000000000000e+00,0.000000000000000000e+00,0.000000000000000000e+00,0.000000000000000000e+00,0.000000000000000000e+00,0.000000000000000000e+00,0.000000000000000000e+00,9.321227553300559521e-04,0.000000000000000000e+00,0.000000000000000000e+00,0.000000000000000000e+00,0.000000000000000000e+00,0.000000000000000000e+00,4.062165319919586182e-02,0.000000000000000000e+00,0.000000000000000000e+00,0.000000000000000000e+00,0.000000000000000000e+00,0.000000000000000000e+00,0.000000000000000000e+00,0.000000000000000000e+00,0.000000000000000000e+00,0.000000000000000000e+00,0.000000000000000000e+00,0.000000000000000000e+00,0.000000000000000000e+00,0.000000000000000000e+00,0.000000000000000000e+00,0.000000000000000000e+00,4.524345323443412781e-02,1.061547771096229553e-01,5.738452821969985962e-02,1.145556867122650146e-01,5.780649930238723755e-02,9.733032435178756714e-02,2.759901061654090881e-02,5.547999218106269836e-02,5.294813588261604309e-02,2.541814185678958893e-02,1.286277920007705688e-01,1.873106062412261963e-01,1.871224492788314819e-01,1.953893005847930908e-01,1.476989239454269409e-01,1.454436928033828735e-01,8.095370978116989136e-02,6.376326829195022583e-02,4.635816812515258789e-02,7.674852013587951660e-02,2.535949833691120148e-02,3.712354600429534912e-02,6.784234195947647095e-02,7.170940190553665161e-02,1.351453214883804321e-01,8.967495709657669067e-02,9.513042867183685303e-03,2.566816098988056183e-02,1.968670077621936798e-02,3.066996484994888306e-02,0.000000000000000000e+00,0.000000000000000000e+00,3.388883196748793125e-04,0.000000000000000000e+00,0.000000000000000000e+00,0.000000000000000000e+00,0.000000000000000000e+00,0.000000000000000000e+00,0.000000000000000000e+00,0.000000000000000000e+00,0.000000000000000000e+00,0.000000000000000000e+00,0.000000000000000000e+00,0.000000000000000000e+00,0.000000000000000000e+00,0.000000000000000000e+00,0.000000000000000000e+00,0.000000000000000000e+00,0.000000000000000000e+00,0.000000000000000000e+00,0.000000000000000000e+00,0.000000000000000000e+00,0.000000000000000000e+00,0.000000000000000000e+00,0.000000000000000000e+00,0.000000000000000000e+00,0.000000000000000000e+00,0.000000000000000000e+00,0.000000000000000000e+00,0.000000000000000000e+00,0.000000000000000000e+00,0.000000000000000000e+00,0.000000000000000000e+00,0.000000000000000000e+00,0.000000000000000000e+00,0.000000000000000000e+00,0.000000000000000000e+00,0.000000000000000000e+00,0.000000000000000000e+00,0.000000000000000000e+00,0.000000000000000000e+00,0.000000000000000000e+00,0.000000000000000000e+00,0.000000000000000000e+00,0.000000000000000000e+00,0.000000000000000000e+00,0.000000000000000000e+00,0.000000000000000000e+00,0.000000000000000000e+00,0.000000000000000000e+00,0.000000000000000000e+00,0.000000000000000000e+00,0.000000000000000000e+00,0.000000000000000000e+00,0.000000000000000000e+00,0.000000000000000000e+00,0.000000000000000000e+00,0.000000000000000000e+00,0.000000000000000000e+00,0.000000000000000000e+00,0.000000000000000000e+00,0.000000000000000000e+00,0.000000000000000000e+00,0.000000000000000000e+00,0.000000000000000000e+00,0.000000000000000000e+00,0.000000000000000000e+00,0.000000000000000000e+00,0.000000000000000000e+00,0.000000000000000000e+00,0.000000000000000000e+00,0.000000000000000000e+00,0.000000000000000000e+00,0.000000000000000000e+00,0.000000000000000000e+00,0.000000000000000000e+00,0.000000000000000000e+00,0.000000000000000000e+00,0.000000000000000000e+00,0.000000000000000000e+00,0.000000000000000000e+00,1.737284590490162373e-03,8.687946945428848267e-03,1.250318624079227448e-02,6.790442019701004028e-02,3.923068568110466003e-02,2.407577447593212128e-02,4.453961178660392761e-02,7.820940762758255005e-02,0.000000000000000000e+00,0.000000000000000000e+00,0.000000000000000000e+00,5.940029863268136978e-03,1.328499289229512215e-03,0.000000000000000000e+00,1.440940075553953648e-03,2.623580023646354675e-02,1.326263993978500366e-01,3.540287166833877563e-02,3.036679141223430634e-02,2.196157164871692657e-02,8.968396112322807312e-03,9.762959671206772327e-04,1.700421236455440521e-02,1.569201983511447906e-02,1.534339599311351776e-02,1.950029656291007996e-02,5.321820080280303955e-02,6.130488216876983643e-02,4.614559933543205261e-02,1.283111516386270523e-02,0.000000000000000000e+00,0.000000000000000000e+00,0.000000000000000000e+00,0.000000000000000000e+00,1.433876808732748032e-03,2.834375947713851929e-03,5.678247194737195969e-03,6.054661702364683151e-03,2.008565515279769897e-02,4.650419577956199646e-03,5.055536329746246338e-02,5.082841590046882629e-02,4.347004368901252747e-02,2.780224196612834930e-02,3.169486299157142639e-02,4.627280309796333313e-02,5.270213633775711060e-02,5.455579981207847595e-02,8.088442683219909668e-02,1.412053257226943970e-01,1.414395868778228760e-01,1.179499477148056030e-01,1.108507588505744934e-01,1.468420326709747314e-01,2.259171158075332642e-01,1.320056766271591187e-01,1.723561435937881470e-01,1.645381599664688110e-01,1.494842767715454102e-01,1.237079352140426636e-01,1.142285242676734924e-01,1.092615574598312378e-01,1.305477619171142578e-01,2.103753983974456787e-01,2.479671686887741089e-01,1.917573064565658569e-01,2.241163998842239380e-01,2.074785232543945312e-01,2.833802998065948486e-01,2.415852248668670654e-01,2.720226645469665527e-01,2.610126137733459473e-01,2.522649765014648438e-01,2.241516262292861938e-01,1.922712177038192749e-01,3.963996842503547668e-02,1.656744927167892456e-01,2.598648965358734131e-01,2.645702362060546875e-01,2.354690581560134888e-01,2.058401405811309814e-01,1.088393703103065491e-01,1.741023659706115723e-01,2.706634700298309326e-01,1.900555938482284546e-01
0.000000000000000000e+00,0.000000000000000000e+00,0.000000000000000000e+00,0.000000000000000000e+00,0.000000000000000000e+00,0.000000000000000000e+00,0.000000000000000000e+00,0.000000000000000000e+00,0.000000000000000000e+00,0.000000000000000000e+00,0.000000000000000000e+00,0.000000000000000000e+00,0.000000000000000000e+00,0.000000000000000000e+00,0.000000000000000000e+00,0.000000000000000000e+00,0.000000000000000000e+00,0.000000000000000000e+00,0.000000000000000000e+00,0.000000000000000000e+00,0.000000000000000000e+00,0.000000000000000000e+00,0.000000000000000000e+00,1.655663480050861835e-03,3.947097808122634888e-02,0.000000000000000000e+00,0.000000000000000000e+00,0.000000000000000000e+00,0.000000000000000000e+00,0.000000000000000000e+00,0.000000000000000000e+00,0.000000000000000000e+00,0.000000000000000000e+00,0.000000000000000000e+00,0.000000000000000000e+00,0.000000000000000000e+00,0.000000000000000000e+00,0.000000000000000000e+00,0.000000000000000000e+00,0.000000000000000000e+00,4.654201865196228027e-02,8.134130388498306274e-02,8.593989163637161255e-02,1.053783372044563293e-01,2.171610854566097260e-02,4.182581230998039246e-02,2.160940319299697876e-02,2.390384208410978317e-03,0.000000000000000000e+00,0.000000000000000000e+00,6.089299917221069336e-02,9.555096179246902466e-02,9.199777990579605103e-02,4.501743987202644348e-02,4.046582803130149841e-02,6.554441899061203003e-02,5.135174468159675598e-02,2.705466374754905701e-02,2.185755409300327301e-03,1.420526969013735652e-04,5.860715359449386597e-02,1.449741423130035400e-01,4.435856640338897705e-02,4.654563218355178833e-02,3.881716355681419373e-02,3.272538259625434875e-02,7.127683144062757492e-03,1.234066113829612732e-02,1.663260348141193390e-02,0.000000000000000000e+00,0.000000000000000000e+00,0.000000000000000000e+00,0.000000000000000000e+00,0.000000000000000000e+00,0.000000000000000000e+00,0.000000000000000000e+00,0.000000000000000000e+00,0.000000000000000000e+00,0.000000000000000000e+00,0.000000000000000000e+00,0.000000000000000000e+00,0.000000000000000000e+00,0.000000000000000000e+00,0.000000000000000000e+00,0.000000000000000000e+00,0.000000000000000000e+00,0.000000000000000000e+00,0.000000000000000000e+00,0.000000000000000000e+00,0.000000000000000000e+00,0.000000000000000000e+00,0.000000000000000000e+00,0.000000000000000000e+00,0.000000000000000000e+00,0.000000000000000000e+00,0.000000000000000000e+00,0.000000000000000000e+00,0.000000000000000000e+00,0.000000000000000000e+00,0.000000000000000000e+00,0.000000000000000000e+00,0.000000000000000000e+00,0.000000000000000000e+00,0.000000000000000000e+00,0.000000000000000000e+00,0.000000000000000000e+00,0.000000000000000000e+00,0.000000000000000000e+00,0.000000000000000000e+00,0.000000000000000000e+00,0.000000000000000000e+00,0.000000000000000000e+00,0.000000000000000000e+00,0.000000000000000000e+00,0.000000000000000000e+00,0.000000000000000000e+00,0.000000000000000000e+00,0.000000000000000000e+00,0.000000000000000000e+00,0.000000000000000000e+00,0.000000000000000000e+00,0.000000000000000000e+00,0.000000000000000000e+00,0.000000000000000000e+00,0.000000000000000000e+00,0.000000000000000000e+00,0.000000000000000000e+00,0.000000000000000000e+00,0.000000000000000000e+00,0.000000000000000000e+00,0.000000000000000000e+00,0.000000000000000000e+00,0.000000000000000000e+00,0.000000000000000000e+00,0.000000000000000000e+00,0.000000000000000000e+00,0.000000000000000000e+00,0.000000000000000000e+00,0.000000000000000000e+00,0.000000000000000000e+00,0.000000000000000000e+00,0.000000000000000000e+00,0.000000000000000000e+00,0.000000000000000000e+00,0.000000000000000000e+00,0.000000000000000000e+00,0.000000000000000000e+00,0.000000000000000000e+00,0.000000000000000000e+00,0.000000000000000000e+00,7.563759572803974152e-03,0.000000000000000000e+00,4.291642457246780396e-03,1.243157032877206802e-02,6.989467889070510864e-02,7.443116605281829834e-02,4.817787557840347290e-02,7.109659165143966675e-02,1.484943553805351257e-02,0.000000000000000000e+00,0.000000000000000000e+00,1.234934083186089993e-03,0.000000000000000000e+00,3.811154048889875412e-03,2.117660827934741974e-02,9.930959902703762054e-03,1.736102439463138580e-02,6.593769043684005737e-02,1.802455075085163116e-02,4.230832215398550034e-03,1.863023266196250916e-02,1.614336273632943630e-03,9.999345056712627411e-03,1.983561925590038300e-02,1.458005234599113464e-02,8.840898051857948303e-03,1.628273911774158478e-02,5.215281248092651367e-02,4.727260023355484009e-02,1.026546861976385117e-02,1.496373116970062256e-02,1.170338946394622326e-03,0.000000000000000000e+00,1.468856135034002364e-05,2.863475354388356209e-03,4.101776983588933945e-03,1.630116812884807587e-02,1.226399280130863190e-02,2.031811326742172241e-02,2.028344757854938507e-02,2.162994444370269775e-02,6.457719206809997559e-02,7.107979804277420044e-02,7.246424257755279541e-02,5.744059383869171143e-02,5.042988061904907227e-02,5.002191662788391113e-02,5.762602761387825012e-02,6.297180056571960449e-02,9.053565561771392822e-02,1.106871813535690308e-01,1.359482109546661377e-01,9.929914027452468872e-02,1.169781833887100220e-01,1.115846261382102966e-01,1.664882153272628784e-01,1.875900030136108398e-01,1.098030135035514832e-01,1.970313340425491333e-01,1.713076233863830566e-01,1.377231925725936890e-01,1.111248657107353210e-01,8.573776483535766602e-02,1.225424557924270630e-01,1.257048994302749634e-01,2.185218781232833862e-01,1.722922474145889282e-01,2.285598367452621460e-01,2.119715362787246704e-01,1.685895621776580811e-01,1.064630001783370972e-01,1.988154798746109009e-01,1.840809881687164307e-01,1.492957770824432373e-01,1.295899152755737305e-01,1.467432975769042969e-01,2.246093899011611938e-01,2.226952761411666870e-01,2.454791814088821411e-01,1.634376198053359985e-01,1.677587330341339111e-01,3.171672821044921875e-01,1.786105781793594360e-01,2.900544703006744385e-01,3.280213475227355957e-01,3.024114966392517090e-01
0.000000000000000000e+00,0.000000000000000000e+00,0.000000000000000000e+00,0.000000000000000000e+00,0.000000000000000000e+00,0.000000000000000000e+00,0.000000000000000000e+00,0.000000000000000000e+00,0.000000000000000000e+00,0.000000000000000000e+00,0.000000000000000000e+00,0.000000000000000000e+00,0.000000000000000000e+00,0.000000000000000000e+00,0.000000000000000000e+00,0.000000000000000000e+00,0.000000000000000000e+00,0.000000000000000000e+00,0.000000000000000000e+00,0.000000000000000000e+00,0.000000000000000000e+00,0.000000000000000000e+00,0.000000000000000000e+00,0.000000000000000000e+00,0.000000000000000000e+00,0.000000000000000000e+00,0.000000000000000000e+00,0.000000000000000000e+00,1.546100806444883347e-02,0.000000000000000000e+00,4.816814325749874115e-04,0.000000000000000000e+00,0.000000000000000000e+00,0.000000000000000000e+00,0.000000000000000000e+00,0.000000000000000000e+00,0.000000000000000000e+00,0.000000000000000000e+00,0.000000000000000000e+00,0.000000000000000000e+00,1.725587435066699982e-02,0.000000000000000000e+00,0.000000000000000000e+00,0.000000000000000000e+00,0.000000000000000000e+00,0.000000000000000000e+00,1.233762279152870178e-01,1.639169603586196899e-01,1.399958282709121704e-01,1.335729807615280151e-01,1.349171698093414307e-01,1.331478953361511230e-01,1.145337074995040894e-01,1.175282746553421021e-01,4.398235678672790527e-02,4.787752404808998108e-02,6.975802034139633179e-02,4.399487376213073730e-02,4.005291964858770370e-03,8.457377552986145020e-03,3.052877448499202728e-02,1.178118363022804260e-01,6.222842261195182800e-02,0.000000000000000000e+00,0.000000000000000000e+00,0.000000000000000000e+00,0.000000000000000000e+00,0.000000000000000000e+00,0.000000000000000000e+00,0.000000000000000000e+00,0.000000000000000000e+00,0.000000000000000000e+00,0.000000000000000000e+00,0.000000000000000000e+00,0.000000000000000000e+00,0.000000000000000000e+00,0.000000000000000000e+00,0.000000000000000000e+00,0.000000000000000000e+00,0.000000000000000000e+00,0.000000000000000000e+00,0.000000000000000000e+00,0.000000000000000000e+00,0.000000000000000000e+00,0.000000000000000000e+00,0.000000000000000000e+00,0.000000000000000000e+00,0.000000000000000000e+00,0.000000000000000000e+00,0.000000000000000000e+00,0.000000000000000000e+00,0.000000000000000000e+00,0.000000000000000000e+00,0.000000000000000000e+00,0.000000000000000000e+00,0.000000000000000000e+00,0.000000000000000000e+00,0.000000000000000000e+00,0.000000000000000000e+00,0.000000000000000000e+00,0.000000000000000000e+00,0.000000000000000000e+00,0.000000000000000000e+00,0.000000000000000000e+00,0.000000000000000000e+00,0.000000000000000000e+00,0.000000000000000000e+00,0.000000000000000000e+00,0.000000000000000000e+00,0.000000000000000000e+00,0.000000000000000000e+00,0.000000000000000000e+00,0.000000000000000000e+00,0.000000000000000000e+00,0.000000000000000000e+00,0.000000000000000000e+00,0.000000000000000000e+00,0.000000000000000000e+00,0.000000000000000000e+00,0.000000000000000000e+00,0.000000000000000000e+00,0.000000000000000000e+00,0.000000000000000000e+00,0.000000000000000000e+00,0.000000000000000000e+00,0.000000000000000000e+00,0.000000000000000000e+00,0.000000000000000000e+00,0.000000000000000000e+00,0.000000000000000000e+00,0.000000000000000000e+00,0.000000000000000000e+00,0.000000000000000000e+00,0.000000000000000000e+00,0.000000000000000000e+00,0.000000000000000000e+00,0.000000000000000000e+00,0.000000000000000000e+00,0.000000000000000000e+00,0.000000000000000000e+00,0.000000000000000000e+00,0.000000000000000000e+00,0.000000000000000000e+00,2.455217763781547546e-02,0.000000000000000000e+00,0.000000000000000000e+00,0.000000000000000000e+00,0.000000000000000000e+00,0.000000000000000000e+00,3.379373345524072647e-03,4.311441443860530853e-03,6.686465814709663391e-03,2.296735905110836029e-02,7.136808708310127258e-03,2.300316281616687775e-02,3.813793137669563293e-02,4.680743440985679626e-02,6.270536221563816071e-03,0.000000000000000000e+00,0.000000000000000000e+00,0.000000000000000000e+00,5.121117457747459412e-02,0.000000000000000000e+00,5.315017420798540115e-03,1.057969219982624054e-02,0.000000000000000000e+00,2.106586843729019165e-02,2.355715073645114899e-02,1.287443330511450768e-03,0.000000000000000000e+00,1.923164539039134979e-02,2.412844682112336159e-03,6.090256385505199432e-03,5.512849427759647369e-03,1.277302205562591553e-02,1.790123060345649719e-02,2.767837420105934143e-02,4.368640109896659851e-02,3.358035162091255188e-02,1.410009060055017471e-02,1.523583475500345230e-02,1.710515283048152924e-02,3.875953610986471176e-03,5.262600257992744446e-03,5.689087323844432831e-03,9.066807106137275696e-03,4.182383418083190918e-02,6.811771541833877563e-02,1.064119935035705566e-01,9.892152994871139526e-02,8.086826652288436890e-02,7.738910615444183350e-02,7.574270665645599365e-02,8.404925465583801270e-02,6.289907544851303101e-02,2.390806935727596283e-02,3.197799250483512878e-02,6.336791068315505981e-02,8.696307986974716187e-02,9.015871584415435791e-02,1.059110537171363831e-01,1.478801816701889038e-01,2.621138095855712891e-01,1.423040479421615601e-01,2.179304659366607666e-01,1.579637676477432251e-01,2.091366052627563477e-01,1.793442517518997192e-01,1.743634045124053955e-01,1.482966542243957520e-01,1.193121224641799927e-01,1.187141761183738708e-01,8.944931626319885254e-02,1.705056428909301758e-01,1.699973642826080322e-01,1.609212756156921387e-01,2.148565500974655151e-01,2.258114367723464966e-01,6.801688671112060547e-02,7.722410559654235840e-02,6.702073849737644196e-03,2.101797461509704590e-01,2.008554786443710327e-01,8.749238401651382446e-02,9.434192627668380737e-02,1.508457958698272705e-01,2.175515741109848022e-01,2.126823812723159790e-01,1.014877408742904663e-01,9.235478192567825317e-02,1.511188447475433350e-01,2.693722248077392578e-01,3.269183039665222168e-01,2.457536309957504272e-01,2.372925132513046265e-01,3.535692691802978516e-01
0.000000000000000000e+00,0.000000000000000000e+00,0.000000000000000000e+00,0.000000000000000000e+00,0.000000000000000000e+00,0.000000000000000000e+00,0.000000000000000000e+00,0.000000000000000000e+00,0.000000000000000000e+00,0.000000000000000000e+00,0.000000000000000000e+00,0.000000000000000000e+00,0.000000000000000000e+00,0.000000000000000000e+00,0.000000000000000000e+00,0.000000000000000000e+00,0.000000000000000000e+00,0.000000000000000000e+00,0.000000000000000000e+00,0.000000000000000000e+00,0.000000000000000000e+00,0.000000000000000000e+00,0.000000000000000000e+00,0.000000000000000000e+00,0.000000000000000000e+00,0.000000000000000000e+00,0.000000000000000000e+00,0.000000000000000000e+00,0.000000000000000000e+00,0.000000000000000000e+00,0.000000000000000000e+00,0.000000000000000000e+00,0.000000000000000000e+00,0.000000000000000000e+00,0.000000000000000000e+00,0.000000000000000000e+00,0.000000000000000000e+00,0.000000000000000000e+00,0.000000000000000000e+00,0.000000000000000000e+00,0.000000000000000000e+00,6.917369086295366287e-03,7.482272107154130936e-03,1.508872769773006439e-02,2.923798281699419022e-03,1.563307642936706543e-02,8.646885305643081665e-02,9.528077393770217896e-02,1.041626706719398499e-01,1.771917343139648438e-01,2.045747786760330200e-01,1.352442204952239990e-01,1.635908037424087524e-01,1.527200490236282349e-01,1.050190627574920654e-01,5.668808519840240479e-02,8.581510186195373535e-02,9.584586322307586670e-02,6.826867163181304932e-02,6.565801799297332764e-02,0.000000000000000000e+00,8.220705785788595676e-04,0.000000000000000000e+00,0.000000000000000000e+00,0.000000000000000000e+00,0.000000000000000000e+00,2.360138809308409691e-03,0.000000000000000000e+00,0.000000000000000000e+00,5.008261068724095821e-04,0.000000000000000000e+00,0.000000000000000000e+00,0.000000000000000000e+00,0.000000000000000000e+00,0.000000000000000000e+00,0.000000000000000000e+00,0.000000000000000000e+00,0.000000000000000000e+00,0.000000000000000000e+00,0.000000000000000000e+00,0.000000000000000000e+00,0.000000000000000000e+00,0.000000000000000000e+00,0.000000000000000000e+00,0.000000000000000000e+00,0.000000000000000000e+00,0.000000000000000000e+00,0.000000000000000000e+00,0.000000000000000000e+00,0.000000000000000000e+00,0.000000000000000000e+00,0.000000000000000000e+00,0.000000000000000000e+00,0.000000000000000000e+00,0.000000000000000000e+00,0.000000000000000000e+00,0.000000000000000000e+00,0.000000000000000000e+00,0.000000000000000000e+00,0.000000000000000000e+00,0.000000000000000000e+00,0.000000000000000000e+00,0.000000000000000000e+00,0.000000000000000000e+00,0.000000000000000000e+00,0.000000000000000000e+00,0.000000000000000000e+00,0.000000000000000000e+00,0.000000000000000000e+00,0.000000000000000000e+00,0.000000000000000000e+00,0.000000000000000000e+00,0.000000000000000000e+00,0.000000000000000000e+00,0.000000000000000000e+00,0.000000000000000000e+00,0.000000000000000000e+00,0.000000000000000000e+00,0.000000000000000000e+00,0.000000000000000000e+00,0.000000000000000000e+00,0.000000000000000000e+00,0.000000000000000000e+00,0.000000000000000000e+00,0.000000000000000000e+00,0.000000000000000000e+00,0.000000000000000000e+00,0.000000000000000000e+00,0.000000000000000000e+00,0.000000000000000000e+00,0.000000000000000000e+00,3.938762820325791836e-04,4.628266906365752220e-04,1.209305482916533947e-03,3.047392470762133598e-03,8.020069799385964870e-04,2.509099140297621489e-04,0.000000000000000000e+00,0.000000000000000000e+00,0.000000000000000000e+00,0.000000000000000000e+00,0.000000000000000000e+00,0.000000000000000000e+00,4.220102354884147644e-02,0.000000000000000000e+00,0.000000000000000000e+00,7.350683445110917091e-04,6.889897631481289864e-04,1.863048295490443707e-03,2.298554591834545135e-02,1.631087623536586761e-02,8.676292002201080322e-02,1.208355203270912170e-01,2.119541168212890625e-02,6.601392524316906929e-04,0.000000000000000000e+00,0.000000000000000000e+00,0.000000000000000000e+00,0.000000000000000000e+00,0.000000000000000000e+00,0.000000000000000000e+00,0.000000000000000000e+00,0.000000000000000000e+00,2.775795059278607368e-03,0.000000000000000000e+00,4.169658059254288673e-04,7.666110992431640625e-03,1.998457871377468109e-02,0.000000000000000000e+00,0.000000000000000000e+00,4.080744832754135132e-02,1.089540775865316391e-03,3.677434055134654045e-03,1.479953154921531677e-02,2.644932642579078674e-02,2.917978912591934204e-02,3.372120484709739685e-02,3.610035777091979980e-02,2.817834913730621338e-02,4.667061194777488708e-02,2.294296398758888245e-02,1.987711153924465179e-02,8.738076314330101013e-03,9.829144924879074097e-03,1.251446362584829330e-02,2.602710202336311340e-02,6.340128183364868164e-02,8.128809928894042969e-02,1.104594096541404724e-01,1.121052354574203491e-01,9.666162729263305664e-02,3.527401760220527649e-02,9.001369588077068329e-03,6.856375187635421753e-02,2.780792675912380219e-02,2.719979546964168549e-02,1.507403887808322906e-02,4.893118143081665039e-02,1.068741455674171448e-01,1.215160638093948364e-01,1.215370222926139832e-01,1.499540507793426514e-01,2.514040470123291016e-01,2.960172295570373535e-01,2.814683616161346436e-01,1.786204427480697632e-01,1.991255432367324829e-01,1.851165145635604858e-01,1.724511682987213135e-01,1.726885735988616943e-01,1.185975372791290283e-01,1.333796828985214233e-01,1.499001532793045044e-01,1.965902596712112427e-01,1.195346862077713013e-01,9.803147614002227783e-02,1.170473471283912659e-01,1.970285177230834961e-01,1.449874341487884521e-01,1.698235869407653809e-01,1.599223762750625610e-01,2.696814537048339844e-01,1.885870844125747681e-01,2.015371173620223999e-01,1.516205221414566040e-01,1.173021048307418823e-01,2.163238972425460815e-01,2.464414983987808228e-01,3.482288122177124023e-01,2.627686262130737305e-01,1.018033623695373535e-01,2.722308039665222168e-01,2.501406967639923096e-01,3.098666071891784668e-01,2.044544517993927002e-01,2.559391260147094727e-01
0.000000000000000000e+00,0.000000000000000000e+00,0.000000000000000000e+00,0.000000000000000000e+00,0.000000000000000000e+00,0.000000000000000000e+00,0.000000000000000000e+00,0.000000000000000000e+00,0.000000000000000000e+00,0.000000000000000000e+00,0.000000000000000000e+00,0.000000000000000000e+00,0.000000000000000000e+00,0.000000000000000000e+00,0.000000000000000000e+00,0.000000000000000000e+00,0.000000000000000000e+00,0.000000000000000000e+00,0.000000000000000000e+00,0.000000000000000000e+00,0.000000000000000000e+00,0.000000000000000000e+00,0.000000000000000000e+00,0.000000000000000000e+00,0.000000000000000000e+00,0.000000000000000000e+00,0.000000000000000000e+00,0.000000000000000000e+00,0.000000000000000000e+00,0.000000000000000000e+00,0.000000000000000000e+00,0.000000000000000000e+00,3.838669508695602417e-04,0.000000000000000000e+00,0.000000000000000000e+00,0.000000000000000000e+00,0.000000000000000000e+00,0.000000000000000000e+00,0.000000000000000000e+00,0.000000000000000000e+00,1.263488829135894775e-02,2.725227177143096924e-02,8.611343218944966793e-04,9.653155691921710968e-03,3.842209652066230774e-02,5.799011141061782837e-02,4.232678934931755066e-02,5.385863408446311951e-02,6.922534853219985962e-02,1.141813918948173523e-01,1.526170074939727783e-01,9.695791453123092651e-02,9.321626275777816772e-02,7.340037822723388672e-02,2.073652856051921844e-02,4.909823089838027954e-02,2.641531452536582947e-02,4.266467317938804626e-02,5.471682548522949219e-02,3.258720040321350098e-02,2.604025183245539665e-03,1.088321488350629807e-02,0.000000000000000000e+00,0.000000000000000000e+00,0.000000000000000000e+00,0.000000000000000000e+00,1.806813757866621017e-03,0.000000000000000000e+00,0.000000000000000000e+00,0.000000000000000000e+00,0.000000000000000000e+00,0.000000000000000000e+00,0.000000000000000000e+00,0.000000000000000000e+00,0.000000000000000000e+00,0.000000000000000000e+00,0.000000000000000000e+00,0.000000000000000000e+00,0.000000000000000000e+00,0.000000000000000000e+00,0.000000000000000000e+00,0.000000000000000000e+00,0.000000000000000000e+00,0.000000000000000000e+00,0.000000000000000000e+00,0.000000000000000000e+00,0.000000000000000000e+00,0.000000000000000000e+00,0.000000000000000000e+00,0.000000000000000000e+00,0.000000000000000000e+00,0.000000000000000000e+00,0.000000000000000000e+00,0.000000000000000000e+00,0.000000000000000000e+00,0.000000000000000000e+00,0.000000000000000000e+00,0.000000000000000000e+00,0.000000000000000000e+00,0.000000000000000000e+00,0.000000000000000000e+00,0.000000000000000000e+00,0.000000000000000000e+00,0.000000000000000000e+00,0.000000000000000000e+00,0.000000000000000000e+00,0.000000000000000000e+00,0.000000000000000000e+00,0.000000000000000000e+00,0.000000000000000000e+00,0.000000000000000000e+00,0.000000000000000000e+00,0.000000000000000000e+00,0.000000000000000000e+00,0.000000000000000000e+00,0.000000000000000000e+00,0.000000000000000000e+00,0.000000000000000000e+00,0.000000000000000000e+00,0.000000000000000000e+00,0.000000000000000000e+00,0.000000000000000000e+00,0.000000000000000000e+00,0.000000000000000000e+00,0.000000000000000000e+00,5.029817111790180206e-04,3.480823361314833164e-04,6.131277419626712799e-03,2.042528474703431129e-03,1.372503954917192459e-02,3.350281715393066406e-02,6.578848697245121002e-03,5.435150582343339920e-03,1.203764230012893677e-02,1.130684837698936462e-02,5.519795697182416916e-03,3.791809082031250000e-03,0.000000000000000000e+00,8.657032740302383900e-04,0.000000000000000000e+00,3.591490909457206726e-03,4.893613606691360474e-02,5.438543856143951416e-02,6.215918809175491333e-02,4.942500218749046326e-02,4.867301508784294128e-02,5.801510438323020935e-02,5.915672332048416138e-02,6.067430227994918823e-02,2.651807479560375214e-02,5.795945227146148682e-02,7.304786890745162964e-02,0.000000000000000000e+00,0.000000000000000000e+00,0.000000000000000000e+00,0.000000000000000000e+00,0.000000000000000000e+00,0.000000000000000000e+00,0.000000000000000000e+00,0.000000000000000000e+00,0.000000000000000000e+00,0.000000000000000000e+00,0.000000000000000000e+00,3.284436091780662537e-02,2.285260474309325218e-03,2.408998785540461540e-03,2.376518212258815765e-02,4.542565904557704926e-03,0.000000000000000000e+00,2.635189448483288288e-04,3.653325513005256653e-02,1.365743298083543777e-02,1.135296002030372620e-02,3.197939321398735046e-02,4.015611857175827026e-02,6.847586482763290405e-02,4.492711648344993591e-02,4.065568372607231140e-02,4.314003884792327881e-02,6.950869411230087280e-02,3.677948191761970520e-02,1.818143017590045929e-02,1.585203781723976135e-02,5.502504110336303711e-02,3.292724862694740295e-02,6.448439508676528931e-02,1.135490983724594116e-01,1.278639584779739380e-01,1.381029039621353149e-01,1.180661395192146301e-01,9.473076462745666504e-02,7.524998486042022705e-02,4.675755277276039124e-02,3.363966941833496094e-02,8.830409497022628784e-03,1.194981299340724945e-02,3.056498244404792786e-02,7.930343598127365112e-02,1.204972192645072937e-01,1.393726170063018799e-01,1.420425623655319214e-01,1.722362041473388672e-01,1.895337849855422974e-01,3.010092973709106445e-01,3.577381670475006104e-01,2.964103221893310547e-01,2.159937173128128052e-01,2.513257265090942383e-01,3.478033840656280518e-01,2.869861721992492676e-01,1.266070306301116943e-01,9.791586548089981079e-02,1.563877463340759277e-01,1.556527763605117798e-01,6.689806282520294189e-02,6.306581199169158936e-02,7.200894504785537720e-02,1.513486206531524658e-01,1.964397877454757690e-01,1.990215629339218140e-01,1.091716885566711426e-01,9.017078578472137451e-02,1.556235849857330322e-01,2.271146029233932495e-01,9.612623602151870728e-02,1.521329581737518311e-01,1.741512268781661987e-01,2.680259048938751221e-01,2.584981322288513184e-01,3.833205699920654297e-01,1.846698522567749023e-01,2.487758398056030273e-01,2.683352530002593994e-01,3.546851575374603271e-01,2.921408116817474365e-01,3.497191667556762695e-01
0.000000000000000000e+00,0.000000000000000000e+00,0.000000000000000000e+00,0.000000000000000000e+00,0.000000000000000000e+00,0.000000000000000000e+00,0.000000000000000000e+00,0.000000000000000000e+00,0.000000000000000000e+00,0.000000000000000000e+00,0.000000000000000000e+00,0.000000000000000000e+00,0.000000000000000000e+00,0.000000000000000000e+00,0.000000000000000000e+00,0.000000000000000000e+00,0.000000000000000000e+00,0.000000000000000000e+00,0.000000000000000000e+00,0.000000000000000000e+00,0.000000000000000000e+00,0.000000000000000000e+00,0.000000000000000000e+00,0.000000000000000000e+00,0.000000000000000000e+00,0.000000000000000000e+00,0.000000000000000000e+00,0.000000000000000000e+00,0.000000000000000000e+00,0.000000000000000000e+00,0.000000000000000000e+00,0.000000000000000000e+00,0.000000000000000000e+00,0.000000000000000000e+00,0.000000000000000000e+00,0.000000000000000000e+00,0.000000000000000000e+00,0.000000000000000000e+00,0.000000000000000000e+00,0.000000000000000000e+00,0.000000000000000000e+00,6.962729990482330322e-02,1.174553646706044674e-03,3.546339645981788635e-02,5.469162762165069580e-02,3.487376496195793152e-02,8.702956140041351318e-02,2.161090523004531860e-01,1.879523545503616333e-01,1.050315722823143005e-01,2.343671619892120361e-01,1.960993409156799316e-01,1.488422602415084839e-01,1.209332421422004700e-01,8.901292085647583008e-02,7.023284584283828735e-02,0.000000000000000000e+00,3.488416969776153564e-02,1.929887756705284119e-02,1.712399069219827652e-03,0.000000000000000000e+00,1.648276578634977341e-03,0.000000000000000000e+00,0.000000000000000000e+00,0.000000000000000000e+00,0.000000000000000000e+00,8.348925039172172546e-03,8.791814558207988739e-03,3.832755610346794128e-03,8.509771898388862610e-03,6.062157917767763138e-03,0.000000000000000000e+00,0.000000000000000000e+00,0.000000000000000000e+00,0.000000000000000000e+00,0.000000000000000000e+00,0.000000000000000000e+00,0.000000000000000000e+00,0.000000000000000000e+00,0.000000000000000000e+00,0.000000000000000000e+00,0.000000000000000000e+00,0.000000000000000000e+00,0.000000000000000000e+00,0.000000000000000000e+00,0.000000000000000000e+00,0.000000000000000000e+00,0.000000000000000000e+00,0.000000000000000000e+00,0.000000000000000000e+00,0.000000000000000000e+00,0.000000000000000000e+00,0.000000000000000000e+00,0.000000000000000000e+00,0.000000000000000000e+00,0.000000000000000000e+00,0.000000000000000000e+00,0.000000000000000000e+00,0.000000000000000000e+00,0.000000000000000000e+00,0.000000000000000000e+00,0.000000000000000000e+00,0.000000000000000000e+00,0.000000000000000000e+00,0.000000000000000000e+00,0.000000000000000000e+00,0.000000000000000000e+00,0.000000000000000000e+00,0.000000000000000000e+00,0.000000000000000000e+00,0.000000000000000000e+00,0.000000000000000000e+00,0.000000000000000000e+00,0.000000000000000000e+00,0.000000000000000000e+00,0.000000000000000000e+00,0.000000000000000000e+00,0.000000000000000000e+00,0.000000000000000000e+00,0.000000000000000000e+00,0.000000000000000000e+00,0.000000000000000000e+00,0.000000000000000000e+00,0.000000000000000000e+00,0.000000000000000000e+00,0.000000000000000000e+00,0.000000000000000000e+00,0.000000000000000000e+00,0.000000000000000000e+00,9.716410568216815591e-05,2.873424906283617020e-03,6.285303272306919098e-03,9.967422112822532654e-03,1.008796598762273788e-02,9.425044991075992584e-03,8.113102056086063385e-03,9.905218146741390228e-03,6.985727697610855103e-02,2.027425542473793030e-02,1.710214535705745220e-03,1.797853037714958191e-02,8.061776310205459595e-02,0.000000000000000000e+00,0.000000000000000000e+00,0.000000000000000000e+00,0.000000000000000000e+00,0.000000000000000000e+00,0.000000000000000000e+00,0.000000000000000000e+00,0.000000000000000000e+00,0.000000000000000000e+00,0.000000000000000000e+00,0.000000000000000000e+00,0.000000000000000000e+00,0.000000000000000000e+00,0.000000000000000000e+00,0.000000000000000000e+00,0.000000000000000000e+00,5.881993565708398819e-04,3.820126876235008240e-03,0.000000000000000000e+00,0.000000000000000000e+00,0.000000000000000000e+00,0.000000000000000000e+00,0.000000000000000000e+00,5.981517955660820007e-03,1.601657457649707794e-02,0.000000000000000000e+00,0.000000000000000000e+00,9.029524400830268860e-03,1.872140169143676758e-02,1.824415475130081177e-02,6.860579829663038254e-03,4.034687299281358719e-03,1.394507382065057755e-02,2.570473961532115936e-02,6.005457416176795959e-02,5.333838239312171936e-02,4.698801413178443909e-02,5.239745602011680603e-02,2.858633361756801605e-02,2.467666193842887878e-02,4.655875638127326965e-02,1.619520634412765503e-01,1.286533921957015991e-01,1.079236567020416260e-01,1.109419018030166626e-01,1.311414092779159546e-01,1.404232233762741089e-01,1.232227385044097900e-01,1.009310185909271240e-01,1.034375280141830444e-01,4.347601905465126038e-02,1.994092576205730438e-02,3.594930516555905342e-03,8.940160041674971581e-04,1.244601607322692871e-02,1.047565862536430359e-01,1.079221889376640320e-01,1.611453145742416382e-01,1.451077461242675781e-01,2.452762275934219360e-01,2.584392726421356201e-01,3.217290043830871582e-01,3.407026827335357666e-01,2.820914089679718018e-01,2.220496535301208496e-01,3.029893338680267334e-01,3.038140237331390381e-01,2.502065896987915039e-01,1.506911218166351318e-01,1.272369772195816040e-01,1.192712858319282532e-01,1.137898415327072144e-01,6.489662081003189087e-02,7.764113694429397583e-02,9.832105785608291626e-02,2.646568417549133301e-01,2.690871246159076691e-02,1.917115896940231323e-01,1.811647266149520874e-01,1.430588960647583008e-01,5.755985155701637268e-02,1.274289786815643311e-01,9.983588755130767822e-02,9.059733897447586060e-02,1.589322090148925781e-01,2.112067490816116333e-01,2.105118483304977417e-01,6.761830300092697144e-02,8.408135920763015747e-02,1.877419948577880859e-01,2.641257047653198242e-01,3.251289129257202148e-01,3.478468358516693115e-01,3.569039404392242432e-01
1.916253007948398590e-02,0.000000000000000000e+00,0.000000000000000000e+00,0.000000000000000000e+00,0.000000000000000000e+00,0.000000000000000000e+00,0.000000000000000000e+00,0.000000000000000000e+00,0.000000000000000000e+00,0.000000000000000000e+00,0.000000000000000000e+00,0.000000000000000000e+00,0.000000000000000000e+00,0.000000000000000000e+00,0.000000000000000000e+00,0.000000000000000000e+00,0.000000000000000000e+00,0.000000000000000000e+00,0.000000000000000000e+00,0.000000000000000000e+00,0.000000000000000000e+00,0.000000000000000000e+00,0.000000000000000000e+00,0.000000000000000000e+00,0.000000000000000000e+00,0.000000000000000000e+00,0.000000000000000000e+00,0.000000000000000000e+00,0.000000000000000000e+00,0.000000000000000000e+00,0.000000000000000000e+00,0.000000000000000000e+00,0.000000000000000000e+00,0.000000000000000000e+00,0.000000000000000000e+00,8.255513012409210205e-02,1.323355287313461304e-01,1.432548910379409790e-01,1.434986591339111328e-01,6.548792868852615356e-02,1.009101886302232742e-02,2.263835864141583443e-03,0.000000000000000000e+00,0.000000000000000000e+00,1.957914978265762329e-02,0.000000000000000000e+00,8.483230322599411011e-02,1.036091372370719910e-01,7.861319184303283691e-02,2.393110543489456177e-01,3.843871951103210449e-01,3.696133494377136230e-01,2.814070284366607666e-01,4.217588528990745544e-02,4.875707253813743591e-02,3.079666011035442352e-02,0.000000000000000000e+00,5.080726463347673416e-03,1.248303614556789398e-02,0.000000000000000000e+00,0.000000000000000000e+00,0.000000000000000000e+00,0.000000000000000000e+00,0.000000000000000000e+00,0.000000000000000000e+00,0.000000000000000000e+00,0.000000000000000000e+00,0.000000000000000000e+00,0.000000000000000000e+00,2.295507676899433136e-02,1.315747667104005814e-02,2.074227854609489441e-02,0.000000000000000000e+00,0.000000000000000000e+00,0.000000000000000000e+00,0.000000000000000000e+00,0.000000000000000000e+00,0.000000000000000000e+00,0.000000000000000000e+00,0.000000000000000000e+00,0.000000000000000000e+00,0.000000000000000000e+00,0.000000000000000000e+00,0.000000000000000000e+00,0.000000000000000000e+00,0.000000000000000000e+00,0.000000000000000000e+00,0.000000000000000000e+00,0.000000000000000000e+00,0.000000000000000000e+00,0.000000000000000000e+00,0.000000000000000000e+00,0.000000000000000000e+00,0.000000000000000000e+00,0.000000000000000000e+00,0.000000000000000000e+00,0.000000000000000000e+00,0.000000000000000000e+00,0.000000000000000000e+00,0.000000000000000000e+00,0.000000000000000000e+00,0.000000000000000000e+00,0.000000000000000000e+00,0.000000000000000000e+00,0.000000000000000000e+00,0.000000000000000000e+00,0.000000000000000000e+00,0.000000000000000000e+00,0.000000000000000000e+00,0.000000000000000000e+00,0.000000000000000000e+00,0.000000000000000000e+00,0.000000000000000000e+00,0.000000000000000000e+00,0.000000000000000000e+00,0.000000000000000000e+00,0.000000000000000000e+00,0.000000000000000000e+00,0.000000000000000000e+00,0.000000000000000000e+00,0.000000000000000000e+00,0.000000000000000000e+00,0.000000000000000000e+00,0.000000000000000000e+00,0.000000000000000000e+00,0.000000000000000000e+00,0.000000000000000000e+00,0.000000000000000000e+00,0.000000000000000000e+00,0.000000000000000000e+00,3.129220567643642426e-03,9.160961024463176727e-03,1.480493228882551193e-02,1.668916642665863037e-02,2.637420035898685455e-02,3.082065097987651825e-02,2.630165964365005493e-02,8.978902548551559448e-02,9.854348003864288330e-02,8.377448469400405884e-02,6.284965574741363525e-02,0.000000000000000000e+00,0.000000000000000000e+00,0.000000000000000000e+00,0.000000000000000000e+00,0.000000000000000000e+00,0.000000000000000000e+00,0.000000000000000000e+00,0.000000000000000000e+00,0.000000000000000000e+00,0.000000000000000000e+00,0.000000000000000000e+00,0.000000000000000000e+00,0.000000000000000000e+00,0.000000000000000000e+00,0.000000000000000000e+00,0.000000000000000000e+00,4.864321090281009674e-03,3.292056173086166382e-02,2.052797749638557434e-02,8.542775176465511322e-03,8.968750480562448502e-04,0.000000000000000000e+00,0.000000000000000000e+00,0.000000000000000000e+00,5.720660090446472168e-03,2.487059682607650757e-03,0.000000000000000000e+00,0.000000000000000000e+00,2.279883716255426407e-03,7.057629060000181198e-03,5.545759107917547226e-03,1.955901086330413818e-02,1.331895496696233749e-02,1.105569396167993546e-02,1.094603817909955978e-02,1.730446517467498779e-02,3.697512298822402954e-02,4.744036123156547546e-02,4.839077219367027283e-02,4.151411354541778564e-02,5.877738073468208313e-02,8.048448711633682251e-02,1.251105070114135742e-01,1.406171768903732300e-01,1.518998146057128906e-01,1.250816881656646729e-01,1.306139975786209106e-01,1.301310807466506958e-01,1.284834891557693481e-01,1.383358389139175415e-01,1.347528249025344849e-01,8.333449065685272217e-02,2.360185235738754272e-02,3.571634879335761070e-03,2.352770790457725525e-02,4.688486084342002869e-02,8.572775870561599731e-02,1.126689985394477844e-01,1.439847350120544434e-01,1.816201806068420410e-01,1.941124647855758667e-01,1.979018747806549072e-01,2.654360532760620117e-01,3.029699325561523438e-01,3.267430961132049561e-01,3.155339062213897705e-01,3.698977828025817871e-01,2.836370468139648438e-01,2.283073365688323975e-01,1.516696363687515259e-01,2.044956088066101074e-01,1.400882899761199951e-01,1.338907182216644287e-01,8.824213594198226929e-02,9.609908610582351685e-02,1.164178922772407532e-01,1.653764545917510986e-01,3.064443767070770264e-01,2.228389084339141846e-01,1.889062523841857910e-01,1.084782108664512634e-01,7.750235032290220261e-03,8.868438750505447388e-02,1.183809638023376465e-01,1.308350116014480591e-01,6.230290234088897705e-02,0.000000000000000000e+00,1.071080416440963745e-01,1.775169968605041504e-01,1.217643693089485168e-01,1.905819326639175415e-01,2.855610549449920654e-01,2.171530276536941528e-01,3.312845826148986816e-01,3.201671838760375977e-01
6.335316598415374756e-02,0.000000000000000000e+00,0.000000000000000000e+00,0.000000000000000000e+00,0.000000000000000000e+00,0.000000000000000000e+00,0.000000000000000000e+00,0.000000000000000000e+00,0.000000000000000000e+00,0.000000000000000000e+00,0.000000000000000000e+00,0.000000000000000000e+00,0.000000000000000000e+00,0.000000000000000000e+00,0.000000000000000000e+00,0.000000000000000000e+00,0.000000000000000000e+00,0.000000000000000000e+00,0.000000000000000000e+00,0.000000000000000000e+00,0.000000000000000000e+00,0.000000000000000000e+00,0.000000000000000000e+00,0.000000000000000000e+00,0.000000000000000000e+00,0.000000000000000000e+00,0.000000000000000000e+00,0.000000000000000000e+00,0.000000000000000000e+00,0.000000000000000000e+00,0.000000000000000000e+00,0.000000000000000000e+00,0.000000000000000000e+00,1.503698341548442841e-02,0.000000000000000000e+00,6.286670267581939697e-02,1.428004801273345947e-01,9.092874825000762939e-02,0.000000000000000000e+00,1.601214148104190826e-02,0.000000000000000000e+00,0.000000000000000000e+00,0.000000000000000000e+00,0.000000000000000000e+00,4.792965948581695557e-03,0.000000000000000000e+00,8.541092276573181152e-02,1.070097908377647400e-01,9.477424621582031250e-02,2.753723263740539551e-01,3.956755101680755615e-01,3.873885869979858398e-01,3.515932559967041016e-01,1.023193597793579102e-01,4.297935962677001953e-02,3.685585455968976021e-03,0.000000000000000000e+00,0.000000000000000000e+00,5.916492547839879990e-03,0.000000000000000000e+00,0.000000000000000000e+00,0.000000000000000000e+00,0.000000000000000000e+00,0.000000000000000000e+00,0.000000000000000000e+00,0.000000000000000000e+00,0.000000000000000000e+00,0.000000000000000000e+00,0.000000000000000000e+00,3.888196544721722603e-03,2.926511503756046295e-02,6.066893227398395538e-03,0.000000000000000000e+00,0.000000000000000000e+00,0.000000000000000000e+00,0.000000000000000000e+00,0.000000000000000000e+00,0.000000000000000000e+00,0.000000000000000000e+00,0.000000000000000000e+00,0.000000000000000000e+00,0.000000000000000000e+00,0.000000000000000000e+00,0.000000000000000000e+00,0.000000000000000000e+00,0.000000000000000000e+00,0.000000000000000000e+00,0.000000000000000000e+00,0.000000000000000000e+00,0.000000000000000000e+00,0.000000000000000000e+00,0.000000000000000000e+00,0.000000000000000000e+00,0.000000000000000000e+00,0.000000000000000000e+00,0.000000000000000000e+00,0.000000000000000000e+00,0.000000000000000000e+00,0.000000000000000000e+00,0.000000000000000000e+00,0.000000000000000000e+00,0.000000000000000000e+00,0.000000000000000000e+00,0.000000000000000000e+00,0.000000000000000000e+00,0.000000000000000000e+00,0.000000000000000000e+00,0.000000000000000000e+00,0.000000000000000000e+00,0.000000000000000000e+00,0.000000000000000000e+00,0.000000000000000000e+00,0.000000000000000000e+00,0.000000000000000000e+00,0.000000000000000000e+00,0.000000000000000000e+00,0.000000000000000000e+00,0.000000000000000000e+00,0.000000000000000000e+00,0.000000000000000000e+00,0.000000000000000000e+00,0.000000000000000000e+00,0.000000000000000000e+00,0.000000000000000000e+00,0.000000000000000000e+00,0.000000000000000000e+00,0.000000000000000000e+00,0.000000000000000000e+00,0.000000000000000000e+00,0.000000000000000000e+00,4.524028336163610220e-04,7.372460095211863518e-04,1.967400312423706055e-03,2.038014493882656097e-02,1.338960230350494385e-02,2.000910975039005280e-02,3.545165807008743286e-02,1.038714796304702759e-01,3.751978278160095215e-02,2.291518729180097580e-03,2.983708865940570831e-02,0.000000000000000000e+00,0.000000000000000000e+00,0.000000000000000000e+00,2.234045387012884021e-04,6.790602114051580429e-03,0.000000000000000000e+00,0.000000000000000000e+00,0.000000000000000000e+00,0.000000000000000000e+00,0.000000000000000000e+00,0.000000000000000000e+00,0.000000000000000000e+00,0.000000000000000000e+00,0.000000000000000000e+00,0.000000000000000000e+00,3.187249181792140007e-03,1.285382080823183060e-02,5.997826519887894392e-05,2.793882042169570923e-03,1.802893728017807007e-02,0.000000000000000000e+00,0.000000000000000000e+00,0.000000000000000000e+00,0.000000000000000000e+00,0.000000000000000000e+00,0.000000000000000000e+00,0.000000000000000000e+00,0.000000000000000000e+00,0.000000000000000000e+00,1.682039815932512283e-03,1.776951015926897526e-03,3.217366756871342659e-03,1.503382809460163116e-02,1.225479505956172943e-02,1.172097772359848022e-02,1.176640018820762634e-02,1.287979166954755783e-02,7.687082886695861816e-02,5.767495557665824890e-02,4.562380537390708923e-02,8.225856721401214600e-02,9.598368406295776367e-02,1.014463007450103760e-01,1.214793995022773743e-01,1.313998401165008545e-01,1.286865919828414917e-01,1.318068355321884155e-01,1.381114572286605835e-01,1.448135375976562500e-01,1.296134591102600098e-01,1.064173132181167603e-01,7.438188046216964722e-02,3.323253244161605835e-02,2.429257147014141083e-02,8.195783942937850952e-02,6.569389998912811279e-02,1.201519072055816650e-01,1.422032415866851807e-01,1.543346643447875977e-01,1.629536896944046021e-01,2.525568008422851562e-01,3.076765835285186768e-01,3.495625555515289307e-01,3.595750033855438232e-01,3.941338658332824707e-01,4.308306276798248291e-01,3.488013148307800293e-01,3.252986371517181396e-01,3.998131155967712402e-01,3.473265767097473145e-01,3.065188825130462646e-01,2.383040785789489746e-01,1.612461656332015991e-01,8.339020609855651855e-02,6.447009742259979248e-02,1.553664505481719971e-01,7.568471878767013550e-02,1.097816824913024902e-01,4.436140879988670349e-02,2.192014269530773163e-02,1.086926204152405262e-03,0.000000000000000000e+00,6.373130530118942261e-02,3.967778012156486511e-02,7.500936836004257202e-02,2.579060755670070648e-02,0.000000000000000000e+00,0.000000000000000000e+00,1.835748106241226196e-01,2.744522392749786377e-01,1.198091804981231689e-01,1.468448340892791748e-01,1.346914321184158325e-01,3.282065987586975098e-01,3.523337244987487793e-01
0.000000000000000000e+00,0.000000000000000000e+00,0.000000000000000000e+00,0.000000000000000000e+00,0.000000000000000000e+00,0.000000000000000000e+00,0.000000000000000000e+00,0.000000000000000000e+00,0.000000000000000000e+00,0.000000000000000000e+00,0.000000000000000000e+00,0.000000000000000000e+00,0.000000000000000000e+00,0.000000000000000000e+00,0.000000000000000000e+00,0.000000000000000000e+00,0.000000000000000000e+00,0.000000000000000000e+00,0.000000000000000000e+00,0.000000000000000000e+00,0.000000000000000000e+00,0.000000000000000000e+00,0.000000000000000000e+00,0.000000000000000000e+00,0.000000000000000000e+00,0.000000000000000000e+00,0.000000000000000000e+00,0.000000000000000000e+00,0.000000000000000000e+00,0.000000000000000000e+00,0.000000000000000000e+00,0.000000000000000000e+00,0.000000000000000000e+00,0.000000000000000000e+00,0.000000000000000000e+00,0.000000000000000000e+00,0.000000000000000000e+00,3.623684346675872803e-01,9.355869293212890625e-01,7.675325274467468262e-01,7.432811707258224487e-02,2.225140668451786041e-02,4.446358606219291687e-02,3.239965299144387245e-04,0.000000000000000000e+00,0.000000000000000000e+00,1.360850874334573746e-02,9.005352854728698730e-02,7.208535820245742798e-02,1.288958191871643066e-01,3.515562117099761963e-01,3.844319283962249756e-01,3.481610715389251709e-01,1.778897792100906372e-01,1.072661802172660828e-01,2.942157350480556488e-02,3.241791203618049622e-02,9.145712479948997498e-03,1.295721344649791718e-02,0.000000000000000000e+00,0.000000000000000000e+00,0.000000000000000000e+00,0.000000000000000000e+00,0.000000000000000000e+00,0.000000000000000000e+00,0.000000000000000000e+00,0.000000000000000000e+00,0.000000000000000000e+00,0.000000000000000000e+00,0.000000000000000000e+00,1.537389960139989853e-02,6.736509036272764206e-03,0.000000000000000000e+00,0.000000000000000000e+00,0.000000000000000000e+00,0.000000000000000000e+00,0.000000000000000000e+00,0.000000000000000000e+00,0.000000000000000000e+00,0.000000000000000000e+00,0.000000000000000000e+00,0.000000000000000000e+00,0.000000000000000000e+00,0.000000000000000000e+00,0.000000000000000000e+00,0.000000000000000000e+00,0.000000000000000000e+00,0.000000000000000000e+00,0.000000000000000000e+00,0.000000000000000000e+00,0.000000000000000000e+00,0.000000000000000000e+00,0.000000000000000000e+00,0.000000000000000000e+00,0.000000000000000000e+00,0.000000000000000000e+00,0.000000000000000000e+00,0.000000000000000000e+00,0.000000000000000000e+00,0.000000000000000000e+00,0.000000000000000000e+00,0.000000000000000000e+00,0.000000000000000000e+00,0.000000000000000000e+00,0.000000000000000000e+00,0.000000000000000000e+00,0.000000000000000000e+00,0.000000000000000000e+00,0.000000000000000000e+00,0.000000000000000000e+00,0.000000000000000000e+00,0.000000000000000000e+00,0.000000000000000000e+00,0.000000000000000000e+00,0.000000000000000000e+00,0.000000000000000000e+00,0.000000000000000000e+00,0.000000000000000000e+00,0.000000000000000000e+00,0.000000000000000000e+00,0.000000000000000000e+00,0.000000000000000000e+00,0.000000000000000000e+00,0.000000000000000000e+00,0.000000000000000000e+00,0.000000000000000000e+00,0.000000000000000000e+00,0.000000000000000000e+00,0.000000000000000000e+00,0.000000000000000000e+00,0.000000000000000000e+00,1.210644026286900043e-03,3.672287333756685257e-03,6.668548099696636200e-03,7.336879614740610123e-03,6.360456347465515137e-02,7.431533932685852051e-02,0.000000000000000000e+00,0.000000000000000000e+00,0.000000000000000000e+00,5.482790526002645493e-03,0.000000000000000000e+00,0.000000000000000000e+00,0.000000000000000000e+00,5.029377993196249008e-03,2.207641117274761200e-02,0.000000000000000000e+00,0.000000000000000000e+00,0.000000000000000000e+00,0.000000000000000000e+00,0.000000000000000000e+00,0.000000000000000000e+00,0.000000000000000000e+00,0.000000000000000000e+00,1.120796776376664639e-03,4.751989617943763733e-04,1.565927825868129730e-02,2.825737558305263519e-02,2.444969431962817907e-04,5.055882502347230911e-03,3.879992291331291199e-02,5.588670261204242706e-03,0.000000000000000000e+00,0.000000000000000000e+00,0.000000000000000000e+00,0.000000000000000000e+00,0.000000000000000000e+00,0.000000000000000000e+00,0.000000000000000000e+00,0.000000000000000000e+00,1.833127462305128574e-04,5.290114859235472977e-05,2.038565836846828461e-02,2.136169373989105225e-02,3.290189802646636963e-02,1.408836338669061661e-02,7.978853769600391388e-03,1.144225988537073135e-02,3.300904482603073120e-02,6.089355051517486572e-02,6.792293488979339600e-02,8.906590193510055542e-02,9.090506285429000854e-02,1.063689291477203369e-01,1.401730030775070190e-01,1.103598028421401978e-01,1.000811830163002014e-01,1.280283033847808838e-01,1.474733352661132812e-01,1.473512798547744751e-01,1.071844547986984253e-01,8.432392030954360962e-02,6.671005487442016602e-02,3.779490292072296143e-02,6.327314674854278564e-02,1.076484695076942444e-01,9.844545274972915649e-02,1.152629777789115906e-01,1.213674545288085938e-01,1.521595269441604614e-01,1.502624452114105225e-01,2.374227941036224365e-01,3.484143614768981934e-01,4.664377570152282715e-01,3.791699707508087158e-01,5.279068946838378906e-01,5.698476433753967285e-01,5.133394598960876465e-01,5.506392121315002441e-01,3.867629766464233398e-01,5.087994933128356934e-01,4.540980756282806396e-01,2.960690855979919434e-01,2.057485878467559814e-01,1.038345992565155029e-01,3.182327002286911011e-02,1.694808304309844971e-01,1.492376923561096191e-01,4.956213757395744324e-02,6.412900518625974655e-03,0.000000000000000000e+00,0.000000000000000000e+00,0.000000000000000000e+00,7.958658784627914429e-02,5.397213995456695557e-02,4.989062249660491943e-02,7.323551177978515625e-02,1.719769239425659180e-01,1.664122045040130615e-01,1.904156208038330078e-01,2.418306469917297363e-01,1.809502094984054565e-01,4.501583427190780640e-02,1.087044179439544678e-01,3.144739270210266113e-01,4.114397764205932617e-01
0.000000000000000000e+00,0.000000000000000000e+00,0.000000000000000000e+00,0.000000000000000000e+00,0.000000000000000000e+00,0.000000000000000000e+00,0.000000000000000000e+00,0.000000000000000000e+00,0.000000000000000000e+00,0.000000000000000000e+00,0.000000000000000000e+00,0.000000000000000000e+00,0.000000000000000000e+00,0.000000000000000000e+00,0.000000000000000000e+00,0.000000000000000000e+00,0.000000000000000000e+00,0.000000000000000000e+00,0.000000000000000000e+00,0.000000000000000000e+00,0.000000000000000000e+00,0.000000000000000000e+00,0.000000000000000000e+00,0.000000000000000000e+00,0.000000000000000000e+00,0.000000000000000000e+00,0.000000000000000000e+00,0.000000000000000000e+00,0.000000000000000000e+00,0.000000000000000000e+00,0.000000000000000000e+00,0.000000000000000000e+00,0.000000000000000000e+00,1.018053037114441395e-03,1.172573417425155640e-01,1.944518238306045532e-01,2.017705589532852173e-01,4.906454980373382568e-01,6.157546639442443848e-01,6.341049075126647949e-01,2.374149300158023834e-02,0.000000000000000000e+00,0.000000000000000000e+00,0.000000000000000000e+00,0.000000000000000000e+00,0.000000000000000000e+00,0.000000000000000000e+00,5.579858273267745972e-02,6.337767839431762695e-02,1.404151469469070435e-01,2.241355776786804199e-01,3.285739123821258545e-01,3.694748282432556152e-01,2.779799103736877441e-01,2.387427985668182373e-01,2.385649979114532471e-01,1.653594225645065308e-01,5.533522740006446838e-02,5.573723092675209045e-02,0.000000000000000000e+00,0.000000000000000000e+00,0.000000000000000000e+00,0.000000000000000000e+00,0.000000000000000000e+00,0.000000000000000000e+00,0.000000000000000000e+00,0.000000000000000000e+00,0.000000000000000000e+00,0.000000000000000000e+00,3.908742219209671021e-04,0.000000000000000000e+00,0.000000000000000000e+00,0.000000000000000000e+00,0.000000000000000000e+00,0.000000000000000000e+00,0.000000000000000000e+00,0.000000000000000000e+00,0.000000000000000000e+00,0.000000000000000000e+00,0.000000000000000000e+00,0.000000000000000000e+00,0.000000000000000000e+00,0.000000000000000000e+00,0.000000000000000000e+00,0.000000000000000000e+00,0.000000000000000000e+00,0.000000000000000000e+00,0.000000000000000000e+00,0.000000000000000000e+00,0.000000000000000000e+00,0.000000000000000000e+00,0.000000000000000000e+00,0.000000000000000000e+00,0.000000000000000000e+00,0.000000000000000000e+00,0.000000000000000000e+00,0.000000000000000000e+00,0.000000000000000000e+00,0.000000000000000000e+00,0.000000000000000000e+00,0.000000000000000000e+00,0.000000000000000000e+00,0.000000000000000000e+00,0.000000000000000000e+00,0.000000000000000000e+00,0.000000000000000000e+00,0.000000000000000000e+00,0.000000000000000000e+00,0.000000000000000000e+00,0.000000000000000000e+00,0.000000000000000000e+00,0.000000000000000000e+00,0.000000000000000000e+00,0.000000000000000000e+00,0.000000000000000000e+00,0.000000000000000000e+00,0.000000000000000000e+00,0.000000000000000000e+00,0.000000000000000000e+00,0.000000000000000000e+00,0.000000000000000000e+00,0.000000000000000000e+00,0.000000000000000000e+00,0.000000000000000000e+00,0.000000000000000000e+00,0.000000000000000000e+00,0.000000000000000000e+00,0.000000000000000000e+00,0.000000000000000000e+00,0.000000000000000000e+00,0.000000000000000000e+00,2.415313385426998138e-02,5.050040315836668015e-03,3.641139715909957886e-03,2.737903222441673279e-02,1.228976771235466003e-01,1.277549862861633301e-01,2.349766436964273453e-03,0.000000000000000000e+00,0.000000000000000000e+00,0.000000000000000000e+00,0.000000000000000000e+00,0.000000000000000000e+00,0.000000000000000000e+00,0.000000000000000000e+00,0.000000000000000000e+00,0.000000000000000000e+00,0.000000000000000000e+00,0.000000000000000000e+00,0.000000000000000000e+00,1.431241864338517189e-03,1.988020166754722595e-02,3.047363599762320518e-03,2.399267163127660751e-03,6.562512833625078201e-03,1.882376521825790405e-02,1.594699732959270477e-02,2.295603044331073761e-02,5.078830197453498840e-02,3.736601024866104126e-02,0.000000000000000000e+00,0.000000000000000000e+00,0.000000000000000000e+00,0.000000000000000000e+00,0.000000000000000000e+00,1.415066793560981750e-02,2.539697336032986641e-03,0.000000000000000000e+00,0.000000000000000000e+00,0.000000000000000000e+00,0.000000000000000000e+00,0.000000000000000000e+00,0.000000000000000000e+00,4.017338622361421585e-03,1.133721601217985153e-02,9.081325493752956390e-03,1.037808787077665329e-02,2.150446921586990356e-02,4.154788702726364136e-02,6.977599114179611206e-02,8.159176260232925415e-02,7.589752227067947388e-02,7.721460610628128052e-02,8.946558833122253418e-02,9.129109978675842285e-02,9.351976215839385986e-02,8.965397626161575317e-02,9.611624479293823242e-02,1.407141238451004028e-01,1.350018233060836792e-01,8.914684504270553589e-02,7.118576765060424805e-02,4.629442095756530762e-02,5.463444441556930542e-02,9.953203797340393066e-02,8.504869788885116577e-02,6.851579993963241577e-02,6.352122873067855835e-02,9.012927860021591187e-02,1.148325279355049133e-01,1.559086441993713379e-01,2.322889417409896851e-01,2.852600216865539551e-01,3.659778535366058350e-01,4.337114691734313965e-01,5.452132821083068848e-01,6.055725812911987305e-01,5.675717592239379883e-01,5.806599855422973633e-01,4.478644132614135742e-01,3.653928339481353760e-01,3.220551609992980957e-01,3.609443306922912598e-01,2.248485684394836426e-01,1.124940216541290283e-01,5.241103470325469971e-02,1.182623058557510376e-01,1.445844024419784546e-01,1.579842567443847656e-01,9.769795835018157959e-02,0.000000000000000000e+00,2.176569402217864990e-02,5.793575197458267212e-02,5.634854361414909363e-02,3.154443576931953430e-02,5.171968415379524231e-02,1.182012259960174561e-01,0.000000000000000000e+00,1.278615742921829224e-01,2.124885618686676025e-01,2.216266095638275146e-01,3.368806838989257812e-01,1.591598689556121826e-01,5.519837606698274612e-03,3.331043422222137451e-01,4.636915624141693115e-01
0.000000000000000000e+00,0.000000000000000000e+00,0.000000000000000000e+00,0.000000000000000000e+00,0.000000000000000000e+00,0.000000000000000000e+00,0.000000000000000000e+00,0.000000000000000000e+00,0.000000000000000000e+00,0.000000000000000000e+00,0.000000000000000000e+00,0.000000000000000000e+00,0.000000000000000000e+00,0.000000000000000000e+00,0.000000000000000000e+00,0.000000000000000000e+00,0.000000000000000000e+00,0.000000000000000000e+00,0.000000000000000000e+00,0.000000000000000000e+00,0.000000000000000000e+00,0.000000000000000000e+00,0.000000000000000000e+00,0.000000000000000000e+00,0.000000000000000000e+00,0.000000000000000000e+00,0.000000000000000000e+00,0.000000000000000000e+00,0.000000000000000000e+00,0.000000000000000000e+00,0.000000000000000000e+00,0.000000000000000000e+00,0.000000000000000000e+00,4.517187550663948059e-02,1.878977268934249878e-01,1.747357994318008423e-01,1.988017857074737549e-01,5.728580355644226074e-01,5.697297453880310059e-01,4.888508915901184082e-01,0.000000000000000000e+00,0.000000000000000000e+00,0.000000000000000000e+00,0.000000000000000000e+00,0.000000000000000000e+00,0.000000000000000000e+00,0.000000000000000000e+00,3.709276393055915833e-02,3.512459620833396912e-02,8.244173973798751831e-02,2.758890986442565918e-01,3.662437796592712402e-01,3.661924600601196289e-01,3.141637146472930908e-01,2.718888819217681885e-01,2.302323430776596069e-01,1.697790622711181641e-01,1.124846115708351135e-01,3.179746866226196289e-02,0.000000000000000000e+00,0.000000000000000000e+00,0.000000000000000000e+00,0.000000000000000000e+00,0.000000000000000000e+00,0.000000000000000000e+00,3.517168806865811348e-03,0.000000000000000000e+00,0.000000000000000000e+00,1.490685273893177509e-03,0.000000000000000000e+00,2.082545106532052159e-04,0.000000000000000000e+00,0.000000000000000000e+00,0.000000000000000000e+00,0.000000000000000000e+00,0.000000000000000000e+00,0.000000000000000000e+00,0.000000000000000000e+00,0.000000000000000000e+00,0.000000000000000000e+00,0.000000000000000000e+00,0.000000000000000000e+00,0.000000000000000000e+00,0.000000000000000000e+00,0.000000000000000000e+00,0.000000000000000000e+00,0.000000000000000000e+00,0.000000000000000000e+00,0.000000000000000000e+00,0.000000000000000000e+00,0.000000000000000000e+00,0.000000000000000000e+00,0.000000000000000000e+00,0.000000000000000000e+00,0.000000000000000000e+00,0.000000000000000000e+00,0.000000000000000000e+00,0.000000000000000000e+00,0.000000000000000000e+00,0.000000000000000000e+00,0.000000000000000000e+00,0.000000000000000000e+00,0.000000000000000000e+00,0.000000000000000000e+00,0.000000000000000000e+00,0.000000000000000000e+00,0.000000000000000000e+00,0.000000000000000000e+00,0.000000000000000000e+00,0.000000000000000000e+00,0.000000000000000000e+00,0.000000000000000000e+00,0.000000000000000000e+00,0.000000000000000000e+00,0.000000000000000000e+00,0.000000000000000000e+00,0.000000000000000000e+00,0.000000000000000000e+00,0.000000000000000000e+00,0.000000000000000000e+00,0.000000000000000000e+00,0.000000000000000000e+00,0.000000000000000000e+00,0.000000000000000000e+00,0.000000000000000000e+00,0.000000000000000000e+00,0.000000000000000000e+00,0.000000000000000000e+00,0.000000000000000000e+00,0.000000000000000000e+00,0.000000000000000000e+00,0.000000000000000000e+00,0.000000000000000000e+00,5.020079668611288071e-03,1.238506846129894257e-02,7.399684935808181763e-02,7.054628431797027588e-02,1.616905815899372101e-02,1.266451552510261536e-02,2.932646125555038452e-02,0.000000000000000000e+00,4.088203981518745422e-02,9.078701585531234741e-02,2.952875569462776184e-02,0.000000000000000000e+00,0.000000000000000000e+00,0.000000000000000000e+00,3.234174475073814392e-02,7.378228008747100830e-02,5.602033063769340515e-02,2.773379348218441010e-02,1.447388622909784317e-02,3.543223068118095398e-02,4.052315372973680496e-03,2.570188138633966446e-03,4.433166701346635818e-03,2.694917283952236176e-02,6.442850083112716675e-02,7.637646794319152832e-02,5.341205000877380371e-02,1.864464953541755676e-03,4.434604663401842117e-03,0.000000000000000000e+00,0.000000000000000000e+00,0.000000000000000000e+00,0.000000000000000000e+00,0.000000000000000000e+00,0.000000000000000000e+00,0.000000000000000000e+00,0.000000000000000000e+00,3.331758081912994385e-03,0.000000000000000000e+00,0.000000000000000000e+00,4.033526871353387833e-03,1.224420592188835144e-02,2.383101172745227814e-02,4.252335429191589355e-02,4.671665281057357788e-02,9.356579929590225220e-02,1.187146604061126709e-01,1.272017210721969604e-01,9.089419245719909668e-02,6.979577988386154175e-02,7.278739660978317261e-02,7.821770012378692627e-02,7.633544504642486572e-02,5.847196280956268311e-02,6.342085450887680054e-02,8.865560591220855713e-02,1.229623481631278992e-01,1.031521335244178772e-01,1.073532477021217346e-01,7.727245986461639404e-02,5.693822354078292847e-02,9.709188342094421387e-02,7.708232104778289795e-02,4.509440809488296509e-02,5.394707620143890381e-02,3.784691169857978821e-02,5.961615964770317078e-02,1.378519684076309204e-01,2.437259107828140259e-01,3.436711728572845459e-01,4.356833994388580322e-01,5.762372612953186035e-01,6.409460306167602539e-01,6.167719960212707520e-01,5.246293544769287109e-01,4.206747114658355713e-01,4.829458594322204590e-01,3.714160323143005371e-01,3.347267210483551025e-01,2.972391247749328613e-01,2.768358290195465088e-01,2.038928568363189697e-01,1.739934533834457397e-01,1.296462267637252808e-01,1.497285366058349609e-01,1.369802802801132202e-01,1.051775887608528137e-01,0.000000000000000000e+00,3.525826707482337952e-02,1.183110661804676056e-02,3.107885830104351044e-03,1.119248475879430771e-02,1.225541606545448303e-01,1.658878177404403687e-01,9.469337761402130127e-02,9.829168021678924561e-02,1.402443200349807739e-01,7.410714030265808105e-02,1.653256267309188843e-01,2.728572189807891846e-01,0.000000000000000000e+00,4.000732302665710449e-01,4.902119040489196777e-01
0.000000000000000000e+00,0.000000000000000000e+00,0.000000000000000000e+00,0.000000000000000000e+00,0.000000000000000000e+00,0.000000000000000000e+00,0.000000000000000000e+00,0.000000000000000000e+00,0.000000000000000000e+00,0.000000000000000000e+00,0.000000000000000000e+00,0.000000000000000000e+00,0.000000000000000000e+00,0.000000000000000000e+00,0.000000000000000000e+00,0.000000000000000000e+00,0.000000000000000000e+00,0.000000000000000000e+00,0.000000000000000000e+00,0.000000000000000000e+00,0.000000000000000000e+00,0.000000000000000000e+00,0.000000000000000000e+00,0.000000000000000000e+00,0.000000000000000000e+00,0.000000000000000000e+00,0.000000000000000000e+00,0.000000000000000000e+00,0.000000000000000000e+00,0.000000000000000000e+00,0.000000000000000000e+00,0.000000000000000000e+00,0.000000000000000000e+00,1.365621834993362427e-01,3.281519114971160889e-01,8.014647960662841797e-01,7.368272542953491211e-01,9.598276019096374512e-01,3.400118052959442139e-01,2.580376863479614258e-01,0.000000000000000000e+00,0.000000000000000000e+00,0.000000000000000000e+00,0.000000000000000000e+00,0.000000000000000000e+00,0.000000000000000000e+00,2.234783209860324860e-02,4.300064966082572937e-02,9.887606836855411530e-03,1.038730368018150330e-01,1.933300048112869263e-01,1.907670944929122925e-01,1.859998553991317749e-01,2.908400893211364746e-01,2.076439410448074341e-01,1.224164888262748718e-01,2.218472659587860107e-01,1.393161267042160034e-01,9.425527602434158325e-02,0.000000000000000000e+00,0.000000000000000000e+00,0.000000000000000000e+00,0.000000000000000000e+00,9.424496442079544067e-03,5.619152635335922241e-02,0.000000000000000000e+00,0.000000000000000000e+00,1.229993719607591629e-02,4.284555464982986450e-02,8.117358200252056122e-03,0.000000000000000000e+00,0.000000000000000000e+00,0.000000000000000000e+00,0.000000000000000000e+00,0.000000000000000000e+00,0.000000000000000000e+00,0.000000000000000000e+00,0.000000000000000000e+00,0.000000000000000000e+00,0.000000000000000000e+00,0.000000000000000000e+00,0.000000000000000000e+00,0.000000000000000000e+00,0.000000000000000000e+00,0.000000000000000000e+00,0.000000000000000000e+00,0.000000000000000000e+00,0.000000000000000000e+00,0.000000000000000000e+00,0.000000000000000000e+00,0.000000000000000000e+00,0.000000000000000000e+00,0.000000000000000000e+00,0.000000000000000000e+00,0.000000000000000000e+00,0.000000000000000000e+00,0.000000000000000000e+00,0.000000000000000000e+00,0.000000000000000000e+00,0.000000000000000000e+00,0.000000000000000000e+00,0.000000000000000000e+00,0.000000000000000000e+00,0.000000000000000000e+00,0.000000000000000000e+00,0.000000000000000000e+00,0.000000000000000000e+00,0.000000000000000000e+00,0.000000000000000000e+00,0.000000000000000000e+00,0.000000000000000000e+00,0.000000000000000000e+00,0.000000000000000000e+00,0.000000000000000000e+00,0.000000000000000000e+00,0.000000000000000000e+00,0.000000000000000000e+00,0.000000000000000000e+00,0.000000000000000000e+00,0.000000000000000000e+00,0.000000000000000000e+00,0.000000000000000000e+00,0.000000000000000000e+00,0.000000000000000000e+00,0.000000000000000000e+00,0.000000000000000000e+00,0.000000000000000000e+00,0.000000000000000000e+00,0.000000000000000000e+00,0.000000000000000000e+00,0.000000000000000000e+00,0.000000000000000000e+00,0.000000000000000000e+00,1.354932971298694611e-02,3.784396126866340637e-02,6.436669081449508667e-02,8.584827184677124023e-02,6.157358363270759583e-02,8.737050741910934448e-02,6.880698353052139282e-02,7.313361763954162598e-02,7.947503775358200073e-02,7.664067298173904419e-02,0.000000000000000000e+00,0.000000000000000000e+00,0.000000000000000000e+00,4.561355710029602051e-02,3.973925486207008362e-02,3.217608854174613953e-02,2.754487842321395874e-02,1.919324509799480438e-02,1.801356859505176544e-02,1.346650905907154083e-02,1.839567720890045166e-02,1.313056144863367081e-02,1.756569743156433105e-02,2.174193970859050751e-02,5.510536208748817444e-02,2.490974962711334229e-02,1.487413421273231506e-02,2.671305276453495026e-02,6.295226514339447021e-02,2.403257787227630615e-02,2.033536881208419800e-02,8.339655585587024689e-03,0.000000000000000000e+00,0.000000000000000000e+00,5.647401325404644012e-03,3.494259435683488846e-03,6.636039470322430134e-04,6.416518241167068481e-03,0.000000000000000000e+00,0.000000000000000000e+00,1.636283705011010170e-03,2.819528430700302124e-02,9.932328760623931885e-02,7.457305490970611572e-02,8.185052126646041870e-02,1.344635188579559326e-01,1.080551221966743469e-01,1.066138744354248047e-01,8.193315565586090088e-02,9.748215973377227783e-02,1.247686222195625305e-01,1.083122268319129944e-01,9.719688445329666138e-02,1.263252794742584229e-01,9.077826142311096191e-02,8.376383781433105469e-02,1.291206330060958862e-01,1.174419373273849487e-01,8.928183466196060181e-02,6.021298468112945557e-02,3.235242143273353577e-02,5.320161208510398865e-02,3.556653112173080444e-02,4.278260096907615662e-02,3.130341321229934692e-02,3.317360300570726395e-03,8.474337309598922729e-02,2.239565700292587280e-01,3.342565000057220459e-01,4.377286732196807861e-01,4.814807474613189697e-01,5.936752557754516602e-01,6.822034716606140137e-01,5.097386837005615234e-01,4.763257801532745361e-01,4.079001247882843018e-01,4.078234136104583740e-01,2.981767058372497559e-01,2.958551049232482910e-01,2.848846018314361572e-01,2.677560448646545410e-01,2.141257226467132568e-01,1.326522976160049438e-01,1.248305290937423706e-01,1.873022168874740601e-01,1.848634034395217896e-01,1.824659109115600586e-01,1.273210346698760986e-01,2.276336960494518280e-02,1.310329884290695190e-02,1.094017475843429565e-01,6.488625705242156982e-02,2.145969122648239136e-01,2.090557366609573364e-01,1.993069201707839966e-01,1.491716951131820679e-01,6.224655359983444214e-02,2.005377784371376038e-02,2.794456183910369873e-01,2.726972401142120361e-01,9.794129431247711182e-02,4.712290763854980469e-01,5.354541540145874023e-01
0.000000000000000000e+00,0.000000000000000000e+00,0.000000000000000000e+00,0.000000000000000000e+00,0.000000000000000000e+00,0.000000000000000000e+00,0.000000000000000000e+00,0.000000000000000000e+00,0.000000000000000000e+00,0.000000000000000000e+00,0.000000000000000000e+00,0.000000000000000000e+00,0.000000000000000000e+00,0.000000000000000000e+00,0.000000000000000000e+00,0.000000000000000000e+00,0.000000000000000000e+00,0.000000000000000000e+00,0.000000000000000000e+00,0.000000000000000000e+00,0.000000000000000000e+00,0.000000000000000000e+00,0.000000000000000000e+00,0.000000000000000000e+00,0.000000000000000000e+00,0.000000000000000000e+00,0.000000000000000000e+00,0.000000000000000000e+00,0.000000000000000000e+00,0.000000000000000000e+00,7.971402956172823906e-04,0.000000000000000000e+00,2.334539033472537994e-02,0.000000000000000000e+00,1.195392385125160217e-02,2.367496117949485779e-02,6.550695747137069702e-02,2.770983614027500153e-03,0.000000000000000000e+00,0.000000000000000000e+00,0.000000000000000000e+00,0.000000000000000000e+00,0.000000000000000000e+00,0.000000000000000000e+00,0.000000000000000000e+00,0.000000000000000000e+00,0.000000000000000000e+00,0.000000000000000000e+00,0.000000000000000000e+00,5.050262808799743652e-02,0.000000000000000000e+00,1.245241910219192505e-01,1.145682185888290405e-01,7.716806605458259583e-03,4.471870884299278259e-02,1.156584639102220535e-02,4.548310302197933197e-03,0.000000000000000000e+00,0.000000000000000000e+00,0.000000000000000000e+00,0.000000000000000000e+00,0.000000000000000000e+00,0.000000000000000000e+00,0.000000000000000000e+00,0.000000000000000000e+00,0.000000000000000000e+00,0.000000000000000000e+00,0.000000000000000000e+00,2.196100726723670959e-02,9.376687556505203247e-02,0.000000000000000000e+00,0.000000000000000000e+00,0.000000000000000000e+00,0.000000000000000000e+00,0.000000000000000000e+00,0.000000000000000000e+00,0.000000000000000000e+00,0.000000000000000000e+00,0.000000000000000000e+00,0.000000000000000000e+00,0.000000000000000000e+00,0.000000000000000000e+00,0.000000000000000000e+00,0.000000000000000000e+00,0.000000000000000000e+00,0.000000000000000000e+00,0.000000000000000000e+00,0.000000000000000000e+00,0.000000000000000000e+00,0.000000000000000000e+00,0.000000000000000000e+00,0.000000000000000000e+00,0.000000000000000000e+00,0.000000000000000000e+00,0.000000000000000000e+00,0.000000000000000000e+00,0.000000000000000000e+00,0.000000000000000000e+00,0.000000000000000000e+00,0.000000000000000000e+00,0.000000000000000000e+00,0.000000000000000000e+00,0.000000000000000000e+00,0.000000000000000000e+00,0.000000000000000000e+00,0.000000000000000000e+00,0.000000000000000000e+00,0.000000000000000000e+00,0.000000000000000000e+00,0.000000000000000000e+00,0.000000000000000000e+00,0.000000000000000000e+00,0.000000000000000000e+00,0.000000000000000000e+00,0.000000000000000000e+00,0.000000000000000000e+00,0.000000000000000000e+00,0.000000000000000000e+00,0.000000000000000000e+00,0.000000000000000000e+00,0.000000000000000000e+00,0.000000000000000000e+00,0.000000000000000000e+00,0.000000000000000000e+00,0.000000000000000000e+00,0.000000000000000000e+00,0.000000000000000000e+00,0.000000000000000000e+00,0.000000000000000000e+00,0.000000000000000000e+00,0.000000000000000000e+00,0.000000000000000000e+00,0.000000000000000000e+00,2.552673977334052324e-04,4.695144947618246078e-03,3.018342191353440285e-03,1.111631747335195541e-02,2.096932753920555115e-02,2.370732091367244720e-02,1.416052225977182388e-02,5.030677095055580139e-02,5.794531852006912231e-02,2.230171672999858856e-02,0.000000000000000000e+00,0.000000000000000000e+00,1.927338540554046631e-02,2.013689093291759491e-02,2.217844501137733459e-02,2.363976836204528809e-02,1.554334070533514023e-02,1.509810239076614380e-02,7.076793350279331207e-03,3.877456299960613251e-03,1.586901582777500153e-02,2.124496176838874817e-02,2.662338316440582275e-02,3.890202194452285767e-02,3.704639896750450134e-02,2.274833247065544128e-02,1.424252428114414215e-02,2.260912209749221802e-02,2.786054275929927826e-02,0.000000000000000000e+00,0.000000000000000000e+00,0.000000000000000000e+00,0.000000000000000000e+00,0.000000000000000000e+00,1.614440046250820160e-02,1.374882645905017853e-02,6.372538395226001740e-03,8.104513399302959442e-03,2.674463903531432152e-03,4.895273596048355103e-04,4.789802804589271545e-02,5.001698061823844910e-02,8.799183368682861328e-02,1.114026978611946106e-01,1.376421600580215454e-01,1.069773063063621521e-01,1.147324293851852417e-01,1.164408698678016663e-01,8.555061370134353638e-02,7.810290902853012085e-02,8.902703225612640381e-02,1.017656698822975159e-01,1.362327933311462402e-01,1.205573379993438721e-01,1.011737510561943054e-01,9.528529644012451172e-02,1.248347312211990356e-01,1.218680739402770996e-01,8.767379820346832275e-02,5.739137902855873108e-02,3.929359838366508484e-02,6.388112157583236694e-02,3.587748482823371887e-02,3.441590070724487305e-02,0.000000000000000000e+00,0.000000000000000000e+00,4.860790818929672241e-02,3.126730322837829590e-01,4.204462766647338867e-01,4.729505777359008789e-01,5.239794254302978516e-01,5.894831418991088867e-01,5.328547954559326172e-01,4.368644058704376221e-01,4.181800782680511475e-01,3.921291232109069824e-01,3.761439621448516846e-01,3.330213427543640137e-01,2.901676893234252930e-01,2.562571167945861816e-01,2.374616116285324097e-01,2.566129267215728760e-01,1.732940822839736938e-01,1.209084689617156982e-01,1.403990685939788818e-01,2.154472768306732178e-01,2.111462056636810303e-01,2.117454111576080322e-01,5.657219514250755310e-02,1.459912955760955811e-01,1.834094524383544922e-01,1.690209209918975830e-01,1.401126384735107422e-01,1.610289812088012695e-01,1.867367923259735107e-01,1.676137000322341919e-01,1.136175468564033508e-01,1.080272719264030457e-01,3.085101246833801270e-01,2.463075071573257446e-01,1.270953267812728882e-01,4.367058873176574707e-01,5.897469520568847656e-01
0.000000000000000000e+00,0.000000000000000000e+00,0.000000000000000000e+00,0.000000000000000000e+00,0.000000000000000000e+00,0.000000000000000000e+00,0.000000000000000000e+00,0.000000000000000000e+00,0.000000000000000000e+00,0.000000000000000000e+00,0.000000000000000000e+00,0.000000000000000000e+00,0.000000000000000000e+00,0.000000000000000000e+00,0.000000000000000000e+00,0.000000000000000000e+00,0.000000000000000000e+00,0.000000000000000000e+00,0.000000000000000000e+00,0.000000000000000000e+00,0.000000000000000000e+00,0.000000000000000000e+00,0.000000000000000000e+00,0.000000000000000000e+00,0.000000000000000000e+00,0.000000000000000000e+00,0.000000000000000000e+00,0.000000000000000000e+00,0.000000000000000000e+00,0.000000000000000000e+00,0.000000000000000000e+00,0.000000000000000000e+00,0.000000000000000000e+00,0.000000000000000000e+00,5.582164973020553589e-03,0.000000000000000000e+00,0.000000000000000000e+00,0.000000000000000000e+00,0.000000000000000000e+00,0.000000000000000000e+00,0.000000000000000000e+00,0.000000000000000000e+00,0.000000000000000000e+00,0.000000000000000000e+00,0.000000000000000000e+00,0.000000000000000000e+00,0.000000000000000000e+00,0.000000000000000000e+00,1.195917837321758270e-02,1.615067720413208008e-01,8.500561234541237354e-04,1.953468471765518188e-01,1.795150041580200195e-01,7.062857039272785187e-03,2.472488954663276672e-02,0.000000000000000000e+00,3.018857445567846298e-03,0.000000000000000000e+00,0.000000000000000000e+00,0.000000000000000000e+00,0.000000000000000000e+00,0.000000000000000000e+00,0.000000000000000000e+00,0.000000000000000000e+00,0.000000000000000000e+00,0.000000000000000000e+00,0.000000000000000000e+00,0.000000000000000000e+00,1.398109365254640579e-02,8.002153038978576660e-02,0.000000000000000000e+00,0.000000000000000000e+00,0.000000000000000000e+00,0.000000000000000000e+00,0.000000000000000000e+00,0.000000000000000000e+00,0.000000000000000000e+00,0.000000000000000000e+00,0.000000000000000000e+00,0.000000000000000000e+00,0.000000000000000000e+00,0.000000000000000000e+00,0.000000000000000000e+00,0.000000000000000000e+00,0.000000000000000000e+00,0.000000000000000000e+00,0.000000000000000000e+00,0.000000000000000000e+00,0.000000000000000000e+00,0.000000000000000000e+00,0.000000000000000000e+00,0.000000000000000000e+00,0.000000000000000000e+00,0.000000000000000000e+00,0.000000000000000000e+00,0.000000000000000000e+00,0.000000000000000000e+00,0.000000000000000000e+00,0.000000000000000000e+00,0.000000000000000000e+00,0.000000000000000000e+00,0.000000000000000000e+00,0.000000000000000000e+00,0.000000000000000000e+00,0.000000000000000000e+00,0.000000000000000000e+00,0.000000000000000000e+00,0.000000000000000000e+00,0.000000000000000000e+00,0.000000000000000000e+00,0.000000000000000000e+00,0.000000000000000000e+00,0.000000000000000000e+00,0.000000000000000000e+00,0.000000000000000000e+00,0.000000000000000000e+00,0.000000000000000000e+00,0.000000000000000000e+00,0.000000000000000000e+00,0.000000000000000000e+00,0.000000000000000000e+00,0.000000000000000000e+00,0.000000000000000000e+00,0.000000000000000000e+00,0.000000000000000000e+00,0.000000000000000000e+00,0.000000000000000000e+00,0.000000000000000000e+00,0.000000000000000000e+00,0.000000000000000000e+00,0.000000000000000000e+00,0.000000000000000000e+00,0.000000000000000000e+00,0.000000000000000000e+00,0.000000000000000000e+00,0.000000000000000000e+00,0.000000000000000000e+00,0.000000000000000000e+00,0.000000000000000000e+00,0.000000000000000000e+00,2.432981692254543304e-02,4.922109469771385193e-02,4.960229620337486267e-02,3.909262269735336304e-02,5.452443286776542664e-02,4.047258943319320679e-02,2.605730108916759491e-02,5.187700316309928894e-02,5.083704367280006409e-02,3.716031834483146667e-02,5.746746063232421875e-02,2.460236474871635437e-02,2.181687206029891968e-02,2.946136333048343658e-02,3.748548030853271484e-02,1.544222794473171234e-02,6.664451956748962402e-02,5.865880474448204041e-02,4.102484509348869324e-02,1.807448454201221466e-02,1.252974290400743484e-02,0.000000000000000000e+00,0.000000000000000000e+00,0.000000000000000000e+00,0.000000000000000000e+00,0.000000000000000000e+00,0.000000000000000000e+00,0.000000000000000000e+00,0.000000000000000000e+00,6.138626486063003540e-03,3.326895879581570625e-03,6.773775443434715271e-03,1.236070599406957626e-02,6.188657879829406738e-02,7.505747675895690918e-02,1.124304383993148804e-01,1.162518858909606934e-01,1.410672962665557861e-01,1.128628030419349670e-01,1.386441588401794434e-01,1.289621889591217041e-01,1.020648702979087830e-01,9.955736249685287476e-02,9.004251658916473389e-02,8.968762308359146118e-02,9.826248139142990112e-02,1.185199767351150513e-01,1.223553493618965149e-01,1.091028302907943726e-01,1.093755438923835754e-01,1.193972975015640259e-01,5.759893357753753662e-02,2.723873034119606018e-02,1.681673899292945862e-02,3.833030164241790771e-02,7.039968855679035187e-03,0.000000000000000000e+00,0.000000000000000000e+00,0.000000000000000000e+00,2.383027225732803345e-01,3.056013286113739014e-01,3.242413401603698730e-01,3.697451055049896240e-01,4.352425634860992432e-01,4.326329529285430908e-01,4.271943867206573486e-01,3.255695104598999023e-01,2.913147807121276855e-01,3.360268771648406982e-01,2.889618575572967529e-01,2.718628048896789551e-01,2.335696667432785034e-01,2.317931354045867920e-01,1.869691759347915649e-01,1.756495088338851929e-01,1.315283626317977905e-01,1.306615620851516724e-01,1.932998746633529663e-01,1.935054361820220947e-01,2.141731232404708862e-01,1.871598809957504272e-01,1.439017653465270996e-01,1.316871792078018188e-01,1.896483302116394043e-01,1.541831195354461670e-01,1.629936248064041138e-01,1.926368623971939087e-01,1.275153011083602905e-01,1.360349506139755249e-01,1.481855809688568115e-01,1.063498854637145996e-01,2.370895892381668091e-01,3.514319062232971191e-01,2.737749218940734863e-01,3.046980798244476318e-01,5.294394493103027344e-01
0.000000000000000000e+00,0.000000000000000000e+00,0.000000000000000000e+00,0.000000000000000000e+00,0.000000000000000000e+00,0.000000000000000000e+00,0.000000000000000000e+00,0.000000000000000000e+00,0.000000000000000000e+00,0.000000000000000000e+00,0.000000000000000000e+00,0.000000000000000000e+00,0.000000000000000000e+00,0.000000000000000000e+00,0.000000000000000000e+00,0.000000000000000000e+00,0.000000000000000000e+00,0.000000000000000000e+00,0.000000000000000000e+00,0.000000000000000000e+00,0.000000000000000000e+00,0.000000000000000000e+00,0.000000000000000000e+00,0.000000000000000000e+00,0.000000000000000000e+00,0.000000000000000000e+00,0.000000000000000000e+00,3.986095637083053589e-02,0.000000000000000000e+00,0.000000000000000000e+00,0.000000000000000000e+00,2.021769760176539421e-03,3.198023140430450439e-02,7.093842327594757080e-02,1.128716394305229187e-01,1.211114460602402687e-03,0.000000000000000000e+00,0.000000000000000000e+00,0.000000000000000000e+00,0.000000000000000000e+00,0.000000000000000000e+00,0.000000000000000000e+00,0.000000000000000000e+00,0.000000000000000000e+00,0.000000000000000000e+00,0.000000000000000000e+00,0.000000000000000000e+00,0.000000000000000000e+00,2.902126172557473183e-03,1.160723492503166199e-01,6.174511462450027466e-02,2.608998492360115051e-02,1.792775653302669525e-02,0.000000000000000000e+00,0.000000000000000000e+00,0.000000000000000000e+00,0.000000000000000000e+00,0.000000000000000000e+00,0.000000000000000000e+00,0.000000000000000000e+00,0.000000000000000000e+00,0.000000000000000000e+00,0.000000000000000000e+00,0.000000000000000000e+00,0.000000000000000000e+00,0.000000000000000000e+00,0.000000000000000000e+00,0.000000000000000000e+00,0.000000000000000000e+00,0.000000000000000000e+00,0.000000000000000000e+00,0.000000000000000000e+00,0.000000000000000000e+00,0.000000000000000000e+00,0.000000000000000000e+00,0.000000000000000000e+00,0.000000000000000000e+00,0.000000000000000000e+00,0.000000000000000000e+00,0.000000000000000000e+00,0.000000000000000000e+00,0.000000000000000000e+00,0.000000000000000000e+00,0.000000000000000000e+00,0.000000000000000000e+00,0.000000000000000000e+00,0.000000000000000000e+00,0.000000000000000000e+00,0.000000000000000000e+00,0.000000000000000000e+00,0.000000000000000000e+00,0.000000000000000000e+00,0.000000000000000000e+00,0.000000000000000000e+00,0.000000000000000000e+00,0.000000000000000000e+00,0.000000000000000000e+00,0.000000000000000000e+00,0.000000000000000000e+00,0.000000000000000000e+00,0.000000000000000000e+00,0.000000000000000000e+00,0.000000000000000000e+00,0.000000000000000000e+00,0.000000000000000000e+00,0.000000000000000000e+00,0.000000000000000000e+00,0.000000000000000000e+00,0.000000000000000000e+00,0.000000000000000000e+00,0.000000000000000000e+00,0.000000000000000000e+00,0.000000000000000000e+00,0.000000000000000000e+00,0.000000000000000000e+00,0.000000000000000000e+00,0.000000000000000000e+00,0.000000000000000000e+00,0.000000000000000000e+00,0.000000000000000000e+00,0.000000000000000000e+00,0.000000000000000000e+00,0.000000000000000000e+00,0.000000000000000000e+00,0.000000000000000000e+00,0.000000000000000000e+00,0.000000000000000000e+00,0.000000000000000000e+00,0.000000000000000000e+00,0.000000000000000000e+00,0.000000000000000000e+00,0.000000000000000000e+00,0.000000000000000000e+00,0.000000000000000000e+00,1.290407264605164528e-03,8.355845697224140167e-03,1.388578955084085464e-02,3.770078718662261963e-02,3.777238354086875916e-02,1.277735922485589981e-03,2.496985718607902527e-03,5.428628996014595032e-02,4.935571923851966858e-02,5.710387974977493286e-02,5.629384145140647888e-02,1.507325097918510437e-02,1.843293569982051849e-02,2.235093899071216583e-02,2.152878232300281525e-02,2.132769301533699036e-02,2.806533500552177429e-02,2.254466339945793152e-02,2.634445950388908386e-02,3.466048836708068848e-02,3.194678947329521179e-02,2.680403739213943481e-02,5.041864141821861267e-02,3.151903301477432251e-02,0.000000000000000000e+00,1.273843459784984589e-03,0.000000000000000000e+00,0.000000000000000000e+00,4.407187923789024353e-02,3.001832636073231697e-03,0.000000000000000000e+00,0.000000000000000000e+00,0.000000000000000000e+00,0.000000000000000000e+00,0.000000000000000000e+00,2.609944203868508339e-04,6.407798733562231064e-03,2.437061443924903870e-02,4.463092237710952759e-02,8.290234208106994629e-02,1.070801690220832825e-01,1.324348598718643188e-01,1.056293696165084839e-01,1.159077584743499756e-01,1.164589524269104004e-01,1.473784595727920532e-01,1.299013942480087280e-01,9.655859321355819702e-02,1.020943373441696167e-01,9.964088350534439087e-02,9.464996308088302612e-02,9.440395236015319824e-02,1.065921708941459656e-01,1.173907294869422913e-01,1.077896058559417725e-01,9.982962161302566528e-02,9.379757195711135864e-02,4.962813109159469604e-02,3.098326362669467926e-02,9.257402271032333374e-03,5.082526244223117828e-03,2.991542033851146698e-02,7.618564367294311523e-02,1.082036420702934265e-01,6.851613521575927734e-02,5.447240173816680908e-02,1.947648376226425171e-01,2.980359792709350586e-01,3.497339785099029541e-01,3.946060836315155029e-01,5.109301805496215820e-01,4.640803039073944092e-01,3.432980775833129883e-01,3.424704670906066895e-01,3.309559524059295654e-01,2.799601852893829346e-01,2.552880942821502686e-01,2.057900875806808472e-01,2.146917134523391724e-01,1.620461642742156982e-01,1.546824723482131958e-01,1.062641516327857971e-01,1.475029885768890381e-01,2.030101716518402100e-01,2.333151400089263916e-01,2.055913656949996948e-01,3.129881322383880615e-01,2.661747634410858154e-01,1.796599179506301880e-01,1.852820217609405518e-01,1.672622561454772949e-01,1.603578478097915649e-01,1.636032611131668091e-01,2.306174933910369873e-01,2.610411345958709717e-01,2.122762054204940796e-01,1.984671056270599365e-01,2.769559919834136963e-01,3.813010156154632568e-01,5.803038477897644043e-01,4.245025217533111572e-01,5.897442698478698730e-01
0.000000000000000000e+00,0.000000000000000000e+00,0.000000000000000000e+00,0.000000000000000000e+00,0.000000000000000000e+00,0.000000000000000000e+00,0.000000000000000000e+00,0.000000000000000000e+00,0.000000000000000000e+00,0.000000000000000000e+00,0.000000000000000000e+00,0.000000000000000000e+00,0.000000000000000000e+00,0.000000000000000000e+00,0.000000000000000000e+00,0.000000000000000000e+00,0.000000000000000000e+00,0.000000000000000000e+00,0.000000000000000000e+00,0.000000000000000000e+00,0.000000000000000000e+00,0.000000000000000000e+00,0.000000000000000000e+00,0.000000000000000000e+00,5.690759047865867615e-02,1.855962127447128296e-01,1.404703855514526367e-01,1.592153459787368774e-01,1.753146934788674116e-04,2.701879013329744339e-03,0.000000000000000000e+00,5.879963189363479614e-02,1.059898138046264648e-01,8.533217012882232666e-02,3.255402902141213417e-03,1.353926658630371094e-01,1.344585865736007690e-01,1.441009491682052612e-01,3.238087287172675133e-03,0.000000000000000000e+00,0.000000000000000000e+00,0.000000000000000000e+00,0.000000000000000000e+00,0.000000000000000000e+00,0.000000000000000000e+00,0.000000000000000000e+00,0.000000000000000000e+00,0.000000000000000000e+00,7.234869408421218395e-04,2.266595326364040375e-02,1.989560201764106750e-02,0.000000000000000000e+00,0.000000000000000000e+00,0.000000000000000000e+00,0.000000000000000000e+00,0.000000000000000000e+00,0.000000000000000000e+00,0.000000000000000000e+00,0.000000000000000000e+00,0.000000000000000000e+00,0.000000000000000000e+00,0.000000000000000000e+00,0.000000000000000000e+00,0.000000000000000000e+00,0.000000000000000000e+00,0.000000000000000000e+00,4.983978578820824623e-04,0.000000000000000000e+00,0.000000000000000000e+00,0.000000000000000000e+00,0.000000000000000000e+00,0.000000000000000000e+00,0.000000000000000000e+00,0.000000000000000000e+00,0.000000000000000000e+00,0.000000000000000000e+00,0.000000000000000000e+00,0.000000000000000000e+00,0.000000000000000000e+00,0.000000000000000000e+00,0.000000000000000000e+00,0.000000000000000000e+00,0.000000000000000000e+00,0.000000000000000000e+00,0.000000000000000000e+00,0.000000000000000000e+00,0.000000000000000000e+00,0.000000000000000000e+00,0.000000000000000000e+00,0.000000000000000000e+00,0.000000000000000000e+00,0.000000000000000000e+00,0.000000000000000000e+00,0.000000000000000000e+00,0.000000000000000000e+00,0.000000000000000000e+00,0.000000000000000000e+00,0.000000000000000000e+00,0.000000000000000000e+00,0.000000000000000000e+00,0.000000000000000000e+00,0.000000000000000000e+00,0.000000000000000000e+00,0.000000000000000000e+00,0.000000000000000000e+00,0.000000000000000000e+00,0.000000000000000000e+00,0.000000000000000000e+00,0.000000000000000000e+00,0.000000000000000000e+00,0.000000000000000000e+00,0.000000000000000000e+00,0.000000000000000000e+00,0.000000000000000000e+00,0.000000000000000000e+00,0.000000000000000000e+00,0.000000000000000000e+00,0.000000000000000000e+00,0.000000000000000000e+00,0.000000000000000000e+00,0.000000000000000000e+00,0.000000000000000000e+00,0.000000000000000000e+00,0.000000000000000000e+00,0.000000000000000000e+00,0.000000000000000000e+00,0.000000000000000000e+00,0.000000000000000000e+00,0.000000000000000000e+00,0.000000000000000000e+00,0.000000000000000000e+00,0.000000000000000000e+00,0.000000000000000000e+00,0.000000000000000000e+00,0.000000000000000000e+00,0.000000000000000000e+00,0.000000000000000000e+00,0.000000000000000000e+00,0.000000000000000000e+00,0.000000000000000000e+00,0.000000000000000000e+00,0.000000000000000000e+00,2.853491343557834625e-03,1.759236864745616913e-02,4.780582711100578308e-02,4.190595820546150208e-02,1.685157231986522675e-02,1.154763065278530121e-02,1.709569618105888367e-02,5.655848979949951172e-02,8.613784611225128174e-02,1.392959617078304291e-02,1.890624687075614929e-02,2.066437341272830963e-02,3.731645643711090088e-02,4.866005852818489075e-02,1.022738516330718994e-01,5.464126542210578918e-02,5.876009818166494370e-03,1.462742965668439865e-02,1.643468253314495087e-02,2.162294834852218628e-02,1.385423634201288223e-02,4.699922632426023483e-03,6.628744769841432571e-03,0.000000000000000000e+00,0.000000000000000000e+00,0.000000000000000000e+00,0.000000000000000000e+00,0.000000000000000000e+00,2.412447938695549965e-03,4.009240120649337769e-02,7.632383704185485840e-02,9.060572832822799683e-02,1.196973472833633423e-01,1.015751808881759644e-01,1.267877221107482910e-01,1.142330840229988098e-01,1.062633842229843140e-01,1.108704060316085815e-01,1.103694960474967957e-01,1.103197261691093445e-01,9.267076104879379272e-02,8.307980746030807495e-02,8.288734406232833862e-02,7.746053487062454224e-02,7.929650694131851196e-02,9.827061742544174194e-02,1.061630398035049438e-01,1.035133600234985352e-01,7.869127392768859863e-02,3.790527582168579102e-02,3.351479768753051758e-02,4.326401394791901112e-04,4.982705041766166687e-02,1.015178635716438293e-01,1.282551735639572144e-01,1.261162459850311279e-01,9.190597385168075562e-02,1.265493929386138916e-01,2.559994757175445557e-01,3.519741594791412354e-01,2.721140086650848389e-01,3.934578001499176025e-01,4.726632535457611084e-01,4.531826972961425781e-01,3.625791668891906738e-01,3.116888403892517090e-01,2.964003384113311768e-01,2.855712175369262695e-01,1.893842220306396484e-01,1.600336134433746338e-01,1.681841909885406494e-01,9.983459860086441040e-02,1.723620146512985229e-01,1.579068303108215332e-01,3.184553086757659912e-01,2.879915237426757812e-01,2.972512841224670410e-01,2.433605790138244629e-01,1.752526015043258667e-01,1.356971859931945801e-01,1.576552242040634155e-01,2.164618670940399170e-01,2.231490015983581543e-01,1.919436603784561157e-01,2.185634374618530273e-01,2.729447185993194580e-01,2.840468287467956543e-01,2.740794122219085693e-01,2.701913714408874512e-01,4.917649328708648682e-01,5.153741836547851562e-01,5.011131763458251953e-01,5.744124054908752441e-01,2.686023116111755371e-01
0.000000000000000000e+00,0.000000000000000000e+00,0.000000000000000000e+00,0.000000000000000000e+00,0.000000000000000000e+00,0.000000000000000000e+00,0.000000000000000000e+00,0.000000000000000000e+00,0.000000000000000000e+00,0.000000000000000000e+00,0.000000000000000000e+00,0.000000000000000000e+00,0.000000000000000000e+00,0.000000000000000000e+00,0.000000000000000000e+00,0.000000000000000000e+00,0.000000000000000000e+00,0.000000000000000000e+00,0.000000000000000000e+00,0.000000000000000000e+00,0.000000000000000000e+00,0.000000000000000000e+00,0.000000000000000000e+00,0.000000000000000000e+00,0.000000000000000000e+00,4.778723418712615967e-02,9.466347843408584595e-02,1.846159696578979492e-01,9.447521530091762543e-03,1.594024896621704102e-02,1.626677066087722778e-02,2.126722224056720734e-02,4.164332151412963867e-02,5.239403620362281799e-02,0.000000000000000000e+00,7.266552746295928955e-02,9.509475529193878174e-02,1.152422353625297546e-01,0.000000000000000000e+00,4.662753269076347351e-02,1.250315736979246140e-02,5.772364512085914612e-02,4.898561164736747742e-02,0.000000000000000000e+00,0.000000000000000000e+00,0.000000000000000000e+00,0.000000000000000000e+00,0.000000000000000000e+00,0.000000000000000000e+00,1.093378197401762009e-02,2.354302443563938141e-02,7.427503587678074837e-04,0.000000000000000000e+00,0.000000000000000000e+00,0.000000000000000000e+00,0.000000000000000000e+00,0.000000000000000000e+00,0.000000000000000000e+00,0.000000000000000000e+00,0.000000000000000000e+00,0.000000000000000000e+00,0.000000000000000000e+00,0.000000000000000000e+00,0.000000000000000000e+00,0.000000000000000000e+00,0.000000000000000000e+00,0.000000000000000000e+00,0.000000000000000000e+00,0.000000000000000000e+00,0.000000000000000000e+00,0.000000000000000000e+00,0.000000000000000000e+00,0.000000000000000000e+00,0.000000000000000000e+00,0.000000000000000000e+00,0.000000000000000000e+00,0.000000000000000000e+00,0.000000000000000000e+00,0.000000000000000000e+00,0.000000000000000000e+00,0.000000000000000000e+00,0.000000000000000000e+00,0.000000000000000000e+00,0.000000000000000000e+00,0.000000000000000000e+00,0.000000000000000000e+00,0.000000000000000000e+00,0.000000000000000000e+00,0.000000000000000000e+00,0.000000000000000000e+00,0.000000000000000000e+00,0.000000000000000000e+00,0.000000000000000000e+00,5.703400238417088985e-04,1.630723592825233936e-03,0.000000000000000000e+00,0.000000000000000000e+00,0.000000000000000000e+00,0.000000000000000000e+00,0.000000000000000000e+00,0.000000000000000000e+00,0.000000000000000000e+00,0.000000000000000000e+00,0.000000000000000000e+00,0.000000000000000000e+00,0.000000000000000000e+00,0.000000000000000000e+00,0.000000000000000000e+00,0.000000000000000000e+00,0.000000000000000000e+00,0.000000000000000000e+00,0.000000000000000000e+00,0.000000000000000000e+00,0.000000000000000000e+00,0.000000000000000000e+00,0.000000000000000000e+00,0.000000000000000000e+00,0.000000000000000000e+00,0.000000000000000000e+00,0.000000000000000000e+00,0.000000000000000000e+00,0.000000000000000000e+00,0.000000000000000000e+00,0.000000000000000000e+00,0.000000000000000000e+00,0.000000000000000000e+00,0.000000000000000000e+00,0.000000000000000000e+00,0.000000000000000000e+00,0.000000000000000000e+00,0.000000000000000000e+00,0.000000000000000000e+00,0.000000000000000000e+00,0.000000000000000000e+00,0.000000000000000000e+00,0.000000000000000000e+00,0.000000000000000000e+00,0.000000000000000000e+00,2.070889342576265335e-03,3.623966826125979424e-03,0.000000000000000000e+00,0.000000000000000000e+00,8.802089840173721313e-03,1.577001437544822693e-02,8.477709256112575531e-03,1.596481539309024811e-02,1.208043657243251801e-02,8.877449668943881989e-03,2.474335953593254089e-02,3.751349076628684998e-02,7.408881187438964844e-02,2.277438715100288391e-02,2.493270672857761383e-02,1.398798916488885880e-02,4.001644998788833618e-02,5.312674865126609802e-02,5.572248250246047974e-02,1.258604787290096283e-02,1.436544582247734070e-03,2.965158596634864807e-02,6.683561950922012329e-03,0.000000000000000000e+00,0.000000000000000000e+00,1.414350699633359909e-03,0.000000000000000000e+00,0.000000000000000000e+00,0.000000000000000000e+00,0.000000000000000000e+00,0.000000000000000000e+00,0.000000000000000000e+00,1.120219472795724869e-03,2.129828371107578278e-02,3.320658579468727112e-02,6.013442203402519226e-02,7.071799784898757935e-02,7.206350564956665039e-02,8.608782291412353516e-02,8.721301704645156860e-02,1.175042614340782166e-01,1.254475414752960205e-01,1.141188591718673706e-01,1.394886523485183716e-01,1.270280778408050537e-01,1.090609729290008545e-01,1.128326058387756348e-01,1.158465668559074402e-01,6.831283867359161377e-02,8.708211034536361694e-02,9.673493355512619019e-02,9.598304331302642822e-02,1.002805456519126892e-01,1.057753637433052063e-01,6.421576440334320068e-02,9.070882201194763184e-02,1.577023714780807495e-01,1.460407078266143799e-01,1.962182074785232544e-01,1.398658454418182373e-01,1.352695971727371216e-01,2.003592550754547119e-01,2.784473598003387451e-01,4.671125411987304688e-01,3.606859445571899414e-01,3.430998623371124268e-01,3.893311023712158203e-01,3.071428835391998291e-01,2.351312041282653809e-01,2.015918195247650146e-01,2.194533944129943848e-01,2.478103637695312500e-01,2.099509090185165405e-01,2.324684113264083862e-01,1.517903059720993042e-01,1.622840464115142822e-01,1.603620648384094238e-01,2.670753598213195801e-01,3.375137746334075928e-01,2.586461603641510010e-01,2.343548834323883057e-01,2.400642037391662598e-01,2.035565823316574097e-01,2.076418399810791016e-01,2.239105552434921265e-01,1.579669564962387085e-01,1.822159886360168457e-01,2.196959853172302246e-01,2.305978089570999146e-01,2.935538887977600098e-01,3.084484934806823730e-01,4.563760459423065186e-01,4.628077149391174316e-01,6.370709538459777832e-01,6.552655696868896484e-01,7.933105230331420898e-01,6.190569996833801270e-01,6.316279172897338867e-01
0.000000000000000000e+00,0.000000000000000000e+00,0.000000000000000000e+00,0.000000000000000000e+00,0.000000000000000000e+00,0.000000000000000000e+00,0.000000000000000000e+00,0.000000000000000000e+00,0.000000000000000000e+00,0.000000000000000000e+00,0.000000000000000000e+00,0.000000000000000000e+00,0.000000000000000000e+00,0.000000000000000000e+00,0.000000000000000000e+00,0.000000000000000000e+00,0.000000000000000000e+00,0.000000000000000000e+00,0.000000000000000000e+00,0.000000000000000000e+00,0.000000000000000000e+00,0.000000000000000000e+00,0.000000000000000000e+00,0.000000000000000000e+00,0.000000000000000000e+00,8.413036167621612549e-02,1.114245578646659851e-01,3.157851472496986389e-02,9.646032005548477173e-02,1.359619647264480591e-01,1.228509098291397095e-01,4.711776971817016602e-02,1.993689686059951782e-02,1.596307009458541870e-02,2.181196026504039764e-02,2.696075662970542908e-02,3.222151473164558411e-02,0.000000000000000000e+00,0.000000000000000000e+00,3.115196886938065290e-04,0.000000000000000000e+00,0.000000000000000000e+00,0.000000000000000000e+00,0.000000000000000000e+00,0.000000000000000000e+00,0.000000000000000000e+00,0.000000000000000000e+00,0.000000000000000000e+00,0.000000000000000000e+00,0.000000000000000000e+00,0.000000000000000000e+00,0.000000000000000000e+00,0.000000000000000000e+00,0.000000000000000000e+00,0.000000000000000000e+00,0.000000000000000000e+00,0.000000000000000000e+00,0.000000000000000000e+00,0.000000000000000000e+00,0.000000000000000000e+00,0.000000000000000000e+00,0.000000000000000000e+00,0.000000000000000000e+00,0.000000000000000000e+00,0.000000000000000000e+00,0.000000000000000000e+00,0.000000000000000000e+00,0.000000000000000000e+00,0.000000000000000000e+00,0.000000000000000000e+00,0.000000000000000000e+00,0.000000000000000000e+00,0.000000000000000000e+00,0.000000000000000000e+00,0.000000000000000000e+00,0.000000000000000000e+00,0.000000000000000000e+00,0.000000000000000000e+00,0.000000000000000000e+00,0.000000000000000000e+00,0.000000000000000000e+00,0.000000000000000000e+00,0.000000000000000000e+00,0.000000000000000000e+00,0.000000000000000000e+00,0.000000000000000000e+00,0.000000000000000000e+00,0.000000000000000000e+00,0.000000000000000000e+00,0.000000000000000000e+00,0.000000000000000000e+00,0.000000000000000000e+00,0.000000000000000000e+00,0.000000000000000000e+00,0.000000000000000000e+00,0.000000000000000000e+00,0.000000000000000000e+00,0.000000000000000000e+00,0.000000000000000000e+00,0.000000000000000000e+00,0.000000000000000000e+00,0.000000000000000000e+00,0.000000000000000000e+00,0.000000000000000000e+00,0.000000000000000000e+00,0.000000000000000000e+00,0.000000000000000000e+00,0.000000000000000000e+00,0.000000000000000000e+00,0.000000000000000000e+00,0.000000000000000000e+00,0.000000000000000000e+00,0.000000000000000000e+00,0.000000000000000000e+00,0.000000000000000000e+00,0.000000000000000000e+00,0.000000000000000000e+00,0.000000000000000000e+00,0.000000000000000000e+00,0.000000000000000000e+00,0.000000000000000000e+00,0.000000000000000000e+00,0.000000000000000000e+00,0.000000000000000000e+00,0.000000000000000000e+00,0.000000000000000000e+00,0.000000000000000000e+00,0.000000000000000000e+00,0.000000000000000000e+00,0.000000000000000000e+00,0.000000000000000000e+00,0.000000000000000000e+00,0.000000000000000000e+00,0.000000000000000000e+00,0.000000000000000000e+00,0.000000000000000000e+00,0.000000000000000000e+00,0.000000000000000000e+00,1.509805792011320591e-03,0.000000000000000000e+00,0.000000000000000000e+00,1.552513451315462589e-03,3.024438209831714630e-02,1.434918120503425598e-02,4.577854648232460022e-03,1.798612996935844421e-02,3.075679391622543335e-02,1.361165102571249008e-02,2.548055537045001984e-02,2.560239285230636597e-02,3.670246899127960205e-02,2.359979599714279175e-02,3.614443540573120117e-02,1.708185113966464996e-02,7.188787311315536499e-02,6.042008474469184875e-02,8.554899692535400391e-02,4.642021283507347107e-02,1.773503609001636505e-02,8.823199896141886711e-04,0.000000000000000000e+00,0.000000000000000000e+00,0.000000000000000000e+00,0.000000000000000000e+00,1.149868709035217762e-03,0.000000000000000000e+00,0.000000000000000000e+00,0.000000000000000000e+00,0.000000000000000000e+00,0.000000000000000000e+00,0.000000000000000000e+00,6.828085985034704208e-03,3.353817388415336609e-03,1.544834021478891373e-02,2.589332871139049530e-02,5.440041795372962952e-02,8.610823005437850952e-02,8.555915951728820801e-02,1.141885370016098022e-01,1.138645485043525696e-01,1.099304407835006714e-01,1.249482482671737671e-01,1.366284936666488647e-01,1.130863353610038757e-01,1.043688505887985229e-01,1.145089790225028992e-01,7.189523428678512573e-02,8.024147152900695801e-02,9.292927384376525879e-02,9.265565127134323120e-02,8.049409836530685425e-02,1.146165430545806885e-01,1.171004027128219604e-01,1.742381453514099121e-01,2.008894979953765869e-01,1.509396135807037354e-01,1.562873721122741699e-01,1.465475708246231079e-01,1.605105251073837280e-01,3.051643371582031250e-01,3.238184154033660889e-01,4.143787920475006104e-01,4.293506145477294922e-01,3.955174684524536133e-01,3.930485546588897705e-01,3.363973200321197510e-01,2.130172699689865112e-01,1.969496756792068481e-01,2.111458033323287964e-01,1.958636790513992310e-01,2.241795361042022705e-01,1.884212642908096313e-01,2.906980514526367188e-01,2.770527005195617676e-01,1.827703416347503662e-01,2.066520601511001587e-01,2.582454681396484375e-01,1.837383806705474854e-01,2.045699059963226318e-01,2.208131849765777588e-01,2.376600652933120728e-01,1.591678410768508911e-01,1.692384332418441772e-01,1.522641032934188843e-01,1.726186871528625488e-01,2.220313251018524170e-01,2.925513088703155518e-01,3.206524252891540527e-01,3.876346647739410400e-01,5.042317509651184082e-01,7.230547070503234863e-01,7.901517748832702637e-01,8.491368293762207031e-01,9.619088172912597656e-01,9.345449209213256836e-01,8.405616283416748047e-01
0.000000000000000000e+00,0.000000000000000000e+00,0.000000000000000000e+00,0.000000000000000000e+00,0.000000000000000000e+00,0.000000000000000000e+00,0.000000000000000000e+00,0.000000000000000000e+00,0.000000000000000000e+00,0.000000000000000000e+00,0.000000000000000000e+00,0.000000000000000000e+00,0.000000000000000000e+00,0.000000000000000000e+00,0.000000000000000000e+00,0.000000000000000000e+00,0.000000000000000000e+00,0.000000000000000000e+00,0.000000000000000000e+00,0.000000000000000000e+00,0.000000000000000000e+00,0.000000000000000000e+00,7.129957084544003010e-04,0.000000000000000000e+00,0.000000000000000000e+00,0.000000000000000000e+00,3.729584277607500553e-04,8.142135292291641235e-02,1.395140886306762695e-01,1.181432083249092102e-01,9.146028012037277222e-02,4.342962056398391724e-02,5.617770925164222717e-02,2.564435452222824097e-02,1.787955127656459808e-02,3.455752134323120117e-02,5.146967247128486633e-02,0.000000000000000000e+00,2.985441358759999275e-03,1.896249316632747650e-02,8.362355828285217285e-02,2.578364126384258270e-02,9.876279160380363464e-03,0.000000000000000000e+00,0.000000000000000000e+00,0.000000000000000000e+00,0.000000000000000000e+00,0.000000000000000000e+00,0.000000000000000000e+00,0.000000000000000000e+00,0.000000000000000000e+00,0.000000000000000000e+00,0.000000000000000000e+00,0.000000000000000000e+00,0.000000000000000000e+00,0.000000000000000000e+00,0.000000000000000000e+00,0.000000000000000000e+00,0.000000000000000000e+00,0.000000000000000000e+00,0.000000000000000000e+00,0.000000000000000000e+00,0.000000000000000000e+00,0.000000000000000000e+00,0.000000000000000000e+00,0.000000000000000000e+00,0.000000000000000000e+00,0.000000000000000000e+00,0.000000000000000000e+00,0.000000000000000000e+00,0.000000000000000000e+00,0.000000000000000000e+00,0.000000000000000000e+00,0.000000000000000000e+00,0.000000000000000000e+00,0.000000000000000000e+00,0.000000000000000000e+00,0.000000000000000000e+00,0.000000000000000000e+00,0.000000000000000000e+00,0.000000000000000000e+00,0.000000000000000000e+00,0.000000000000000000e+00,0.000000000000000000e+00,0.000000000000000000e+00,0.000000000000000000e+00,0.000000000000000000e+00,0.000000000000000000e+00,0.000000000000000000e+00,0.000000000000000000e+00,0.000000000000000000e+00,0.000000000000000000e+00,0.000000000000000000e+00,0.000000000000000000e+00,0.000000000000000000e+00,0.000000000000000000e+00,0.000000000000000000e+00,0.000000000000000000e+00,0.000000000000000000e+00,0.000000000000000000e+00,0.000000000000000000e+00,0.000000000000000000e+00,0.000000000000000000e+00,0.000000000000000000e+00,0.000000000000000000e+00,0.000000000000000000e+00,0.000000000000000000e+00,0.000000000000000000e+00,0.000000000000000000e+00,0.000000000000000000e+00,0.000000000000000000e+00,0.000000000000000000e+00,0.000000000000000000e+00,0.000000000000000000e+00,0.000000000000000000e+00,0.000000000000000000e+00,0.000000000000000000e+00,0.000000000000000000e+00,0.000000000000000000e+00,0.000000000000000000e+00,0.000000000000000000e+00,0.000000000000000000e+00,0.000000000000000000e+00,0.000000000000000000e+00,0.000000000000000000e+00,0.000000000000000000e+00,0.000000000000000000e+00,0.000000000000000000e+00,0.000000000000000000e+00,0.000000000000000000e+00,0.000000000000000000e+00,0.000000000000000000e+00,0.000000000000000000e+00,0.000000000000000000e+00,0.000000000000000000e+00,0.000000000000000000e+00,0.000000000000000000e+00,0.000000000000000000e+00,2.154489979147911072e-03,7.365835481323301792e-04,0.000000000000000000e+00,2.359695732593536377e-02,4.996855184435844421e-02,1.151538733392953873e-02,1.525127235800027847e-02,1.301179453730583191e-02,2.060242556035518646e-02,1.251369435340166092e-02,1.129844039678573608e-02,2.328820340335369110e-02,1.324758399277925491e-02,3.354350477457046509e-02,3.341329470276832581e-02,4.305639490485191345e-02,5.922530964016914368e-02,5.649025365710258484e-02,7.112087309360504150e-02,2.627663314342498779e-02,0.000000000000000000e+00,0.000000000000000000e+00,9.766190778464078903e-04,7.942212745547294617e-03,0.000000000000000000e+00,0.000000000000000000e+00,0.000000000000000000e+00,0.000000000000000000e+00,0.000000000000000000e+00,0.000000000000000000e+00,0.000000000000000000e+00,0.000000000000000000e+00,7.122995797544717789e-03,2.743270993232727051e-02,1.708251424133777618e-02,1.835013367235660553e-02,2.278913743793964386e-02,3.940926864743232727e-02,8.167595416307449341e-02,7.572872191667556763e-02,6.822703778743743896e-02,5.671674758195877075e-02,6.407763063907623291e-02,8.631134778261184692e-02,9.702005982398986816e-02,8.948124945163726807e-02,8.188492804765701294e-02,9.459791332483291626e-02,4.847105965018272400e-02,4.186313599348068237e-02,5.594142153859138489e-02,7.729916274547576904e-02,1.112957373261451721e-01,1.521188765764236450e-01,1.696693003177642822e-01,1.535038352012634277e-01,2.239667773246765137e-01,1.869462579488754272e-01,1.729760318994522095e-01,1.733748614788055420e-01,1.780540943145751953e-01,2.271563708782196045e-01,3.019611239433288574e-01,3.201981186866760254e-01,3.741879165172576904e-01,3.698683977127075195e-01,3.192748725414276123e-01,2.828090190887451172e-01,1.847891509532928467e-01,2.068383693695068359e-01,1.776360124349594116e-01,1.633547991514205933e-01,1.820194274187088013e-01,1.958205401897430420e-01,2.447547167539596558e-01,1.831313818693161011e-01,1.106470748782157898e-01,8.145747333765029907e-02,1.320249885320663452e-01,9.185085445642471313e-02,9.713383018970489502e-02,1.215497180819511414e-01,1.647220551967620850e-01,1.108801439404487610e-01,9.128160774707794189e-02,1.199560165405273438e-01,2.766282483935356140e-02,7.701598852872848511e-02,2.220891863107681274e-01,3.055534660816192627e-01,4.359378814697265625e-01,4.976911544799804688e-01,6.235830187797546387e-01,8.185527920722961426e-01,9.082522392272949219e-01,1.070884704589843750e+00,1.048053383827209473e+00,8.309206962585449219e-01
0.000000000000000000e+00,0.000000000000000000e+00,0.000000000000000000e+00,0.000000000000000000e+00,0.000000000000000000e+00,0.000000000000000000e+00,0.000000000000000000e+00,0.000000000000000000e+00,0.000000000000000000e+00,0.000000000000000000e+00,0.000000000000000000e+00,0.000000000000000000e+00,0.000000000000000000e+00,0.000000000000000000e+00,0.000000000000000000e+00,0.000000000000000000e+00,0.000000000000000000e+00,0.000000000000000000e+00,0.000000000000000000e+00,1.592868193984031677e-02,7.921250909566879272e-02,0.000000000000000000e+00,3.307908177375793457e-01,3.244592547416687012e-01,3.341295123100280762e-01,2.845648825168609619e-01,1.994210630655288696e-01,0.000000000000000000e+00,0.000000000000000000e+00,9.283023886382579803e-03,0.000000000000000000e+00,0.000000000000000000e+00,0.000000000000000000e+00,0.000000000000000000e+00,1.103253290057182312e-02,0.000000000000000000e+00,0.000000000000000000e+00,0.000000000000000000e+00,0.000000000000000000e+00,1.644850149750709534e-02,5.611398071050643921e-02,1.219021435827016830e-02,1.123369554989039898e-03,0.000000000000000000e+00,0.000000000000000000e+00,0.000000000000000000e+00,0.000000000000000000e+00,0.000000000000000000e+00,0.000000000000000000e+00,0.000000000000000000e+00,0.000000000000000000e+00,0.000000000000000000e+00,0.000000000000000000e+00,0.000000000000000000e+00,0.000000000000000000e+00,0.000000000000000000e+00,0.000000000000000000e+00,0.000000000000000000e+00,0.000000000000000000e+00,0.000000000000000000e+00,0.000000000000000000e+00,0.000000000000000000e+00,0.000000000000000000e+00,0.000000000000000000e+00,0.000000000000000000e+00,0.000000000000000000e+00,0.000000000000000000e+00,0.000000000000000000e+00,0.000000000000000000e+00,0.000000000000000000e+00,0.000000000000000000e+00,0.000000000000000000e+00,0.000000000000000000e+00,0.000000000000000000e+00,0.000000000000000000e+00,0.000000000000000000e+00,0.000000000000000000e+00,0.000000000000000000e+00,0.000000000000000000e+00,0.000000000000000000e+00,0.000000000000000000e+00,0.000000000000000000e+00,0.000000000000000000e+00,0.000000000000000000e+00,0.000000000000000000e+00,0.000000000000000000e+00,0.000000000000000000e+00,0.000000000000000000e+00,0.000000000000000000e+00,0.000000000000000000e+00,0.000000000000000000e+00,0.000000000000000000e+00,0.000000000000000000e+00,0.000000000000000000e+00,0.000000000000000000e+00,0.000000000000000000e+00,0.000000000000000000e+00,0.000000000000000000e+00,0.000000000000000000e+00,0.000000000000000000e+00,0.000000000000000000e+00,0.000000000000000000e+00,0.000000000000000000e+00,0.000000000000000000e+00,0.000000000000000000e+00,0.000000000000000000e+00,0.000000000000000000e+00,0.000000000000000000e+00,0.000000000000000000e+00,0.000000000000000000e+00,0.000000000000000000e+00,0.000000000000000000e+00,0.000000000000000000e+00,0.000000000000000000e+00,0.000000000000000000e+00,0.000000000000000000e+00,0.000000000000000000e+00,0.000000000000000000e+00,0.000000000000000000e+00,0.000000000000000000e+00,0.000000000000000000e+00,0.000000000000000000e+00,0.000000000000000000e+00,0.000000000000000000e+00,0.000000000000000000e+00,0.000000000000000000e+00,0.000000000000000000e+00,0.000000000000000000e+00,0.000000000000000000e+00,0.000000000000000000e+00,0.000000000000000000e+00,0.000000000000000000e+00,0.000000000000000000e+00,0.000000000000000000e+00,0.000000000000000000e+00,0.000000000000000000e+00,0.000000000000000000e+00,0.000000000000000000e+00,0.000000000000000000e+00,0.000000000000000000e+00,4.148495499975979328e-04,5.713696777820587158e-02,5.625731498003005981e-02,4.116587713360786438e-02,4.031880199909210205e-02,3.488092496991157532e-02,1.451123040169477463e-02,1.188457477837800980e-02,7.651337422430515289e-03,1.597869209945201874e-02,2.219400368630886078e-02,3.432808071374893188e-02,7.361509371548891068e-03,2.399544976651668549e-02,4.160457476973533630e-02,9.946607053279876709e-03,3.873710706830024719e-02,0.000000000000000000e+00,0.000000000000000000e+00,1.730485353618860245e-03,1.293398533016443253e-02,7.631812244653701782e-03,0.000000000000000000e+00,0.000000000000000000e+00,0.000000000000000000e+00,0.000000000000000000e+00,0.000000000000000000e+00,0.000000000000000000e+00,0.000000000000000000e+00,1.204552245326340199e-03,1.194091048091650009e-02,1.775641925632953644e-02,1.822770386934280396e-02,1.997137814760208130e-02,2.159958332777023315e-02,2.789191529154777527e-02,5.554480105638504028e-02,6.546939164400100708e-02,5.140187591314315796e-02,4.163125157356262207e-02,6.315843015909194946e-02,5.807275697588920593e-02,7.798416912555694580e-02,9.068117290735244751e-02,6.863392144441604614e-02,1.086506992578506470e-01,6.667541712522506714e-02,4.611150175333023071e-02,4.236355423927307129e-02,1.098971515893936157e-01,1.337388604879379272e-01,1.792968660593032837e-01,1.721282303333282471e-01,1.381244957447052002e-01,1.916810125112533569e-01,2.350544631481170654e-01,2.008445858955383301e-01,1.707725673913955688e-01,1.778453737497329712e-01,2.071755975484848022e-01,2.648261189460754395e-01,2.962614893913269043e-01,3.294448554515838623e-01,3.073828220367431641e-01,3.397397100925445557e-01,3.624889254570007324e-01,1.730534136295318604e-01,1.415302306413650513e-01,1.415246278047561646e-01,1.341031342744827271e-01,1.214907169342041016e-01,1.679163724184036255e-01,1.590582728385925293e-01,1.763727068901062012e-01,1.635678410530090332e-01,1.170066520571708679e-01,8.769714832305908203e-02,1.099150553345680237e-01,8.110842853784561157e-02,7.821558415889739990e-02,1.229117959737777710e-01,1.998877525329589844e-01,1.469539403915405273e-01,1.344319880008697510e-01,1.187830194830894470e-01,5.108462646603584290e-02,1.591707468032836914e-01,3.220323324203491211e-01,4.181439578533172607e-01,6.180796623229980469e-01,8.221430182456970215e-01,9.493398666381835938e-01,9.545381665229797363e-01,9.565623998641967773e-01,8.654626607894897461e-01,7.287001609802246094e-01
0.000000000000000000e+00,0.000000000000000000e+00,0.000000000000000000e+00,0.000000000000000000e+00,0.000000000000000000e+00,0.000000000000000000e+00,0.000000000000000000e+00,0.000000000000000000e+00,0.000000000000000000e+00,0.000000000000000000e+00,0.000000000000000000e+00,0.000000000000000000e+00,0.000000000000000000e+00,0.000000000000000000e+00,0.000000000000000000e+00,0.000000000000000000e+00,0.000000000000000000e+00,0.000000000000000000e+00,0.000000000000000000e+00,2.781713148579001427e-03,1.469187065958976746e-02,0.000000000000000000e+00,2.879323363304138184e-01,2.930519580841064453e-01,3.084955811500549316e-01,2.724332213401794434e-01,1.885454654693603516e-01,0.000000000000000000e+00,1.596106588840484619e-02,7.112372666597366333e-02,0.000000000000000000e+00,0.000000000000000000e+00,0.000000000000000000e+00,0.000000000000000000e+00,3.984362259507179260e-02,0.000000000000000000e+00,0.000000000000000000e+00,0.000000000000000000e+00,0.000000000000000000e+00,0.000000000000000000e+00,2.999162243213504553e-04,0.000000000000000000e+00,0.000000000000000000e+00,0.000000000000000000e+00,0.000000000000000000e+00,0.000000000000000000e+00,0.000000000000000000e+00,0.000000000000000000e+00,0.000000000000000000e+00,0.000000000000000000e+00,0.000000000000000000e+00,0.000000000000000000e+00,0.000000000000000000e+00,0.000000000000000000e+00,0.000000000000000000e+00,0.000000000000000000e+00,0.000000000000000000e+00,0.000000000000000000e+00,0.000000000000000000e+00,0.000000000000000000e+00,0.000000000000000000e+00,0.000000000000000000e+00,0.000000000000000000e+00,0.000000000000000000e+00,0.000000000000000000e+00,0.000000000000000000e+00,0.000000000000000000e+00,0.000000000000000000e+00,0.000000000000000000e+00,0.000000000000000000e+00,0.000000000000000000e+00,0.000000000000000000e+00,0.000000000000000000e+00,0.000000000000000000e+00,0.000000000000000000e+00,0.000000000000000000e+00,0.000000000000000000e+00,0.000000000000000000e+00,0.000000000000000000e+00,0.000000000000000000e+00,0.000000000000000000e+00,0.000000000000000000e+00,0.000000000000000000e+00,0.000000000000000000e+00,0.000000000000000000e+00,0.000000000000000000e+00,0.000000000000000000e+00,0.000000000000000000e+00,0.000000000000000000e+00,0.000000000000000000e+00,0.000000000000000000e+00,0.000000000000000000e+00,0.000000000000000000e+00,0.000000000000000000e+00,0.000000000000000000e+00,0.000000000000000000e+00,0.000000000000000000e+00,0.000000000000000000e+00,0.000000000000000000e+00,0.000000000000000000e+00,0.000000000000000000e+00,0.000000000000000000e+00,0.000000000000000000e+00,0.000000000000000000e+00,0.000000000000000000e+00,0.000000000000000000e+00,0.000000000000000000e+00,0.000000000000000000e+00,0.000000000000000000e+00,0.000000000000000000e+00,0.000000000000000000e+00,0.000000000000000000e+00,0.000000000000000000e+00,0.000000000000000000e+00,0.000000000000000000e+00,0.000000000000000000e+00,0.000000000000000000e+00,0.000000000000000000e+00,0.000000000000000000e+00,0.000000000000000000e+00,0.000000000000000000e+00,0.000000000000000000e+00,0.000000000000000000e+00,0.000000000000000000e+00,0.000000000000000000e+00,0.000000000000000000e+00,0.000000000000000000e+00,0.000000000000000000e+00,0.000000000000000000e+00,0.000000000000000000e+00,0.000000000000000000e+00,0.000000000000000000e+00,0.000000000000000000e+00,0.000000000000000000e+00,0.000000000000000000e+00,0.000000000000000000e+00,0.000000000000000000e+00,0.000000000000000000e+00,0.000000000000000000e+00,0.000000000000000000e+00,1.576127298176288605e-02,6.362850964069366455e-02,5.176274850964546204e-02,3.315677493810653687e-02,4.016758501529693604e-02,3.543727099895477295e-02,2.768970839679241180e-02,1.463848073035478592e-02,5.767608061432838440e-03,1.700599677860736847e-02,7.903378456830978394e-03,2.955683157779276371e-04,0.000000000000000000e+00,6.543938070535659790e-04,1.286305859684944153e-02,3.486242145299911499e-03,0.000000000000000000e+00,0.000000000000000000e+00,3.993929713033139706e-04,1.127266231924295425e-02,5.928612314164638519e-03,2.023731824010610580e-03,3.797749523073434830e-03,3.868198487907648087e-03,2.913737203925848007e-03,0.000000000000000000e+00,0.000000000000000000e+00,0.000000000000000000e+00,4.940449725836515427e-03,0.000000000000000000e+00,1.174826407805085182e-03,1.259121485054492950e-02,2.039331384003162384e-02,2.551471069455146790e-02,3.168308362364768982e-02,3.818149864673614502e-02,5.505962669849395752e-02,5.270273983478546143e-02,5.681842193007469177e-02,2.029431425034999847e-02,4.842261597514152527e-02,9.208589792251586914e-02,1.013171225786209106e-01,1.015807464718818665e-01,9.950195997953414917e-02,9.055750817060470581e-02,7.457139343023300171e-02,8.624920248985290527e-02,4.709362983703613281e-02,1.006026491522789001e-01,1.074703261256217957e-01,1.758023053407669067e-01,2.124813795089721680e-01,1.673772484064102173e-01,1.777770370244979858e-01,1.844778358936309814e-01,1.888662725687026978e-01,2.031124830245971680e-01,1.492762416601181030e-01,1.703587919473648071e-01,2.049409449100494385e-01,2.406727075576782227e-01,2.486606538295745850e-01,2.225716859102249146e-01,2.489969283342361450e-01,2.034686356782913208e-01,1.174035444855690002e-01,7.568597793579101562e-02,1.137663945555686951e-01,1.010212376713752747e-01,7.622087746858596802e-02,9.603267908096313477e-02,1.266143471002578735e-01,1.264569163322448730e-01,1.215026825666427612e-01,1.348724663257598877e-01,1.324609071016311646e-01,1.826451122760772705e-01,1.138450503349304199e-01,9.958992898464202881e-02,1.320042908191680908e-01,1.640318036079406738e-01,1.795661449432373047e-01,2.254966944456100464e-01,1.578043848276138306e-01,1.018554121255874634e-01,1.428765058517456055e-01,2.831567227840423584e-01,3.435675501823425293e-01,5.514250993728637695e-01,6.859215497970581055e-01,8.213449120521545410e-01,8.148770332336425781e-01,8.195695877075195312e-01,7.491025924682617188e-01,6.234624981880187988e-01
0.000000000000000000e+00,0.000000000000000000e+00,0.000000000000000000e+00,0.000000000000000000e+00,0.000000000000000000e+00,0.000000000000000000e+00,0.000000000000000000e+00,0.000000000000000000e+00,0.000000000000000000e+00,0.000000000000000000e+00,0.000000000000000000e+00,0.000000000000000000e+00,0.000000000000000000e+00,0.000000000000000000e+00,0.000000000000000000e+00,0.000000000000000000e+00,0.000000000000000000e+00,0.000000000000000000e+00,0.000000000000000000e+00,0.000000000000000000e+00,0.000000000000000000e+00,0.000000000000000000e+00,0.000000000000000000e+00,0.000000000000000000e+00,1.394901424646377563e-02,1.033577509224414825e-02,1.786190271377563477e-02,9.988418314605951309e-04,2.102733217179775238e-02,0.000000000000000000e+00,0.000000000000000000e+00,0.000000000000000000e+00,0.000000000000000000e+00,7.083247601985931396e-02,0.000000000000000000e+00,0.000000000000000000e+00,0.000000000000000000e+00,0.000000000000000000e+00,0.000000000000000000e+00,0.000000000000000000e+00,0.000000000000000000e+00,0.000000000000000000e+00,0.000000000000000000e+00,0.000000000000000000e+00,0.000000000000000000e+00,0.000000000000000000e+00,0.000000000000000000e+00,0.000000000000000000e+00,0.000000000000000000e+00,0.000000000000000000e+00,0.000000000000000000e+00,0.000000000000000000e+00,0.000000000000000000e+00,0.000000000000000000e+00,0.000000000000000000e+00,0.000000000000000000e+00,0.000000000000000000e+00,0.000000000000000000e+00,0.000000000000000000e+00,0.000000000000000000e+00,0.000000000000000000e+00,0.000000000000000000e+00,0.000000000000000000e+00,0.000000000000000000e+00,0.000000000000000000e+00,0.000000000000000000e+00,0.000000000000000000e+00,0.000000000000000000e+00,0.000000000000000000e+00,0.000000000000000000e+00,0.000000000000000000e+00,0.000000000000000000e+00,0.000000000000000000e+00,0.000000000000000000e+00,0.000000000000000000e+00,0.000000000000000000e+00,0.000000000000000000e+00,0.000000000000000000e+00,0.000000000000000000e+00,0.000000000000000000e+00,0.000000000000000000e+00,0.000000000000000000e+00,0.000000000000000000e+00,0.000000000000000000e+00,0.000000000000000000e+00,0.000000000000000000e+00,0.000000000000000000e+00,0.000000000000000000e+00,0.000000000000000000e+00,0.000000000000000000e+00,0.000000000000000000e+00,0.000000000000000000e+00,0.000000000000000000e+00,0.000000000000000000e+00,0.000000000000000000e+00,0.000000000000000000e+00,0.000000000000000000e+00,0.000000000000000000e+00,0.000000000000000000e+00,0.000000000000000000e+00,0.000000000000000000e+00,0.000000000000000000e+00,0.000000000000000000e+00,0.000000000000000000e+00,0.000000000000000000e+00,0.000000000000000000e+00,0.000000000000000000e+00,0.000000000000000000e+00,0.000000000000000000e+00,0.000000000000000000e+00,0.000000000000000000e+00,0.000000000000000000e+00,0.000000000000000000e+00,0.000000000000000000e+00,0.000000000000000000e+00,0.000000000000000000e+00,0.000000000000000000e+00,0.000000000000000000e+00,0.000000000000000000e+00,0.000000000000000000e+00,0.000000000000000000e+00,0.000000000000000000e+00,0.000000000000000000e+00,0.000000000000000000e+00,0.000000000000000000e+00,0.000000000000000000e+00,0.000000000000000000e+00,0.000000000000000000e+00,0.000000000000000000e+00,0.000000000000000000e+00,0.000000000000000000e+00,0.000000000000000000e+00,0.000000000000000000e+00,0.000000000000000000e+00,0.000000000000000000e+00,0.000000000000000000e+00,0.000000000000000000e+00,0.000000000000000000e+00,0.000000000000000000e+00,2.917989855632185936e-03,2.169512771070003510e-02,3.986540064215660095e-02,4.408560693264007568e-02,7.157104462385177612e-02,2.816623449325561523e-02,4.094146192073822021e-02,5.140857025980949402e-02,2.646969258785247803e-02,2.739549241960048676e-02,3.801116347312927246e-02,2.309370413422584534e-02,0.000000000000000000e+00,1.916777342557907104e-03,0.000000000000000000e+00,0.000000000000000000e+00,0.000000000000000000e+00,0.000000000000000000e+00,0.000000000000000000e+00,2.490809932351112366e-02,2.767144702374935150e-02,4.198269546031951904e-02,2.718609943985939026e-02,3.620110824704170227e-02,3.745289146900177002e-02,2.869481965899467468e-02,1.312905363738536835e-02,0.000000000000000000e+00,0.000000000000000000e+00,1.643848419189453125e-02,8.023641072213649750e-03,0.000000000000000000e+00,1.179159246385097504e-02,2.167566865682601929e-02,3.765404224395751953e-02,4.533062502741813660e-02,3.612602502107620239e-02,4.540708661079406738e-02,4.599549993872642517e-02,3.321711346507072449e-02,1.162277348339557648e-02,1.223606895655393600e-02,2.886317856609821320e-02,5.981907993555068970e-02,8.924525231122970581e-02,8.567498624324798584e-02,6.836292892694473267e-02,1.079925075173377991e-01,1.019187793135643005e-01,8.455086499452590942e-02,1.357645541429519653e-01,1.295827180147171021e-01,1.817062944173812866e-01,1.927626878023147583e-01,1.275623291730880737e-01,8.368274569511413574e-02,1.113088056445121765e-01,1.394381672143936157e-01,1.289247870445251465e-01,1.240174770355224609e-01,1.019101217389106750e-01,1.348145008087158203e-01,1.637717038393020630e-01,1.334619522094726562e-01,1.221201643347740173e-01,2.041205018758773804e-01,2.357470840215682983e-01,1.849687248468399048e-01,2.404065281152725220e-01,2.439032495021820068e-01,2.417073994874954224e-01,1.448512971401214600e-01,1.662274301052093506e-01,1.812041252851486206e-01,1.667721122503280640e-01,1.325868368148803711e-01,1.149842217564582825e-01,1.676622331142425537e-01,1.930024027824401855e-01,2.341778725385665894e-01,1.472573727369308472e-01,2.947315275669097900e-01,1.610321998596191406e-01,1.321527361869812012e-01,1.884776204824447632e-01,1.106880381703376770e-01,1.603188961744308472e-01,3.857051730155944824e-01,4.869807362556457520e-01,4.314092695713043213e-01,5.597495436668395996e-01,6.623082160949707031e-01,6.635747551918029785e-01,7.003218531608581543e-01,7.118590474128723145e-01,6.655609607696533203e-01,5.969892740249633789e-01
0.000000000000000000e+00,0.000000000000000000e+00,0.000000000000000000e+00,0.000000000000000000e+00,0.000000000000000000e+00,0.000000000000000000e+00,0.000000000000000000e+00,0.000000000000000000e+00,0.000000000000000000e+00,0.000000000000000000e+00,0.000000000000000000e+00,0.000000000000000000e+00,0.000000000000000000e+00,0.000000000000000000e+00,0.000000000000000000e+00,0.000000000000000000e+00,0.000000000000000000e+00,0.000000000000000000e+00,0.000000000000000000e+00,0.000000000000000000e+00,0.000000000000000000e+00,0.000000000000000000e+00,0.000000000000000000e+00,0.000000000000000000e+00,2.655836939811706543e-02,0.000000000000000000e+00,0.000000000000000000e+00,0.000000000000000000e+00,0.000000000000000000e+00,0.000000000000000000e+00,0.000000000000000000e+00,0.000000000000000000e+00,0.000000000000000000e+00,8.215262787416577339e-04,0.000000000000000000e+00,0.000000000000000000e+00,0.000000000000000000e+00,0.000000000000000000e+00,0.000000000000000000e+00,0.000000000000000000e+00,0.000000000000000000e+00,0.000000000000000000e+00,0.000000000000000000e+00,0.000000000000000000e+00,0.000000000000000000e+00,0.000000000000000000e+00,0.000000000000000000e+00,0.000000000000000000e+00,0.000000000000000000e+00,0.000000000000000000e+00,0.000000000000000000e+00,0.000000000000000000e+00,0.000000000000000000e+00,0.000000000000000000e+00,0.000000000000000000e+00,0.000000000000000000e+00,0.000000000000000000e+00,0.000000000000000000e+00,0.000000000000000000e+00,0.000000000000000000e+00,0.000000000000000000e+00,0.000000000000000000e+00,0.000000000000000000e+00,0.000000000000000000e+00,0.000000000000000000e+00,0.000000000000000000e+00,0.000000000000000000e+00,0.000000000000000000e+00,0.000000000000000000e+00,0.000000000000000000e+00,0.000000000000000000e+00,0.000000000000000000e+00,0.000000000000000000e+00,0.000000000000000000e+00,0.000000000000000000e+00,0.000000000000000000e+00,0.000000000000000000e+00,0.000000000000000000e+00,0.000000000000000000e+00,0.000000000000000000e+00,0.000000000000000000e+00,0.000000000000000000e+00,0.000000000000000000e+00,0.000000000000000000e+00,0.000000000000000000e+00,0.000000000000000000e+00,0.000000000000000000e+00,0.000000000000000000e+00,0.000000000000000000e+00,0.000000000000000000e+00,0.000000000000000000e+00,0.000000000000000000e+00,0.000000000000000000e+00,0.000000000000000000e+00,0.000000000000000000e+00,0.000000000000000000e+00,0.000000000000000000e+00,0.000000000000000000e+00,0.000000000000000000e+00,0.000000000000000000e+00,0.000000000000000000e+00,0.000000000000000000e+00,0.000000000000000000e+00,0.000000000000000000e+00,0.000000000000000000e+00,0.000000000000000000e+00,0.000000000000000000e+00,0.000000000000000000e+00,0.000000000000000000e+00,0.000000000000000000e+00,0.000000000000000000e+00,0.000000000000000000e+00,0.000000000000000000e+00,0.000000000000000000e+00,0.000000000000000000e+00,0.000000000000000000e+00,0.000000000000000000e+00,0.000000000000000000e+00,0.000000000000000000e+00,0.000000000000000000e+00,0.000000000000000000e+00,0.000000000000000000e+00,0.000000000000000000e+00,0.000000000000000000e+00,0.000000000000000000e+00,0.000000000000000000e+00,0.000000000000000000e+00,0.000000000000000000e+00,0.000000000000000000e+00,0.000000000000000000e+00,0.000000000000000000e+00,0.000000000000000000e+00,0.000000000000000000e+00,0.000000000000000000e+00,0.000000000000000000e+00,0.000000000000000000e+00,0.000000000000000000e+00,0.000000000000000000e+00,1.064545847475528717e-02,2.854909561574459076e-02,4.976393282413482666e-02,6.022839620709419250e-02,6.111547723412513733e-02,3.728718683123588562e-02,3.900099545717239380e-02,6.730386614799499512e-02,5.660674348473548889e-02,5.085457116365432739e-02,3.039386868476867676e-02,8.361917920410633087e-03,9.359939955174922943e-03,0.000000000000000000e+00,0.000000000000000000e+00,0.000000000000000000e+00,0.000000000000000000e+00,0.000000000000000000e+00,0.000000000000000000e+00,0.000000000000000000e+00,0.000000000000000000e+00,2.621117234230041504e-02,2.814161032438278198e-02,1.444162987172603607e-02,1.922091469168663025e-02,1.643307693302631378e-02,1.525996625423431396e-02,1.508564595133066177e-02,0.000000000000000000e+00,9.691689163446426392e-03,4.534145817160606384e-03,2.755099534988403320e-02,3.836012259125709534e-02,4.516030661761760712e-03,4.824285395443439484e-03,1.716980896890163422e-02,2.641374431550502777e-02,3.080635890364646912e-02,5.285005271434783936e-02,5.731850117444992065e-02,3.522259369492530823e-02,2.135768160223960876e-02,2.681009285151958466e-02,1.924323663115501404e-02,2.760860696434974670e-02,4.341970384120941162e-02,5.262346565723419189e-02,5.091892555356025696e-02,8.885026723146438599e-02,5.752494186162948608e-02,1.051129326224327087e-01,1.528279185295104980e-01,1.738816350698471069e-01,1.314250677824020386e-01,1.264048814773559570e-01,1.232889741659164429e-01,7.870582491159439087e-02,9.554114937782287598e-02,1.032268181443214417e-01,1.360203623771667480e-01,1.031686365604400635e-01,1.446236073970794678e-01,1.330547928810119629e-01,1.176673248410224915e-01,1.542668342590332031e-01,2.321099638938903809e-01,3.521110117435455322e-01,3.900507092475891113e-01,2.964993715286254883e-01,3.425296545028686523e-01,3.401785790920257568e-01,3.224949538707733154e-01,2.714839875698089600e-01,2.299685925245285034e-01,2.075016796588897705e-01,1.251296848058700562e-01,1.386748254299163818e-01,2.090871185064315796e-01,2.111959457397460938e-01,3.889143168926239014e-01,3.183310329914093018e-01,3.470502495765686035e-01,2.967945933341979980e-01,2.065615057945251465e-01,2.444430440664291382e-01,1.511105597019195557e-01,2.344311326742172241e-01,2.842859029769897461e-01,4.078308939933776855e-01,4.115106463432312012e-01,4.194090962409973145e-01,4.859112501144409180e-01,6.109580397605895996e-01,6.135338544845581055e-01,6.001206636428833008e-01,6.185512542724609375e-01,5.947334170341491699e-01,6.238496899604797363e-01
0.000000000000000000e+00,0.000000000000000000e+00,0.000000000000000000e+00,0.000000000000000000e+00,0.000000000000000000e+00,0.000000000000000000e+00,0.000000000000000000e+00,0.000000000000000000e+00,0.000000000000000000e+00,0.000000000000000000e+00,0.000000000000000000e+00,0.000000000000000000e+00,0.000000000000000000e+00,0.000000000000000000e+00,0.000000000000000000e+00,0.000000000000000000e+00,0.000000000000000000e+00,0.000000000000000000e+00,0.000000000000000000e+00,0.000000000000000000e+00,0.000000000000000000e+00,0.000000000000000000e+00,0.000000000000000000e+00,0.000000000000000000e+00,1.691240631043910980e-02,0.000000000000000000e+00,0.000000000000000000e+00,0.000000000000000000e+00,0.000000000000000000e+00,0.000000000000000000e+00,0.000000000000000000e+00,0.000000000000000000e+00,0.000000000000000000e+00,0.000000000000000000e+00,0.000000000000000000e+00,0.000000000000000000e+00,0.000000000000000000e+00,0.000000000000000000e+00,0.000000000000000000e+00,0.000000000000000000e+00,0.000000000000000000e+00,0.000000000000000000e+00,0.000000000000000000e+00,0.000000000000000000e+00,0.000000000000000000e+00,0.000000000000000000e+00,0.000000000000000000e+00,0.000000000000000000e+00,0.000000000000000000e+00,0.000000000000000000e+00,0.000000000000000000e+00,0.000000000000000000e+00,0.000000000000000000e+00,0.000000000000000000e+00,0.000000000000000000e+00,0.000000000000000000e+00,0.000000000000000000e+00,0.000000000000000000e+00,0.000000000000000000e+00,0.000000000000000000e+00,0.000000000000000000e+00,0.000000000000000000e+00,0.000000000000000000e+00,0.000000000000000000e+00,0.000000000000000000e+00,0.000000000000000000e+00,0.000000000000000000e+00,0.000000000000000000e+00,0.000000000000000000e+00,0.000000000000000000e+00,0.000000000000000000e+00,0.000000000000000000e+00,0.000000000000000000e+00,0.000000000000000000e+00,0.000000000000000000e+00,0.000000000000000000e+00,0.000000000000000000e+00,0.000000000000000000e+00,0.000000000000000000e+00,0.000000000000000000e+00,0.000000000000000000e+00,0.000000000000000000e+00,0.000000000000000000e+00,0.000000000000000000e+00,0.000000000000000000e+00,0.000000000000000000e+00,0.000000000000000000e+00,0.000000000000000000e+00,0.000000000000000000e+00,0.000000000000000000e+00,0.000000000000000000e+00,0.000000000000000000e+00,0.000000000000000000e+00,0.000000000000000000e+00,0.000000000000000000e+00,0.000000000000000000e+00,0.000000000000000000e+00,0.000000000000000000e+00,0.000000000000000000e+00,0.000000000000000000e+00,0.000000000000000000e+00,0.000000000000000000e+00,0.000000000000000000e+00,0.000000000000000000e+00,0.000000000000000000e+00,0.000000000000000000e+00,0.000000000000000000e+00,0.000000000000000000e+00,0.000000000000000000e+00,0.000000000000000000e+00,0.000000000000000000e+00,0.000000000000000000e+00,0.000000000000000000e+00,0.000000000000000000e+00,0.000000000000000000e+00,0.000000000000000000e+00,0.000000000000000000e+00,0.000000000000000000e+00,0.000000000000000000e+00,0.000000000000000000e+00,0.000000000000000000e+00,0.000000000000000000e+00,0.000000000000000000e+00,0.000000000000000000e+00,0.000000000000000000e+00,0.000000000000000000e+00,0.000000000000000000e+00,0.000000000000000000e+00,0.000000000000000000e+00,0.000000000000000000e+00,0.000000000000000000e+00,0.000000000000000000e+00,0.000000000000000000e+00,0.000000000000000000e+00,0.000000000000000000e+00,0.000000000000000000e+00,7.925254292786121368e-03,1.082612667232751846e-02,2.443641424179077148e-02,3.849055618047714233e-02,4.632397741079330444e-02,5.794309079647064209e-02,4.618514329195022583e-02,5.317123606801033020e-02,1.005490403622388840e-02,3.682600706815719604e-02,7.554197311401367188e-02,1.049986407160758972e-01,6.042874604463577271e-02,1.251825364306569099e-03,0.000000000000000000e+00,0.000000000000000000e+00,0.000000000000000000e+00,0.000000000000000000e+00,0.000000000000000000e+00,0.000000000000000000e+00,0.000000000000000000e+00,0.000000000000000000e+00,0.000000000000000000e+00,0.000000000000000000e+00,5.606671795248985291e-03,1.279522851109504700e-02,1.534151472151279449e-02,1.703077927231788635e-02,3.195894882082939148e-02,2.392475493252277374e-02,5.482666660100221634e-03,4.095475375652313232e-02,1.313558500260114670e-02,1.445031538605690002e-02,1.483822893351316452e-02,1.423611072823405266e-03,2.917173551395535469e-03,1.215343084186315536e-02,1.416659541428089142e-02,1.450099144130945206e-02,2.004271373152732849e-02,2.192441746592521667e-02,1.996872387826442719e-02,3.659726306796073914e-02,4.558953270316123962e-02,2.190742269158363342e-02,1.821751706302165985e-02,3.187877312302589417e-02,3.624545410275459290e-02,4.549629986286163330e-02,7.322454452514648438e-02,1.157255917787551880e-01,1.589848399162292480e-01,1.780063211917877197e-01,1.840021610260009766e-01,2.057217359542846680e-01,2.076904475688934326e-01,2.082106024026870728e-01,2.135828882455825806e-01,2.346945255994796753e-01,2.304597944021224976e-01,2.799054086208343506e-01,3.199051618576049805e-01,3.469223082065582275e-01,2.897261083126068115e-01,3.090637922286987305e-01,3.892688453197479248e-01,4.623539149761199951e-01,4.306271672248840332e-01,4.074719548225402832e-01,2.736244499683380127e-01,3.200827240943908691e-01,4.030820429325103760e-01,3.670839965343475342e-01,1.588621586561203003e-01,8.038947731256484985e-02,1.143263056874275208e-01,1.137229576706886292e-01,1.378342658281326294e-01,1.451786458492279053e-01,9.549332410097122192e-02,1.311337053775787354e-01,1.236220225691795349e-01,1.733574569225311279e-01,2.448906749486923218e-01,3.777089715003967285e-01,2.585738599300384521e-01,2.654819488525390625e-01,2.197706103324890137e-01,2.041189819574356079e-01,1.147308871150016785e-01,1.517115533351898193e-01,3.194372057914733887e-01,3.714242279529571533e-01,4.534020423889160156e-01,3.871850967407226562e-01,3.984009325504302979e-01,4.706152379512786865e-01,6.444722414016723633e-01,6.583441495895385742e-01
0.000000000000000000e+00,0.000000000000000000e+00,0.000000000000000000e+00,0.000000000000000000e+00,0.000000000000000000e+00,0.000000000000000000e+00,0.000000000000000000e+00,0.000000000000000000e+00,0.000000000000000000e+00,0.000000000000000000e+00,0.000000000000000000e+00,0.000000000000000000e+00,0.000000000000000000e+00,0.000000000000000000e+00,0.000000000000000000e+00,0.000000000000000000e+00,0.000000000000000000e+00,0.000000000000000000e+00,0.000000000000000000e+00,0.000000000000000000e+00,0.000000000000000000e+00,0.000000000000000000e+00,0.000000000000000000e+00,0.000000000000000000e+00,0.000000000000000000e+00,0.000000000000000000e+00,0.000000000000000000e+00,0.000000000000000000e+00,0.000000000000000000e+00,0.000000000000000000e+00,0.000000000000000000e+00,0.000000000000000000e+00,0.000000000000000000e+00,0.000000000000000000e+00,0.000000000000000000e+00,0.000000000000000000e+00,0.000000000000000000e+00,0.000000000000000000e+00,0.000000000000000000e+00,0.000000000000000000e+00,0.000000000000000000e+00,0.000000000000000000e+00,0.000000000000000000e+00,0.000000000000000000e+00,0.000000000000000000e+00,0.000000000000000000e+00,0.000000000000000000e+00,0.000000000000000000e+00,0.000000000000000000e+00,0.000000000000000000e+00,0.000000000000000000e+00,0.000000000000000000e+00,0.000000000000000000e+00,0.000000000000000000e+00,0.000000000000000000e+00,0.000000000000000000e+00,0.000000000000000000e+00,0.000000000000000000e+00,0.000000000000000000e+00,0.000000000000000000e+00,0.000000000000000000e+00,0.000000000000000000e+00,0.000000000000000000e+00,0.000000000000000000e+00,0.000000000000000000e+00,0.000000000000000000e+00,0.000000000000000000e+00,0.000000000000000000e+00,0.000000000000000000e+00,0.000000000000000000e+00,0.000000000000000000e+00,0.000000000000000000e+00,0.000000000000000000e+00,0.000000000000000000e+00,0.000000000000000000e+00,0.000000000000000000e+00,0.000000000000000000e+00,0.000000000000000000e+00,0.000000000000000000e+00,0.000000000000000000e+00,0.000000000000000000e+00,0.000000000000000000e+00,0.000000000000000000e+00,0.000000000000000000e+00,0.000000000000000000e+00,0.000000000000000000e+00,0.000000000000000000e+00,0.000000000000000000e+00,0.000000000000000000e+00,0.000000000000000000e+00,0.000000000000000000e+00,0.000000000000000000e+00,0.000000000000000000e+00,0.000000000000000000e+00,0.000000000000000000e+00,0.000000000000000000e+00,0.000000000000000000e+00,0.000000000000000000e+00,0.000000000000000000e+00,0.000000000000000000e+00,0.000000000000000000e+00,0.000000000000000000e+00,0.000000000000000000e+00,0.000000000000000000e+00,0.000000000000000000e+00,0.000000000000000000e+00,0.000000000000000000e+00,0.000000000000000000e+00,0.000000000000000000e+00,0.000000000000000000e+00,0.000000000000000000e+00,0.000000000000000000e+00,0.000000000000000000e+00,0.000000000000000000e+00,0.000000000000000000e+00,0.000000000000000000e+00,0.000000000000000000e+00,0.000000000000000000e+00,0.000000000000000000e+00,0.000000000000000000e+00,0.000000000000000000e+00,0.000000000000000000e+00,0.000000000000000000e+00,0.000000000000000000e+00,0.000000000000000000e+00,0.000000000000000000e+00,0.000000000000000000e+00,0.000000000000000000e+00,0.000000000000000000e+00,0.000000000000000000e+00,0.000000000000000000e+00,0.000000000000000000e+00,0.000000000000000000e+00,0.000000000000000000e+00,0.000000000000000000e+00,2.645701635628938675e-03,2.042418532073497772e-02,6.170381605625152588e-02,4.710119217634201050e-02,6.501989066600799561e-02,5.892840027809143066e-02,5.801627412438392639e-02,4.909399896860122681e-02,4.697560518980026245e-02,6.914265453815460205e-02,4.604426771402359009e-02,0.000000000000000000e+00,0.000000000000000000e+00,0.000000000000000000e+00,0.000000000000000000e+00,0.000000000000000000e+00,0.000000000000000000e+00,0.000000000000000000e+00,0.000000000000000000e+00,0.000000000000000000e+00,0.000000000000000000e+00,0.000000000000000000e+00,0.000000000000000000e+00,0.000000000000000000e+00,0.000000000000000000e+00,0.000000000000000000e+00,1.952235470525920391e-03,5.799533426761627197e-02,7.911100238561630249e-02,5.354461818933486938e-02,1.170739810913801193e-02,6.499866396188735962e-02,2.717270143330097198e-02,1.309346593916416168e-02,1.407126989215612411e-02,5.912339780479669571e-03,4.370600450783967972e-03,3.967297379858791828e-04,0.000000000000000000e+00,0.000000000000000000e+00,0.000000000000000000e+00,0.000000000000000000e+00,9.704343974590301514e-03,3.348708897829055786e-02,4.314913973212242126e-02,4.633075371384620667e-02,4.729633405804634094e-02,3.763772547245025635e-02,5.281841382384300232e-02,6.937697529792785645e-02,8.236055076122283936e-02,1.305136978626251221e-01,1.628514081239700317e-01,1.913533061742782593e-01,2.069208770990371704e-01,2.247008979320526123e-01,2.410749346017837524e-01,2.464835494756698608e-01,2.523779273033142090e-01,2.887344360351562500e-01,2.837722301483154297e-01,3.033665716648101807e-01,3.236189186573028564e-01,2.882316410541534424e-01,2.825692296028137207e-01,3.109529018402099609e-01,3.091903030872344971e-01,3.935930728912353516e-01,4.248884022235870361e-01,4.253881871700286865e-01,4.546723365783691406e-01,3.259079158306121826e-01,3.538488149642944336e-01,3.233145773410797119e-01,1.106511652469635010e-01,1.670928671956062317e-02,5.780795589089393616e-03,6.016414612531661987e-02,1.491682231426239014e-01,2.179078161716461182e-01,1.605550199747085571e-01,2.312024384737014771e-01,1.835734099149703979e-01,1.870416551828384399e-01,2.562629282474517822e-01,2.746444642543792725e-01,3.203290402889251709e-01,2.558141350746154785e-01,2.228468805551528931e-01,1.463669687509536743e-01,1.708545237779617310e-01,1.397078186273574829e-01,2.061709761619567871e-01,2.704938054084777832e-01,3.619236052036285400e-01,4.395946562290191650e-01,2.837545573711395264e-01,4.217530786991119385e-01,5.379905104637145996e-01,5.618431568145751953e-01,5.554581284523010254e-01
0.000000000000000000e+00,0.000000000000000000e+00,0.000000000000000000e+00,0.000000000000000000e+00,0.000000000000000000e+00,0.000000000000000000e+00,0.000000000000000000e+00,0.000000000000000000e+00,0.000000000000000000e+00,0.000000000000000000e+00,0.000000000000000000e+00,0.000000000000000000e+00,0.000000000000000000e+00,0.000000000000000000e+00,0.000000000000000000e+00,0.000000000000000000e+00,0.000000000000000000e+00,0.000000000000000000e+00,0.000000000000000000e+00,0.000000000000000000e+00,0.000000000000000000e+00,0.000000000000000000e+00,0.000000000000000000e+00,0.000000000000000000e+00,0.000000000000000000e+00,0.000000000000000000e+00,0.000000000000000000e+00,0.000000000000000000e+00,0.000000000000000000e+00,0.000000000000000000e+00,0.000000000000000000e+00,0.000000000000000000e+00,0.000000000000000000e+00,2.981427907943725586e-01,0.000000000000000000e+00,0.000000000000000000e+00,0.000000000000000000e+00,0.000000000000000000e+00,0.000000000000000000e+00,0.000000000000000000e+00,0.000000000000000000e+00,0.000000000000000000e+00,0.000000000000000000e+00,0.000000000000000000e+00,0.000000000000000000e+00,0.000000000000000000e+00,0.000000000000000000e+00,0.000000000000000000e+00,0.000000000000000000e+00,0.000000000000000000e+00,0.000000000000000000e+00,0.000000000000000000e+00,0.000000000000000000e+00,0.000000000000000000e+00,0.000000000000000000e+00,0.000000000000000000e+00,0.000000000000000000e+00,0.000000000000000000e+00,0.000000000000000000e+00,0.000000000000000000e+00,0.000000000000000000e+00,0.000000000000000000e+00,0.000000000000000000e+00,0.000000000000000000e+00,0.000000000000000000e+00,0.000000000000000000e+00,0.000000000000000000e+00,0.000000000000000000e+00,0.000000000000000000e+00,0.000000000000000000e+00,0.000000000000000000e+00,0.000000000000000000e+00,0.000000000000000000e+00,0.000000000000000000e+00,0.000000000000000000e+00,0.000000000000000000e+00,0.000000000000000000e+00,0.000000000000000000e+00,0.000000000000000000e+00,0.000000000000000000e+00,0.000000000000000000e+00,0.000000000000000000e+00,0.000000000000000000e+00,0.000000000000000000e+00,0.000000000000000000e+00,0.000000000000000000e+00,0.000000000000000000e+00,0.000000000000000000e+00,0.000000000000000000e+00,0.000000000000000000e+00,0.000000000000000000e+00,0.000000000000000000e+00,0.000000000000000000e+00,0.000000000000000000e+00,0.000000000000000000e+00,0.000000000000000000e+00,0.000000000000000000e+00,0.000000000000000000e+00,0.000000000000000000e+00,0.000000000000000000e+00,0.000000000000000000e+00,0.000000000000000000e+00,0.000000000000000000e+00,0.000000000000000000e+00,0.000000000000000000e+00,0.000000000000000000e+00,0.000000000000000000e+00,0.000000000000000000e+00,0.000000000000000000e+00,0.000000000000000000e+00,0.000000000000000000e+00,0.000000000000000000e+00,0.000000000000000000e+00,0.000000000000000000e+00,0.000000000000000000e+00,0.000000000000000000e+00,0.000000000000000000e+00,0.000000000000000000e+00,0.000000000000000000e+00,0.000000000000000000e+00,0.000000000000000000e+00,0.000000000000000000e+00,0.000000000000000000e+00,0.000000000000000000e+00,0.000000000000000000e+00,0.000000000000000000e+00,0.000000000000000000e+00,0.000000000000000000e+00,0.000000000000000000e+00,5.005187995266169310e-05,0.000000000000000000e+00,0.000000000000000000e+00,0.000000000000000000e+00,0.000000000000000000e+00,0.000000000000000000e+00,5.892004817724227905e-03,1.885552331805229187e-02,1.243597865104675293e-01,7.957104593515396118e-02,7.048401981592178345e-02,5.210891738533973694e-02,8.385360985994338989e-02,9.602558612823486328e-02,1.334020495414733887e-01,1.254843473434448242e-01,0.000000000000000000e+00,0.000000000000000000e+00,0.000000000000000000e+00,0.000000000000000000e+00,0.000000000000000000e+00,0.000000000000000000e+00,0.000000000000000000e+00,0.000000000000000000e+00,0.000000000000000000e+00,0.000000000000000000e+00,0.000000000000000000e+00,0.000000000000000000e+00,0.000000000000000000e+00,0.000000000000000000e+00,0.000000000000000000e+00,0.000000000000000000e+00,0.000000000000000000e+00,2.710895985364913940e-02,5.187411606311798096e-02,1.403469033539295197e-02,7.321474701166152954e-02,7.290572673082351685e-02,4.742740839719772339e-02,6.904874462634325027e-03,6.410745438188314438e-03,6.078747566789388657e-03,1.826002699090167880e-04,0.000000000000000000e+00,0.000000000000000000e+00,0.000000000000000000e+00,0.000000000000000000e+00,0.000000000000000000e+00,0.000000000000000000e+00,0.000000000000000000e+00,0.000000000000000000e+00,2.250239811837673187e-02,7.150128483772277832e-02,8.426614105701446533e-02,1.057209596037864685e-01,1.209092140197753906e-01,1.301820874214172363e-01,1.395895332098007202e-01,1.299622952938079834e-01,9.935141354799270630e-02,5.685088410973548889e-02,3.286180272698402405e-02,4.524485021829605103e-02,7.077580690383911133e-02,1.399249136447906494e-01,2.249277085065841675e-01,2.681206166744232178e-01,2.603593170642852783e-01,2.360912114381790161e-01,2.007433176040649414e-01,2.891109585762023926e-01,3.709303736686706543e-01,4.057619273662567139e-01,3.762537240982055664e-01,3.960641324520111084e-01,4.069304168224334717e-01,2.668680846691131592e-01,2.099166661500930786e-01,1.890370398759841919e-01,1.173161417245864868e-01,2.325097285211086273e-02,7.107629906386137009e-03,4.002856090664863586e-03,1.600422896444797516e-02,3.717053681612014771e-02,5.781089887022972107e-02,2.024313360452651978e-01,2.850064635276794434e-01,2.966336309909820557e-01,2.559877932071685791e-01,2.270589470863342285e-01,2.511891424655914307e-01,2.074702531099319458e-01,1.820992380380630493e-01,1.614872515201568604e-01,1.118425056338310242e-01,2.138444334268569946e-01,3.336422145366668701e-01,3.688603043556213379e-01,3.099039793014526367e-01,3.601009249687194824e-01,4.992108047008514404e-01,3.913685381412506104e-01,4.679648578166961670e-01,5.085561275482177734e-01,5.012048482894897461e-01,3.909752964973449707e-01
0.000000000000000000e+00,0.000000000000000000e+00,0.000000000000000000e+00,0.000000000000000000e+00,0.000000000000000000e+00,0.000000000000000000e+00,0.000000000000000000e+00,0.000000000000000000e+00,0.000000000000000000e+00,0.000000000000000000e+00,0.000000000000000000e+00,0.000000000000000000e+00,0.000000000000000000e+00,0.000000000000000000e+00,0.000000000000000000e+00,0.000000000000000000e+00,0.000000000000000000e+00,0.000000000000000000e+00,0.000000000000000000e+00,0.000000000000000000e+00,0.000000000000000000e+00,0.000000000000000000e+00,0.000000000000000000e+00,0.000000000000000000e+00,0.000000000000000000e+00,0.000000000000000000e+00,0.000000000000000000e+00,0.000000000000000000e+00,0.000000000000000000e+00,0.000000000000000000e+00,0.000000000000000000e+00,0.000000000000000000e+00,0.000000000000000000e+00,2.400659024715423584e-01,0.000000000000000000e+00,0.000000000000000000e+00,0.000000000000000000e+00,0.000000000000000000e+00,0.000000000000000000e+00,0.000000000000000000e+00,0.000000000000000000e+00,0.000000000000000000e+00,0.000000000000000000e+00,0.000000000000000000e+00,0.000000000000000000e+00,0.000000000000000000e+00,0.000000000000000000e+00,0.000000000000000000e+00,0.000000000000000000e+00,0.000000000000000000e+00,0.000000000000000000e+00,0.000000000000000000e+00,0.000000000000000000e+00,0.000000000000000000e+00,0.000000000000000000e+00,0.000000000000000000e+00,0.000000000000000000e+00,0.000000000000000000e+00,0.000000000000000000e+00,0.000000000000000000e+00,0.000000000000000000e+00,0.000000000000000000e+00,0.000000000000000000e+00,0.000000000000000000e+00,0.000000000000000000e+00,0.000000000000000000e+00,0.000000000000000000e+00,0.000000000000000000e+00,0.000000000000000000e+00,0.000000000000000000e+00,0.000000000000000000e+00,0.000000000000000000e+00,0.000000000000000000e+00,0.000000000000000000e+00,0.000000000000000000e+00,0.000000000000000000e+00,0.000000000000000000e+00,0.000000000000000000e+00,0.000000000000000000e+00,0.000000000000000000e+00,0.000000000000000000e+00,0.000000000000000000e+00,0.000000000000000000e+00,0.000000000000000000e+00,0.000000000000000000e+00,0.000000000000000000e+00,0.000000000000000000e+00,0.000000000000000000e+00,0.000000000000000000e+00,0.000000000000000000e+00,0.000000000000000000e+00,0.000000000000000000e+00,0.000000000000000000e+00,0.000000000000000000e+00,0.000000000000000000e+00,0.000000000000000000e+00,0.000000000000000000e+00,0.000000000000000000e+00,0.000000000000000000e+00,0.000000000000000000e+00,0.000000000000000000e+00,0.000000000000000000e+00,0.000000000000000000e+00,0.000000000000000000e+00,0.000000000000000000e+00,0.000000000000000000e+00,0.000000000000000000e+00,0.000000000000000000e+00,0.000000000000000000e+00,0.000000000000000000e+00,0.000000000000000000e+00,0.000000000000000000e+00,0.000000000000000000e+00,0.000000000000000000e+00,0.000000000000000000e+00,0.000000000000000000e+00,0.000000000000000000e+00,0.000000000000000000e+00,0.000000000000000000e+00,0.000000000000000000e+00,0.000000000000000000e+00,0.000000000000000000e+00,0.000000000000000000e+00,0.000000000000000000e+00,0.000000000000000000e+00,0.000000000000000000e+00,4.293848760426044464e-03,5.847889464348554611e-03,0.000000000000000000e+00,7.562055718153715134e-03,0.000000000000000000e+00,0.000000000000000000e+00,0.000000000000000000e+00,9.131613187491893768e-04,1.803158223628997803e-02,4.862292483448982239e-02,3.526078164577484131e-02,1.054941341280937195e-01,6.127671897411346436e-02,2.974790707230567932e-02,8.762607723474502563e-02,4.640212282538414001e-02,3.699956834316253662e-02,1.589879393577575684e-02,0.000000000000000000e+00,0.000000000000000000e+00,0.000000000000000000e+00,0.000000000000000000e+00,0.000000000000000000e+00,0.000000000000000000e+00,0.000000000000000000e+00,0.000000000000000000e+00,0.000000000000000000e+00,0.000000000000000000e+00,0.000000000000000000e+00,0.000000000000000000e+00,0.000000000000000000e+00,0.000000000000000000e+00,0.000000000000000000e+00,3.777856472879648209e-03,3.237337514292448759e-04,1.282236631959676743e-02,2.972606453113257885e-04,1.017299387603998184e-02,3.100195340812206268e-02,3.640960529446601868e-02,2.665133401751518250e-02,5.769497714936733246e-03,6.661693623755127192e-05,3.705004695802927017e-03,9.505767375230789185e-03,5.004396196454763412e-03,8.041103137657046318e-04,2.794663596432656050e-04,1.880651689134538174e-03,1.651276950724422932e-03,3.479168983176350594e-03,3.300458425655961037e-03,2.610296709463000298e-03,2.955554286018013954e-03,4.247387405484914780e-03,1.118878182023763657e-02,2.907714620232582092e-02,3.007408045232295990e-02,6.833484768867492676e-02,1.260493695735931396e-01,7.014577835798263550e-02,2.418447099626064301e-02,1.437019370496273041e-02,1.304980926215648651e-02,1.361764036118984222e-02,3.831095248460769653e-02,4.869993776082992554e-02,5.761708691716194153e-02,6.472525745630264282e-02,9.177464991807937622e-02,8.892288058996200562e-02,7.382246851921081543e-02,7.474216818809509277e-02,6.428366154432296753e-02,1.452267169952392578e-01,1.504081785678863525e-01,2.179148942232131958e-01,3.193941712379455566e-01,3.160734176635742188e-01,1.080760881304740906e-01,6.181130185723304749e-02,9.277557581663131714e-02,1.142076626420021057e-01,1.053350493311882019e-01,6.902755796909332275e-02,6.387566775083541870e-02,4.734244197607040405e-02,4.700335860252380371e-02,6.031707301735877991e-02,1.199384257197380066e-01,1.873167604207992554e-01,1.644158512353897095e-01,1.617123186588287354e-01,9.137664735317230225e-02,8.636090904474258423e-02,1.270189881324768066e-01,9.610866755247116089e-02,1.606803238391876221e-01,1.620568186044692993e-01,1.507911384105682373e-01,2.015092819929122925e-01,1.486268341541290283e-01,3.103929460048675537e-01,4.995034635066986084e-01,6.970227360725402832e-01,5.728053450584411621e-01,4.268724918365478516e-01,4.122213721275329590e-01,3.732541501522064209e-01,3.792288899421691895e-01
0.000000000000000000e+00,0.000000000000000000e+00,0.000000000000000000e+00,0.000000000000000000e+00,0.000000000000000000e+00,0.000000000000000000e+00,0.000000000000000000e+00,0.000000000000000000e+00,0.000000000000000000e+00,0.000000000000000000e+00,0.000000000000000000e+00,0.000000000000000000e+00,0.000000000000000000e+00,0.000000000000000000e+00,0.000000000000000000e+00,0.000000000000000000e+00,0.000000000000000000e+00,0.000000000000000000e+00,0.000000000000000000e+00,0.000000000000000000e+00,0.000000000000000000e+00,0.000000000000000000e+00,0.000000000000000000e+00,0.000000000000000000e+00,0.000000000000000000e+00,0.000000000000000000e+00,0.000000000000000000e+00,0.000000000000000000e+00,0.000000000000000000e+00,0.000000000000000000e+00,0.000000000000000000e+00,0.000000000000000000e+00,0.000000000000000000e+00,0.000000000000000000e+00,0.000000000000000000e+00,0.000000000000000000e+00,0.000000000000000000e+00,0.000000000000000000e+00,0.000000000000000000e+00,0.000000000000000000e+00,0.000000000000000000e+00,0.000000000000000000e+00,0.000000000000000000e+00,0.000000000000000000e+00,0.000000000000000000e+00,0.000000000000000000e+00,0.000000000000000000e+00,0.000000000000000000e+00,0.000000000000000000e+00,0.000000000000000000e+00,0.000000000000000000e+00,0.000000000000000000e+00,0.000000000000000000e+00,0.000000000000000000e+00,0.000000000000000000e+00,0.000000000000000000e+00,0.000000000000000000e+00,0.000000000000000000e+00,0.000000000000000000e+00,0.000000000000000000e+00,0.000000000000000000e+00,0.000000000000000000e+00,0.000000000000000000e+00,0.000000000000000000e+00,0.000000000000000000e+00,0.000000000000000000e+00,0.000000000000000000e+00,0.000000000000000000e+00,0.000000000000000000e+00,0.000000000000000000e+00,0.000000000000000000e+00,0.000000000000000000e+00,0.000000000000000000e+00,0.000000000000000000e+00,0.000000000000000000e+00,0.000000000000000000e+00,0.000000000000000000e+00,0.000000000000000000e+00,0.000000000000000000e+00,5.807524430565536022e-04,0.000000000000000000e+00,0.000000000000000000e+00,0.000000000000000000e+00,0.000000000000000000e+00,0.000000000000000000e+00,0.000000000000000000e+00,0.000000000000000000e+00,0.000000000000000000e+00,0.000000000000000000e+00,0.000000000000000000e+00,0.000000000000000000e+00,0.000000000000000000e+00,0.000000000000000000e+00,0.000000000000000000e+00,0.000000000000000000e+00,0.000000000000000000e+00,0.000000000000000000e+00,0.000000000000000000e+00,0.000000000000000000e+00,0.000000000000000000e+00,0.000000000000000000e+00,0.000000000000000000e+00,0.000000000000000000e+00,0.000000000000000000e+00,0.000000000000000000e+00,0.000000000000000000e+00,0.000000000000000000e+00,0.000000000000000000e+00,0.000000000000000000e+00,0.000000000000000000e+00,0.000000000000000000e+00,0.000000000000000000e+00,0.000000000000000000e+00,0.000000000000000000e+00,0.000000000000000000e+00,0.000000000000000000e+00,0.000000000000000000e+00,0.000000000000000000e+00,0.000000000000000000e+00,0.000000000000000000e+00,0.000000000000000000e+00,0.000000000000000000e+00,0.000000000000000000e+00,0.000000000000000000e+00,0.000000000000000000e+00,0.000000000000000000e+00,1.429720723535865545e-04,1.993352174758911133e-02,5.061044823378324509e-03,2.694154717028141022e-02,0.000000000000000000e+00,0.000000000000000000e+00,0.000000000000000000e+00,1.005676202476024628e-02,1.416273228824138641e-02,4.400722216814756393e-03,1.830599270761013031e-02,0.000000000000000000e+00,0.000000000000000000e+00,0.000000000000000000e+00,0.000000000000000000e+00,0.000000000000000000e+00,0.000000000000000000e+00,0.000000000000000000e+00,0.000000000000000000e+00,0.000000000000000000e+00,0.000000000000000000e+00,0.000000000000000000e+00,0.000000000000000000e+00,0.000000000000000000e+00,0.000000000000000000e+00,0.000000000000000000e+00,0.000000000000000000e+00,0.000000000000000000e+00,0.000000000000000000e+00,0.000000000000000000e+00,0.000000000000000000e+00,0.000000000000000000e+00,0.000000000000000000e+00,0.000000000000000000e+00,2.581588225439190865e-03,5.414769053459167480e-03,3.497018665075302124e-02,4.484051465988159180e-02,5.428864434361457825e-02,1.788360998034477234e-02,0.000000000000000000e+00,0.000000000000000000e+00,0.000000000000000000e+00,0.000000000000000000e+00,0.000000000000000000e+00,2.687319880351424217e-03,1.929868827573955059e-03,0.000000000000000000e+00,1.007792656309902668e-03,3.326535923406481743e-03,4.594779107719659805e-03,7.832970470190048218e-03,3.614702727645635605e-03,2.619577106088399887e-03,4.074764903634786606e-03,9.093534201383590698e-03,2.039536600932478905e-03,1.381549425423145294e-02,1.049056276679039001e-01,1.022072508931159973e-01,3.638606518507003784e-02,1.013135723769664764e-02,1.209093444049358368e-02,1.628866977989673615e-02,1.163934729993343353e-02,3.321672603487968445e-02,4.534488171339035034e-02,4.858989641070365906e-02,6.030750647187232971e-02,5.062603950500488281e-02,3.681877255439758301e-02,6.384897977113723755e-02,9.218576550483703613e-02,1.216951310634613037e-01,1.296469867229461670e-01,9.915986657142639160e-02,8.900903165340423584e-02,6.106115505099296570e-02,9.391950815916061401e-02,1.107534319162368774e-01,1.280205398797988892e-01,2.114383578300476074e-01,2.301365584135055542e-01,1.834036409854888916e-01,1.689773201942443848e-01,1.701942086219787598e-01,1.331958025693893433e-01,1.072276979684829712e-01,1.260067820549011230e-01,9.883495420217514038e-02,1.318362355232238770e-01,1.440264582633972168e-01,1.380611807107925415e-01,8.181131631135940552e-02,1.111752241849899292e-01,1.361567676067352295e-01,1.396780908107757568e-01,1.047198846936225891e-01,4.427907615900039673e-02,5.774716660380363464e-02,4.792826622724533081e-02,1.138471066951751709e-01,9.545949101448059082e-02,2.520526051521301270e-01,3.178563714027404785e-01,3.903641700744628906e-01,3.614021539688110352e-01,4.577298462390899658e-01,3.980116844177246094e-01,3.945851922035217285e-01
0.000000000000000000e+00,0.000000000000000000e+00,0.000000000000000000e+00,0.000000000000000000e+00,0.000000000000000000e+00,0.000000000000000000e+00,0.000000000000000000e+00,0.000000000000000000e+00,0.000000000000000000e+00,0.000000000000000000e+00,0.000000000000000000e+00,0.000000000000000000e+00,0.000000000000000000e+00,0.000000000000000000e+00,0.000000000000000000e+00,0.000000000000000000e+00,0.000000000000000000e+00,0.000000000000000000e+00,0.000000000000000000e+00,0.000000000000000000e+00,0.000000000000000000e+00,0.000000000000000000e+00,0.000000000000000000e+00,0.000000000000000000e+00,0.000000000000000000e+00,0.000000000000000000e+00,0.000000000000000000e+00,0.000000000000000000e+00,0.000000000000000000e+00,0.000000000000000000e+00,0.000000000000000000e+00,0.000000000000000000e+00,0.000000000000000000e+00,0.000000000000000000e+00,0.000000000000000000e+00,0.000000000000000000e+00,0.000000000000000000e+00,0.000000000000000000e+00,0.000000000000000000e+00,0.000000000000000000e+00,0.000000000000000000e+00,0.000000000000000000e+00,0.000000000000000000e+00,0.000000000000000000e+00,0.000000000000000000e+00,0.000000000000000000e+00,0.000000000000000000e+00,0.000000000000000000e+00,0.000000000000000000e+00,0.000000000000000000e+00,0.000000000000000000e+00,0.000000000000000000e+00,0.000000000000000000e+00,0.000000000000000000e+00,0.000000000000000000e+00,0.000000000000000000e+00,0.000000000000000000e+00,0.000000000000000000e+00,0.000000000000000000e+00,0.000000000000000000e+00,0.000000000000000000e+00,0.000000000000000000e+00,0.000000000000000000e+00,0.000000000000000000e+00,0.000000000000000000e+00,0.000000000000000000e+00,0.000000000000000000e+00,0.000000000000000000e+00,0.000000000000000000e+00,0.000000000000000000e+00,0.000000000000000000e+00,0.000000000000000000e+00,0.000000000000000000e+00,0.000000000000000000e+00,0.000000000000000000e+00,0.000000000000000000e+00,0.000000000000000000e+00,0.000000000000000000e+00,0.000000000000000000e+00,0.000000000000000000e+00,0.000000000000000000e+00,0.000000000000000000e+00,0.000000000000000000e+00,0.000000000000000000e+00,0.000000000000000000e+00,0.000000000000000000e+00,0.000000000000000000e+00,0.000000000000000000e+00,0.000000000000000000e+00,0.000000000000000000e+00,0.000000000000000000e+00,0.000000000000000000e+00,0.000000000000000000e+00,0.000000000000000000e+00,0.000000000000000000e+00,0.000000000000000000e+00,0.000000000000000000e+00,0.000000000000000000e+00,0.000000000000000000e+00,0.000000000000000000e+00,0.000000000000000000e+00,0.000000000000000000e+00,0.000000000000000000e+00,0.000000000000000000e+00,0.000000000000000000e+00,0.000000000000000000e+00,0.000000000000000000e+00,0.000000000000000000e+00,0.000000000000000000e+00,0.000000000000000000e+00,0.000000000000000000e+00,0.000000000000000000e+00,0.000000000000000000e+00,0.000000000000000000e+00,0.000000000000000000e+00,0.000000000000000000e+00,0.000000000000000000e+00,0.000000000000000000e+00,0.000000000000000000e+00,0.000000000000000000e+00,0.000000000000000000e+00,0.000000000000000000e+00,0.000000000000000000e+00,5.503428168594837189e-03,0.000000000000000000e+00,0.000000000000000000e+00,6.870931974845007062e-05,8.220076560974121094e-03,9.223556146025657654e-03,2.091659978032112122e-02,2.940245158970355988e-02,0.000000000000000000e+00,0.000000000000000000e+00,0.000000000000000000e+00,0.000000000000000000e+00,0.000000000000000000e+00,0.000000000000000000e+00,0.000000000000000000e+00,0.000000000000000000e+00,0.000000000000000000e+00,0.000000000000000000e+00,0.000000000000000000e+00,0.000000000000000000e+00,0.000000000000000000e+00,0.000000000000000000e+00,0.000000000000000000e+00,0.000000000000000000e+00,0.000000000000000000e+00,0.000000000000000000e+00,0.000000000000000000e+00,0.000000000000000000e+00,0.000000000000000000e+00,0.000000000000000000e+00,0.000000000000000000e+00,0.000000000000000000e+00,0.000000000000000000e+00,0.000000000000000000e+00,0.000000000000000000e+00,0.000000000000000000e+00,1.280669961124658585e-02,4.681731760501861572e-02,1.197960749268531799e-01,7.333594560623168945e-02,3.948031738400459290e-02,3.980197757482528687e-02,4.551480524241924286e-03,0.000000000000000000e+00,2.655958058312535286e-03,0.000000000000000000e+00,0.000000000000000000e+00,0.000000000000000000e+00,6.308688316494226456e-04,2.587818773463368416e-03,2.217614557594060898e-03,0.000000000000000000e+00,0.000000000000000000e+00,6.661142106167972088e-05,4.643079882953315973e-04,1.213177200406789780e-02,8.658587001264095306e-03,1.440664008259773254e-02,1.081976015120744705e-02,6.631707306951284409e-03,3.265153244137763977e-02,7.098741084337234497e-02,1.847270503640174866e-02,5.596278700977563858e-03,1.304149534553289413e-02,1.550279185175895691e-02,2.999032847583293915e-02,3.929916396737098694e-02,3.142870962619781494e-02,3.991005942225456238e-02,5.458787456154823303e-02,4.732566326856613159e-02,3.214615955948829651e-02,1.927249133586883545e-02,3.353064879775047302e-02,4.166841879487037659e-02,4.690441861748695374e-02,5.775441229343414307e-02,6.622347980737686157e-02,4.541486874222755432e-02,4.930000752210617065e-02,4.547870531678199768e-02,4.795556515455245972e-02,5.677174404263496399e-02,7.251169532537460327e-02,9.613028913736343384e-02,9.132303297519683838e-02,1.257388442754745483e-01,1.569569557905197144e-01,1.158959344029426575e-01,1.838086098432540894e-01,1.506516635417938232e-01,1.696176975965499878e-01,2.370105832815170288e-01,1.988718211650848389e-01,2.532368898391723633e-01,1.701823323965072632e-01,1.833753436803817749e-01,2.161957174539566040e-01,2.008032351732254028e-01,6.167731434106826782e-02,0.000000000000000000e+00,0.000000000000000000e+00,0.000000000000000000e+00,7.609754335135221481e-03,4.021472111344337463e-02,1.620793640613555908e-01,1.933294534683227539e-01,3.377558588981628418e-01,5.928266048431396484e-01,6.368146538734436035e-01,5.418160557746887207e-01,4.981845319271087646e-01
0.000000000000000000e+00,0.000000000000000000e+00,0.000000000000000000e+00,0.000000000000000000e+00,0.000000000000000000e+00,0.000000000000000000e+00,0.000000000000000000e+00,0.000000000000000000e+00,0.000000000000000000e+00,0.000000000000000000e+00,0.000000000000000000e+00,0.000000000000000000e+00,0.000000000000000000e+00,0.000000000000000000e+00,0.000000000000000000e+00,0.000000000000000000e+00,0.000000000000000000e+00,0.000000000000000000e+00,0.000000000000000000e+00,0.000000000000000000e+00,0.000000000000000000e+00,0.000000000000000000e+00,0.000000000000000000e+00,0.000000000000000000e+00,0.000000000000000000e+00,0.000000000000000000e+00,0.000000000000000000e+00,0.000000000000000000e+00,0.000000000000000000e+00,0.000000000000000000e+00,0.000000000000000000e+00,0.000000000000000000e+00,0.000000000000000000e+00,0.000000000000000000e+00,0.000000000000000000e+00,0.000000000000000000e+00,0.000000000000000000e+00,0.000000000000000000e+00,0.000000000000000000e+00,0.000000000000000000e+00,0.000000000000000000e+00,0.000000000000000000e+00,0.000000000000000000e+00,0.000000000000000000e+00,0.000000000000000000e+00,0.000000000000000000e+00,0.000000000000000000e+00,0.000000000000000000e+00,0.000000000000000000e+00,0.000000000000000000e+00,0.000000000000000000e+00,0.000000000000000000e+00,0.000000000000000000e+00,0.000000000000000000e+00,0.000000000000000000e+00,0.000000000000000000e+00,0.000000000000000000e+00,0.000000000000000000e+00,0.000000000000000000e+00,0.000000000000000000e+00,0.000000000000000000e+00,0.000000000000000000e+00,0.000000000000000000e+00,0.000000000000000000e+00,0.000000000000000000e+00,0.000000000000000000e+00,0.000000000000000000e+00,0.000000000000000000e+00,0.000000000000000000e+00,0.000000000000000000e+00,0.000000000000000000e+00,0.000000000000000000e+00,0.000000000000000000e+00,0.000000000000000000e+00,0.000000000000000000e+00,0.000000000000000000e+00,0.000000000000000000e+00,0.000000000000000000e+00,0.000000000000000000e+00,0.000000000000000000e+00,0.000000000000000000e+00,0.000000000000000000e+00,0.000000000000000000e+00,0.000000000000000000e+00,0.000000000000000000e+00,0.000000000000000000e+00,0.000000000000000000e+00,0.000000000000000000e+00,0.000000000000000000e+00,0.000000000000000000e+00,0.000000000000000000e+00,0.000000000000000000e+00,0.000000000000000000e+00,0.000000000000000000e+00,0.000000000000000000e+00,0.000000000000000000e+00,0.000000000000000000e+00,0.000000000000000000e+00,0.000000000000000000e+00,0.000000000000000000e+00,0.000000000000000000e+00,0.000000000000000000e+00,0.000000000000000000e+00,0.000000000000000000e+00,0.000000000000000000e+00,0.000000000000000000e+00,0.000000000000000000e+00,0.000000000000000000e+00,0.000000000000000000e+00,0.000000000000000000e+00,0.000000000000000000e+00,0.000000000000000000e+00,0.000000000000000000e+00,0.000000000000000000e+00,0.000000000000000000e+00,0.000000000000000000e+00,0.000000000000000000e+00,0.000000000000000000e+00,0.000000000000000000e+00,0.000000000000000000e+00,0.000000000000000000e+00,0.000000000000000000e+00,0.000000000000000000e+00,3.008416679222136736e-04,1.777849346399307251e-02,1.802249811589717865e-02,1.473346725106239319e-02,0.000000000000000000e+00,0.000000000000000000e+00,1.889439858496189117e-02,5.895612295717000961e-03,0.000000000000000000e+00,0.000000000000000000e+00,0.000000000000000000e+00,0.000000000000000000e+00,0.000000000000000000e+00,0.000000000000000000e+00,0.000000000000000000e+00,0.000000000000000000e+00,0.000000000000000000e+00,0.000000000000000000e+00,0.000000000000000000e+00,0.000000000000000000e+00,0.000000000000000000e+00,0.000000000000000000e+00,0.000000000000000000e+00,0.000000000000000000e+00,0.000000000000000000e+00,0.000000000000000000e+00,0.000000000000000000e+00,0.000000000000000000e+00,0.000000000000000000e+00,0.000000000000000000e+00,0.000000000000000000e+00,0.000000000000000000e+00,0.000000000000000000e+00,3.755145706236362457e-03,0.000000000000000000e+00,1.423703506588935852e-03,7.193659245967864990e-02,8.356018364429473877e-02,4.122538119554519653e-02,5.200366303324699402e-02,3.632306307554244995e-02,1.063165348023176193e-02,0.000000000000000000e+00,0.000000000000000000e+00,2.228049561381340027e-03,0.000000000000000000e+00,0.000000000000000000e+00,0.000000000000000000e+00,0.000000000000000000e+00,3.134694183245301247e-03,6.733169779181480408e-03,1.005337666720151901e-02,2.769263228401541710e-04,0.000000000000000000e+00,0.000000000000000000e+00,8.178749121725559235e-04,8.821653202176094055e-03,1.677583903074264526e-02,1.205099746584892273e-02,2.677964605391025543e-02,7.612314820289611816e-02,5.807854980230331421e-02,5.397837609052658081e-02,3.174834325909614563e-02,2.279509417712688446e-02,2.977624535560607910e-02,3.146213665604591370e-02,2.638272754848003387e-02,1.390288583934307098e-02,3.674830868840217590e-02,3.063139878213405609e-02,2.620727196335792542e-02,4.682870116084814072e-03,2.017073100432753563e-03,2.694592252373695374e-02,3.943093493580818176e-02,9.734352678060531616e-02,1.004560962319374084e-01,1.156177297234535217e-01,7.934677600860595703e-02,1.308429092168807983e-01,1.361168324947357178e-01,1.076905205845832825e-01,7.287388294935226440e-02,1.939021609723567963e-02,7.940811663866043091e-02,6.156425923109054565e-02,1.422839760780334473e-01,1.388885825872421265e-01,1.647178679704666138e-01,1.852743476629257202e-01,1.679525226354598999e-01,1.621593534946441650e-01,3.019522428512573242e-01,3.049975335597991943e-01,3.043193817138671875e-01,2.568085789680480957e-01,2.624764442443847656e-01,2.973684370517730713e-01,2.732854485511779785e-01,6.603603810071945190e-02,4.401559010148048401e-02,0.000000000000000000e+00,0.000000000000000000e+00,0.000000000000000000e+00,0.000000000000000000e+00,8.843242377042770386e-02,2.104431241750717163e-01,4.407214224338531494e-01,6.884684562683105469e-01,7.380385398864746094e-01,6.907662749290466309e-01,5.281884670257568359e-01
0.000000000000000000e+00,0.000000000000000000e+00,0.000000000000000000e+00,0.000000000000000000e+00,0.000000000000000000e+00,0.000000000000000000e+00,0.000000000000000000e+00,0.000000000000000000e+00,0.000000000000000000e+00,0.000000000000000000e+00,0.000000000000000000e+00,0.000000000000000000e+00,0.000000000000000000e+00,0.000000000000000000e+00,0.000000000000000000e+00,0.000000000000000000e+00,0.000000000000000000e+00,0.000000000000000000e+00,0.000000000000000000e+00,0.000000000000000000e+00,0.000000000000000000e+00,0.000000000000000000e+00,0.000000000000000000e+00,0.000000000000000000e+00,0.000000000000000000e+00,0.000000000000000000e+00,0.000000000000000000e+00,0.000000000000000000e+00,0.000000000000000000e+00,0.000000000000000000e+00,0.000000000000000000e+00,0.000000000000000000e+00,0.000000000000000000e+00,0.000000000000000000e+00,0.000000000000000000e+00,0.000000000000000000e+00,0.000000000000000000e+00,0.000000000000000000e+00,0.000000000000000000e+00,0.000000000000000000e+00,0.000000000000000000e+00,0.000000000000000000e+00,0.000000000000000000e+00,0.000000000000000000e+00,0.000000000000000000e+00,0.000000000000000000e+00,0.000000000000000000e+00,0.000000000000000000e+00,0.000000000000000000e+00,0.000000000000000000e+00,0.000000000000000000e+00,0.000000000000000000e+00,0.000000000000000000e+00,0.000000000000000000e+00,0.000000000000000000e+00,0.000000000000000000e+00,0.000000000000000000e+00,0.000000000000000000e+00,0.000000000000000000e+00,0.000000000000000000e+00,0.000000000000000000e+00,0.000000000000000000e+00,0.000000000000000000e+00,0.000000000000000000e+00,0.000000000000000000e+00,0.000000000000000000e+00,0.000000000000000000e+00,0.000000000000000000e+00,0.000000000000000000e+00,0.000000000000000000e+00,0.000000000000000000e+00,0.000000000000000000e+00,0.000000000000000000e+00,0.000000000000000000e+00,0.000000000000000000e+00,0.000000000000000000e+00,0.000000000000000000e+00,0.000000000000000000e+00,0.000000000000000000e+00,0.000000000000000000e+00,0.000000000000000000e+00,0.000000000000000000e+00,0.000000000000000000e+00,0.000000000000000000e+00,0.000000000000000000e+00,0.000000000000000000e+00,0.000000000000000000e+00,0.000000000000000000e+00,0.000000000000000000e+00,0.000000000000000000e+00,0.000000000000000000e+00,0.000000000000000000e+00,0.000000000000000000e+00,0.000000000000000000e+00,0.000000000000000000e+00,0.000000000000000000e+00,0.000000000000000000e+00,0.000000000000000000e+00,0.000000000000000000e+00,0.000000000000000000e+00,0.000000000000000000e+00,0.000000000000000000e+00,0.000000000000000000e+00,0.000000000000000000e+00,7.367062382400035858e-03,1.860350021161139011e-03,5.899304989725351334e-03,0.000000000000000000e+00,0.000000000000000000e+00,0.000000000000000000e+00,0.000000000000000000e+00,0.000000000000000000e+00,0.000000000000000000e+00,0.000000000000000000e+00,0.000000000000000000e+00,0.000000000000000000e+00,0.000000000000000000e+00,0.000000000000000000e+00,0.000000000000000000e+00,0.000000000000000000e+00,0.000000000000000000e+00,0.000000000000000000e+00,0.000000000000000000e+00,0.000000000000000000e+00,8.396804332733154297e-03,3.282217308878898621e-02,2.619584463536739349e-02,2.503219433128833771e-02,2.363779023289680481e-02,1.817319192923605442e-03,3.173593059182167053e-02,2.357243746519088745e-02,1.913577318191528320e-02,0.000000000000000000e+00,0.000000000000000000e+00,0.000000000000000000e+00,0.000000000000000000e+00,0.000000000000000000e+00,0.000000000000000000e+00,0.000000000000000000e+00,0.000000000000000000e+00,0.000000000000000000e+00,0.000000000000000000e+00,0.000000000000000000e+00,0.000000000000000000e+00,0.000000000000000000e+00,0.000000000000000000e+00,0.000000000000000000e+00,0.000000000000000000e+00,0.000000000000000000e+00,0.000000000000000000e+00,0.000000000000000000e+00,0.000000000000000000e+00,0.000000000000000000e+00,0.000000000000000000e+00,0.000000000000000000e+00,3.823755250778049231e-04,0.000000000000000000e+00,4.524659831076860428e-03,6.067617982625961304e-02,5.258162319660186768e-02,1.086378283798694611e-02,2.268890291452407837e-02,1.630477234721183777e-02,2.398398471996188164e-03,0.000000000000000000e+00,0.000000000000000000e+00,2.858632942661643028e-04,0.000000000000000000e+00,0.000000000000000000e+00,4.323434550315141678e-04,2.017436316236853600e-03,3.445213660597801208e-03,3.772453172132372856e-03,1.214491110295057297e-02,1.037325710058212280e-02,1.117040961980819702e-02,0.000000000000000000e+00,0.000000000000000000e+00,0.000000000000000000e+00,0.000000000000000000e+00,0.000000000000000000e+00,1.789112575352191925e-03,3.201363375410437584e-03,3.442525863647460938e-02,4.807821288704872131e-02,4.559318348765373230e-02,4.883212223649024963e-02,5.136168003082275391e-02,3.973385691642761230e-02,2.380463667213916779e-02,9.470488876104354858e-03,7.562803570181131363e-03,1.731467433273792267e-02,2.274885773658752441e-02,5.255198851227760315e-02,1.128158867359161377e-01,1.576983183622360229e-01,1.794118881225585938e-01,1.769200563430786133e-01,1.723454594612121582e-01,9.914339333772659302e-02,5.874254927039146423e-02,1.911345422267913818e-01,1.864618659019470215e-01,2.075432240962982178e-01,1.723173260688781738e-01,1.810680329799652100e-01,1.816441267728805542e-01,1.433710157871246338e-01,1.299929171800613403e-01,1.412921398878097534e-01,1.354094296693801880e-01,1.097725629806518555e-01,1.882751733064651489e-01,2.564506530761718750e-01,3.000506162643432617e-01,3.116517663002014160e-01,3.068180978298187256e-01,2.740581929683685303e-01,3.306789100170135498e-01,3.227963447570800781e-01,1.871824562549591064e-01,2.743338793516159058e-02,1.456854026764631271e-02,0.000000000000000000e+00,0.000000000000000000e+00,0.000000000000000000e+00,0.000000000000000000e+00,1.154520362615585327e-01,2.567540109157562256e-01,3.802059292793273926e-01,3.271189630031585693e-01,4.491789638996124268e-01,5.793052911758422852e-01,6.497145891189575195e-01
0.000000000000000000e+00,0.000000000000000000e+00,0.000000000000000000e+00,0.000000000000000000e+00,0.000000000000000000e+00,0.000000000000000000e+00,0.000000000000000000e+00,0.000000000000000000e+00,0.000000000000000000e+00,0.000000000000000000e+00,0.000000000000000000e+00,0.000000000000000000e+00,0.000000000000000000e+00,0.000000000000000000e+00,0.000000000000000000e+00,0.000000000000000000e+00,0.000000000000000000e+00,0.000000000000000000e+00,0.000000000000000000e+00,0.000000000000000000e+00,0.000000000000000000e+00,0.000000000000000000e+00,0.000000000000000000e+00,0.000000000000000000e+00,0.000000000000000000e+00,0.000000000000000000e+00,0.000000000000000000e+00,0.000000000000000000e+00,0.000000000000000000e+00,0.000000000000000000e+00,0.000000000000000000e+00,0.000000000000000000e+00,0.000000000000000000e+00,0.000000000000000000e+00,0.000000000000000000e+00,0.000000000000000000e+00,0.000000000000000000e+00,0.000000000000000000e+00,0.000000000000000000e+00,0.000000000000000000e+00,0.000000000000000000e+00,0.000000000000000000e+00,0.000000000000000000e+00,0.000000000000000000e+00,0.000000000000000000e+00,0.000000000000000000e+00,0.000000000000000000e+00,0.000000000000000000e+00,0.000000000000000000e+00,0.000000000000000000e+00,0.000000000000000000e+00,0.000000000000000000e+00,0.000000000000000000e+00,0.000000000000000000e+00,0.000000000000000000e+00,0.000000000000000000e+00,0.000000000000000000e+00,0.000000000000000000e+00,0.000000000000000000e+00,0.000000000000000000e+00,0.000000000000000000e+00,0.000000000000000000e+00,0.000000000000000000e+00,0.000000000000000000e+00,0.000000000000000000e+00,0.000000000000000000e+00,0.000000000000000000e+00,0.000000000000000000e+00,0.000000000000000000e+00,0.000000000000000000e+00,0.000000000000000000e+00,0.000000000000000000e+00,0.000000000000000000e+00,0.000000000000000000e+00,0.000000000000000000e+00,0.000000000000000000e+00,0.000000000000000000e+00,0.000000000000000000e+00,0.000000000000000000e+00,0.000000000000000000e+00,0.000000000000000000e+00,0.000000000000000000e+00,0.000000000000000000e+00,0.000000000000000000e+00,0.000000000000000000e+00,0.000000000000000000e+00,0.000000000000000000e+00,0.000000000000000000e+00,0.000000000000000000e+00,0.000000000000000000e+00,0.000000000000000000e+00,0.000000000000000000e+00,0.000000000000000000e+00,0.000000000000000000e+00,0.000000000000000000e+00,0.000000000000000000e+00,0.000000000000000000e+00,0.000000000000000000e+00,0.000000000000000000e+00,0.000000000000000000e+00,0.000000000000000000e+00,0.000000000000000000e+00,0.000000000000000000e+00,0.000000000000000000e+00,0.000000000000000000e+00,0.000000000000000000e+00,0.000000000000000000e+00,0.000000000000000000e+00,0.000000000000000000e+00,0.000000000000000000e+00,0.000000000000000000e+00,0.000000000000000000e+00,0.000000000000000000e+00,0.000000000000000000e+00,0.000000000000000000e+00,0.000000000000000000e+00,0.000000000000000000e+00,0.000000000000000000e+00,0.000000000000000000e+00,0.000000000000000000e+00,0.000000000000000000e+00,0.000000000000000000e+00,0.000000000000000000e+00,0.000000000000000000e+00,6.695037707686424255e-03,2.258510142564773560e-02,3.819757699966430664e-02,1.961134001612663269e-02,3.147050365805625916e-02,2.957716933451592922e-04,0.000000000000000000e+00,0.000000000000000000e+00,0.000000000000000000e+00,0.000000000000000000e+00,0.000000000000000000e+00,0.000000000000000000e+00,0.000000000000000000e+00,0.000000000000000000e+00,0.000000000000000000e+00,0.000000000000000000e+00,0.000000000000000000e+00,0.000000000000000000e+00,0.000000000000000000e+00,0.000000000000000000e+00,0.000000000000000000e+00,0.000000000000000000e+00,0.000000000000000000e+00,0.000000000000000000e+00,0.000000000000000000e+00,0.000000000000000000e+00,0.000000000000000000e+00,0.000000000000000000e+00,0.000000000000000000e+00,7.261856226250529289e-04,7.594294846057891846e-03,0.000000000000000000e+00,0.000000000000000000e+00,0.000000000000000000e+00,0.000000000000000000e+00,0.000000000000000000e+00,0.000000000000000000e+00,1.417930354364216328e-03,8.691182010807096958e-04,0.000000000000000000e+00,0.000000000000000000e+00,0.000000000000000000e+00,0.000000000000000000e+00,0.000000000000000000e+00,0.000000000000000000e+00,0.000000000000000000e+00,7.657829206436872482e-03,4.688981920480728149e-03,0.000000000000000000e+00,1.324187032878398895e-03,2.596388512756675482e-04,2.193626947700977325e-03,7.238209247589111328e-03,6.907117087393999100e-03,0.000000000000000000e+00,0.000000000000000000e+00,0.000000000000000000e+00,0.000000000000000000e+00,0.000000000000000000e+00,0.000000000000000000e+00,0.000000000000000000e+00,0.000000000000000000e+00,0.000000000000000000e+00,0.000000000000000000e+00,2.456893213093280792e-03,1.244676765054464340e-02,2.605706825852394104e-02,3.656469751149415970e-03,1.619450747966766357e-03,3.355278167873620987e-04,2.865947317332029343e-03,2.032229863107204437e-02,4.687067493796348572e-02,8.260008692741394043e-02,1.330471932888031006e-01,1.255555152893066406e-01,4.148127883672714233e-02,2.824683114886283875e-02,3.449589759111404419e-02,8.833888173103332520e-02,3.836672753095626831e-02,2.936973934993147850e-03,3.771457076072692871e-02,1.853149533271789551e-01,3.227196633815765381e-01,3.158971965312957764e-01,2.957649827003479004e-01,2.641104757785797119e-01,2.060996890068054199e-01,1.358769387006759644e-01,1.889600902795791626e-01,2.920047044754028320e-01,3.236163854598999023e-01,3.342566192150115967e-01,3.192038238048553467e-01,3.332623839378356934e-01,2.979273200035095215e-01,2.892451584339141846e-01,1.715400815010070801e-01,1.173337921500205994e-02,3.353288164362311363e-03,0.000000000000000000e+00,0.000000000000000000e+00,0.000000000000000000e+00,0.000000000000000000e+00,7.659047842025756836e-02,1.274908035993576050e-01,2.155728191137313843e-01,2.377856522798538208e-01,2.616411745548248291e-01,3.451454341411590576e-01,5.287520289421081543e-01
0.000000000000000000e+00,0.000000000000000000e+00,0.000000000000000000e+00,0.000000000000000000e+00,0.000000000000000000e+00,0.000000000000000000e+00,0.000000000000000000e+00,0.000000000000000000e+00,0.000000000000000000e+00,0.000000000000000000e+00,0.000000000000000000e+00,0.000000000000000000e+00,0.000000000000000000e+00,0.000000000000000000e+00,0.000000000000000000e+00,0.000000000000000000e+00,0.000000000000000000e+00,0.000000000000000000e+00,0.000000000000000000e+00,0.000000000000000000e+00,0.000000000000000000e+00,0.000000000000000000e+00,0.000000000000000000e+00,0.000000000000000000e+00,0.000000000000000000e+00,0.000000000000000000e+00,0.000000000000000000e+00,0.000000000000000000e+00,0.000000000000000000e+00,0.000000000000000000e+00,0.000000000000000000e+00,0.000000000000000000e+00,0.000000000000000000e+00,0.000000000000000000e+00,0.000000000000000000e+00,0.000000000000000000e+00,0.000000000000000000e+00,0.000000000000000000e+00,0.000000000000000000e+00,0.000000000000000000e+00,0.000000000000000000e+00,0.000000000000000000e+00,0.000000000000000000e+00,0.000000000000000000e+00,0.000000000000000000e+00,0.000000000000000000e+00,0.000000000000000000e+00,0.000000000000000000e+00,0.000000000000000000e+00,0.000000000000000000e+00,0.000000000000000000e+00,0.000000000000000000e+00,0.000000000000000000e+00,0.000000000000000000e+00,0.000000000000000000e+00,0.000000000000000000e+00,0.000000000000000000e+00,0.000000000000000000e+00,0.000000000000000000e+00,0.000000000000000000e+00,0.000000000000000000e+00,0.000000000000000000e+00,0.000000000000000000e+00,0.000000000000000000e+00,0.000000000000000000e+00,0.000000000000000000e+00,0.000000000000000000e+00,0.000000000000000000e+00,0.000000000000000000e+00,0.000000000000000000e+00,0.000000000000000000e+00,0.000000000000000000e+00,0.000000000000000000e+00,0.000000000000000000e+00,0.000000000000000000e+00,0.000000000000000000e+00,0.000000000000000000e+00,0.000000000000000000e+00,0.000000000000000000e+00,0.000000000000000000e+00,0.000000000000000000e+00,0.000000000000000000e+00,0.000000000000000000e+00,0.000000000000000000e+00,0.000000000000000000e+00,0.000000000000000000e+00,0.000000000000000000e+00,0.000000000000000000e+00,0.000000000000000000e+00,4.648026544600725174e-03,7.194513455033302307e-03,7.051740773022174835e-03,6.524676922708749771e-03,2.534143859520554543e-04,0.000000000000000000e+00,0.000000000000000000e+00,0.000000000000000000e+00,0.000000000000000000e+00,0.000000000000000000e+00,0.000000000000000000e+00,0.000000000000000000e+00,0.000000000000000000e+00,0.000000000000000000e+00,0.000000000000000000e+00,0.000000000000000000e+00,0.000000000000000000e+00,0.000000000000000000e+00,0.000000000000000000e+00,0.000000000000000000e+00,0.000000000000000000e+00,0.000000000000000000e+00,0.000000000000000000e+00,0.000000000000000000e+00,0.000000000000000000e+00,0.000000000000000000e+00,0.000000000000000000e+00,0.000000000000000000e+00,0.000000000000000000e+00,0.000000000000000000e+00,0.000000000000000000e+00,0.000000000000000000e+00,1.806009793654084206e-03,0.000000000000000000e+00,6.016420666128396988e-03,0.000000000000000000e+00,1.043479656800627708e-03,6.966865621507167816e-03,5.897101387381553650e-02,1.886692270636558533e-02,1.811452396214008331e-02,5.125560332089662552e-03,3.930396586656570435e-02,8.545728633180260658e-04,1.711685955524444580e-02,0.000000000000000000e+00,0.000000000000000000e+00,0.000000000000000000e+00,0.000000000000000000e+00,0.000000000000000000e+00,0.000000000000000000e+00,0.000000000000000000e+00,0.000000000000000000e+00,0.000000000000000000e+00,0.000000000000000000e+00,0.000000000000000000e+00,0.000000000000000000e+00,0.000000000000000000e+00,0.000000000000000000e+00,0.000000000000000000e+00,0.000000000000000000e+00,0.000000000000000000e+00,0.000000000000000000e+00,1.161962398327887058e-03,1.573705486953258514e-02,5.025345832109451294e-02,0.000000000000000000e+00,0.000000000000000000e+00,0.000000000000000000e+00,0.000000000000000000e+00,0.000000000000000000e+00,0.000000000000000000e+00,0.000000000000000000e+00,0.000000000000000000e+00,0.000000000000000000e+00,0.000000000000000000e+00,0.000000000000000000e+00,0.000000000000000000e+00,0.000000000000000000e+00,0.000000000000000000e+00,6.471279775723814964e-04,1.252214144915342331e-02,3.114697756245732307e-03,0.000000000000000000e+00,0.000000000000000000e+00,3.208106849342584610e-03,2.895505749620497227e-04,0.000000000000000000e+00,0.000000000000000000e+00,0.000000000000000000e+00,0.000000000000000000e+00,0.000000000000000000e+00,0.000000000000000000e+00,0.000000000000000000e+00,0.000000000000000000e+00,0.000000000000000000e+00,0.000000000000000000e+00,0.000000000000000000e+00,0.000000000000000000e+00,0.000000000000000000e+00,2.902905107475817204e-04,5.691462196409702301e-03,2.107750065624713898e-02,2.047071699053049088e-03,1.523091224953532219e-03,5.097602959722280502e-03,6.064735818654298782e-03,4.239476472139358521e-02,7.400487363338470459e-02,3.222075477242469788e-02,4.292363300919532776e-02,2.608664147555828094e-02,4.957193508744239807e-02,8.690603077411651611e-02,1.106453314423561096e-01,8.922440558671951294e-02,4.947200417518615723e-02,8.246583491563796997e-02,1.470144838094711304e-01,2.144318372011184692e-01,1.911409795284271240e-01,1.790872216224670410e-01,1.395933926105499268e-01,1.146964281797409058e-01,1.629854887723922729e-01,2.440586388111114502e-01,2.848976552486419678e-01,3.136620819568634033e-01,2.838934361934661865e-01,2.852473855018615723e-01,3.564310371875762939e-01,3.578173816204071045e-01,2.859576940536499023e-01,1.444575637578964233e-01,1.014281343668699265e-02,1.345331314951181412e-02,8.699903264641761780e-04,0.000000000000000000e+00,1.375241298228502274e-02,3.615869954228401184e-02,9.853721596300601959e-03,8.275987207889556885e-02,2.010301202535629272e-01,1.593929082155227661e-01,1.326902508735656738e-01,2.338283360004425049e-01,5.171603560447692871e-01
0.000000000000000000e+00,0.000000000000000000e+00,0.000000000000000000e+00,0.000000000000000000e+00,0.000000000000000000e+00,0.000000000000000000e+00,0.000000000000000000e+00,0.000000000000000000e+00,0.000000000000000000e+00,0.000000000000000000e+00,0.000000000000000000e+00,0.000000000000000000e+00,0.000000000000000000e+00,0.000000000000000000e+00,0.000000000000000000e+00,0.000000000000000000e+00,0.000000000000000000e+00,0.000000000000000000e+00,0.000000000000000000e+00,0.000000000000000000e+00,0.000000000000000000e+00,0.000000000000000000e+00,0.000000000000000000e+00,0.000000000000000000e+00,0.000000000000000000e+00,0.000000000000000000e+00,0.000000000000000000e+00,0.000000000000000000e+00,0.000000000000000000e+00,0.000000000000000000e+00,0.000000000000000000e+00,0.000000000000000000e+00,0.000000000000000000e+00,0.000000000000000000e+00,0.000000000000000000e+00,0.000000000000000000e+00,0.000000000000000000e+00,0.000000000000000000e+00,0.000000000000000000e+00,0.000000000000000000e+00,0.000000000000000000e+00,0.000000000000000000e+00,0.000000000000000000e+00,0.000000000000000000e+00,0.000000000000000000e+00,0.000000000000000000e+00,0.000000000000000000e+00,0.000000000000000000e+00,0.000000000000000000e+00,0.000000000000000000e+00,0.000000000000000000e+00,0.000000000000000000e+00,0.000000000000000000e+00,0.000000000000000000e+00,0.000000000000000000e+00,0.000000000000000000e+00,0.000000000000000000e+00,0.000000000000000000e+00,0.000000000000000000e+00,0.000000000000000000e+00,0.000000000000000000e+00,0.000000000000000000e+00,0.000000000000000000e+00,0.000000000000000000e+00,0.000000000000000000e+00,0.000000000000000000e+00,0.000000000000000000e+00,0.000000000000000000e+00,0.000000000000000000e+00,0.000000000000000000e+00,0.000000000000000000e+00,0.000000000000000000e+00,0.000000000000000000e+00,0.000000000000000000e+00,0.000000000000000000e+00,0.000000000000000000e+00,0.000000000000000000e+00,0.000000000000000000e+00,0.000000000000000000e+00,0.000000000000000000e+00,0.000000000000000000e+00,0.000000000000000000e+00,0.000000000000000000e+00,0.000000000000000000e+00,0.000000000000000000e+00,3.968402597820386291e-05,0.000000000000000000e+00,4.161576740443706512e-03,3.264564648270606995e-02,7.334290444850921631e-02,8.028797060251235962e-02,5.080722644925117493e-02,3.314322978258132935e-02,2.540671639144420624e-02,1.233771536499261856e-02,0.000000000000000000e+00,0.000000000000000000e+00,0.000000000000000000e+00,0.000000000000000000e+00,0.000000000000000000e+00,0.000000000000000000e+00,0.000000000000000000e+00,0.000000000000000000e+00,0.000000000000000000e+00,0.000000000000000000e+00,0.000000000000000000e+00,0.000000000000000000e+00,0.000000000000000000e+00,0.000000000000000000e+00,0.000000000000000000e+00,0.000000000000000000e+00,0.000000000000000000e+00,0.000000000000000000e+00,0.000000000000000000e+00,0.000000000000000000e+00,0.000000000000000000e+00,0.000000000000000000e+00,0.000000000000000000e+00,2.469168510288000107e-03,1.352087245322763920e-03,0.000000000000000000e+00,1.040567085146903992e-02,1.528097968548536301e-02,4.274942446500062943e-03,3.006000537425279617e-03,5.678861401975154877e-03,8.588207419961690903e-04,6.169193889945745468e-03,4.816797003149986267e-02,7.133811712265014648e-02,7.943385094404220581e-02,6.217082962393760681e-02,6.432288885116577148e-02,2.658922923728823662e-03,0.000000000000000000e+00,0.000000000000000000e+00,0.000000000000000000e+00,0.000000000000000000e+00,0.000000000000000000e+00,0.000000000000000000e+00,0.000000000000000000e+00,0.000000000000000000e+00,0.000000000000000000e+00,0.000000000000000000e+00,0.000000000000000000e+00,0.000000000000000000e+00,0.000000000000000000e+00,0.000000000000000000e+00,0.000000000000000000e+00,0.000000000000000000e+00,0.000000000000000000e+00,1.436412101611495018e-03,8.721367456018924713e-03,4.677910730242729187e-02,6.381595879793167114e-02,5.501792300492525101e-03,0.000000000000000000e+00,0.000000000000000000e+00,0.000000000000000000e+00,0.000000000000000000e+00,0.000000000000000000e+00,0.000000000000000000e+00,0.000000000000000000e+00,0.000000000000000000e+00,0.000000000000000000e+00,0.000000000000000000e+00,0.000000000000000000e+00,0.000000000000000000e+00,0.000000000000000000e+00,0.000000000000000000e+00,0.000000000000000000e+00,0.000000000000000000e+00,0.000000000000000000e+00,0.000000000000000000e+00,0.000000000000000000e+00,0.000000000000000000e+00,0.000000000000000000e+00,0.000000000000000000e+00,0.000000000000000000e+00,0.000000000000000000e+00,0.000000000000000000e+00,0.000000000000000000e+00,0.000000000000000000e+00,0.000000000000000000e+00,0.000000000000000000e+00,0.000000000000000000e+00,0.000000000000000000e+00,0.000000000000000000e+00,0.000000000000000000e+00,0.000000000000000000e+00,0.000000000000000000e+00,6.714474875479936600e-05,0.000000000000000000e+00,0.000000000000000000e+00,0.000000000000000000e+00,0.000000000000000000e+00,0.000000000000000000e+00,2.646779268980026245e-02,7.940118014812469482e-02,1.037432029843330383e-01,1.030468195676803589e-01,7.204598933458328247e-02,1.052092686295509338e-01,1.039906367659568787e-01,1.710597574710845947e-01,1.779544651508331299e-01,1.529544144868850708e-01,1.998739391565322876e-01,1.969614326953887939e-01,1.272329241037368774e-01,1.626530885696411133e-01,1.115906089544296265e-01,1.052180305123329163e-01,1.206468865275382996e-01,2.556402981281280518e-01,1.675275713205337524e-01,2.451397031545639038e-01,3.008462190628051758e-01,2.463726550340652466e-01,2.969510853290557861e-01,3.219854533672332764e-01,3.072938621044158936e-01,2.794433534145355225e-01,1.838604956865310669e-01,2.559542283415794373e-02,4.094366915524005890e-03,0.000000000000000000e+00,0.000000000000000000e+00,0.000000000000000000e+00,0.000000000000000000e+00,0.000000000000000000e+00,3.484042361378669739e-02,9.792032092809677124e-02,6.672547757625579834e-02,1.205212175846099854e-01,2.604898810386657715e-01
0.000000000000000000e+00,0.000000000000000000e+00,0.000000000000000000e+00,0.000000000000000000e+00,0.000000000000000000e+00,0.000000000000000000e+00,0.000000000000000000e+00,0.000000000000000000e+00,0.000000000000000000e+00,0.000000000000000000e+00,0.000000000000000000e+00,0.000000000000000000e+00,0.000000000000000000e+00,0.000000000000000000e+00,0.000000000000000000e+00,0.000000000000000000e+00,0.000000000000000000e+00,0.000000000000000000e+00,0.000000000000000000e+00,0.000000000000000000e+00,0.000000000000000000e+00,0.000000000000000000e+00,0.000000000000000000e+00,0.000000000000000000e+00,0.000000000000000000e+00,0.000000000000000000e+00,0.000000000000000000e+00,0.000000000000000000e+00,0.000000000000000000e+00,0.000000000000000000e+00,0.000000000000000000e+00,0.000000000000000000e+00,0.000000000000000000e+00,0.000000000000000000e+00,0.000000000000000000e+00,0.000000000000000000e+00,0.000000000000000000e+00,0.000000000000000000e+00,0.000000000000000000e+00,0.000000000000000000e+00,0.000000000000000000e+00,0.000000000000000000e+00,0.000000000000000000e+00,0.000000000000000000e+00,0.000000000000000000e+00,0.000000000000000000e+00,0.000000000000000000e+00,0.000000000000000000e+00,0.000000000000000000e+00,0.000000000000000000e+00,0.000000000000000000e+00,0.000000000000000000e+00,0.000000000000000000e+00,0.000000000000000000e+00,0.000000000000000000e+00,0.000000000000000000e+00,0.000000000000000000e+00,0.000000000000000000e+00,0.000000000000000000e+00,0.000000000000000000e+00,0.000000000000000000e+00,0.000000000000000000e+00,0.000000000000000000e+00,0.000000000000000000e+00,0.000000000000000000e+00,0.000000000000000000e+00,0.000000000000000000e+00,0.000000000000000000e+00,0.000000000000000000e+00,0.000000000000000000e+00,0.000000000000000000e+00,0.000000000000000000e+00,0.000000000000000000e+00,0.000000000000000000e+00,0.000000000000000000e+00,0.000000000000000000e+00,0.000000000000000000e+00,0.000000000000000000e+00,0.000000000000000000e+00,0.000000000000000000e+00,0.000000000000000000e+00,0.000000000000000000e+00,0.000000000000000000e+00,4.976721829734742641e-04,1.699083222774788737e-04,3.557212185114622116e-03,1.871686801314353943e-02,3.201486170291900635e-02,7.576923817396163940e-02,1.296177655458450317e-01,1.733152270317077637e-01,1.419286876916885376e-01,8.642350882291793823e-02,5.379959568381309509e-02,1.692887954413890839e-02,2.178312046453356743e-03,0.000000000000000000e+00,0.000000000000000000e+00,0.000000000000000000e+00,0.000000000000000000e+00,0.000000000000000000e+00,0.000000000000000000e+00,0.000000000000000000e+00,0.000000000000000000e+00,0.000000000000000000e+00,0.000000000000000000e+00,0.000000000000000000e+00,0.000000000000000000e+00,0.000000000000000000e+00,0.000000000000000000e+00,0.000000000000000000e+00,0.000000000000000000e+00,0.000000000000000000e+00,0.000000000000000000e+00,0.000000000000000000e+00,0.000000000000000000e+00,0.000000000000000000e+00,0.000000000000000000e+00,0.000000000000000000e+00,1.564954407513141632e-03,1.026080548763275146e-02,1.031204219907522202e-02,2.202159538865089417e-02,2.410935796797275543e-02,1.461478602141141891e-02,2.253399603068828583e-02,5.339833721518516541e-02,2.549648284912109375e-02,3.659998998045921326e-02,1.459916830062866211e-01,1.293322741985321045e-01,1.009956374764442444e-01,0.000000000000000000e+00,0.000000000000000000e+00,0.000000000000000000e+00,0.000000000000000000e+00,0.000000000000000000e+00,0.000000000000000000e+00,0.000000000000000000e+00,0.000000000000000000e+00,0.000000000000000000e+00,0.000000000000000000e+00,2.764074597507715225e-04,1.117763947695493698e-02,4.039593413472175598e-02,1.085873246192932129e-01,1.055345237255096436e-01,2.766828797757625580e-02,6.960304453969001770e-03,2.096784673631191254e-02,7.348814606666564941e-02,6.332248449325561523e-02,5.032064020633697510e-02,6.286720931529998779e-02,6.745418906211853027e-02,8.164013177156448364e-02,3.250110149383544922e-02,0.000000000000000000e+00,0.000000000000000000e+00,0.000000000000000000e+00,0.000000000000000000e+00,0.000000000000000000e+00,0.000000000000000000e+00,0.000000000000000000e+00,0.000000000000000000e+00,0.000000000000000000e+00,0.000000000000000000e+00,0.000000000000000000e+00,0.000000000000000000e+00,0.000000000000000000e+00,0.000000000000000000e+00,0.000000000000000000e+00,0.000000000000000000e+00,0.000000000000000000e+00,0.000000000000000000e+00,0.000000000000000000e+00,0.000000000000000000e+00,0.000000000000000000e+00,0.000000000000000000e+00,0.000000000000000000e+00,0.000000000000000000e+00,0.000000000000000000e+00,0.000000000000000000e+00,0.000000000000000000e+00,0.000000000000000000e+00,0.000000000000000000e+00,0.000000000000000000e+00,0.000000000000000000e+00,0.000000000000000000e+00,0.000000000000000000e+00,0.000000000000000000e+00,0.000000000000000000e+00,0.000000000000000000e+00,0.000000000000000000e+00,0.000000000000000000e+00,0.000000000000000000e+00,0.000000000000000000e+00,0.000000000000000000e+00,5.693306215107440948e-03,3.669013828039169312e-02,6.644742190837860107e-02,1.173863559961318970e-01,1.370885074138641357e-01,1.096363738179206848e-01,1.361962258815765381e-01,1.849583238363265991e-01,1.810849606990814209e-01,2.340770214796066284e-01,2.586495280265808105e-01,1.975069195032119751e-01,1.829451024532318115e-01,1.140813678503036499e-01,8.773855865001678467e-02,1.056196540594100952e-01,1.788136512041091919e-01,1.222270354628562927e-01,8.668140321969985962e-02,2.663860619068145752e-01,2.026003748178482056e-01,1.252885013818740845e-01,2.451595962047576904e-01,3.635856807231903076e-01,4.269944131374359131e-01,3.875016272068023682e-01,3.284461796283721924e-01,2.543371319770812988e-01,8.754272013902664185e-02,5.617579817771911621e-02,1.320719346404075623e-02,0.000000000000000000e+00,0.000000000000000000e+00,0.000000000000000000e+00,0.000000000000000000e+00,8.612414449453353882e-02,5.068964362144470215e-01,7.235914468765258789e-01
4.290806537028402090e-04,0.000000000000000000e+00,0.000000000000000000e+00,0.000000000000000000e+00,0.000000000000000000e+00,0.000000000000000000e+00,0.000000000000000000e+00,0.000000000000000000e+00,0.000000000000000000e+00,0.000000000000000000e+00,0.000000000000000000e+00,0.000000000000000000e+00,0.000000000000000000e+00,0.000000000000000000e+00,0.000000000000000000e+00,0.000000000000000000e+00,0.000000000000000000e+00,0.000000000000000000e+00,0.000000000000000000e+00,0.000000000000000000e+00,0.000000000000000000e+00,0.000000000000000000e+00,0.000000000000000000e+00,0.000000000000000000e+00,0.000000000000000000e+00,0.000000000000000000e+00,0.000000000000000000e+00,0.000000000000000000e+00,0.000000000000000000e+00,0.000000000000000000e+00,0.000000000000000000e+00,0.000000000000000000e+00,0.000000000000000000e+00,0.000000000000000000e+00,0.000000000000000000e+00,0.000000000000000000e+00,0.000000000000000000e+00,0.000000000000000000e+00,0.000000000000000000e+00,0.000000000000000000e+00,0.000000000000000000e+00,0.000000000000000000e+00,0.000000000000000000e+00,0.000000000000000000e+00,0.000000000000000000e+00,0.000000000000000000e+00,0.000000000000000000e+00,0.000000000000000000e+00,0.000000000000000000e+00,0.000000000000000000e+00,0.000000000000000000e+00,0.000000000000000000e+00,0.000000000000000000e+00,0.000000000000000000e+00,0.000000000000000000e+00,0.000000000000000000e+00,0.000000000000000000e+00,0.000000000000000000e+00,0.000000000000000000e+00,0.000000000000000000e+00,0.000000000000000000e+00,0.000000000000000000e+00,0.000000000000000000e+00,0.000000000000000000e+00,0.000000000000000000e+00,0.000000000000000000e+00,0.000000000000000000e+00,0.000000000000000000e+00,0.000000000000000000e+00,0.000000000000000000e+00,0.000000000000000000e+00,0.000000000000000000e+00,0.000000000000000000e+00,0.000000000000000000e+00,0.000000000000000000e+00,0.000000000000000000e+00,0.000000000000000000e+00,0.000000000000000000e+00,0.000000000000000000e+00,0.000000000000000000e+00,0.000000000000000000e+00,0.000000000000000000e+00,9.293569601140916348e-04,3.162334207445383072e-03,2.943236846476793289e-03,8.804080076515674591e-03,3.637959435582160950e-02,9.398477524518966675e-02,1.138584613800048828e-01,1.718909144401550293e-01,2.052704542875289917e-01,1.742284595966339111e-01,1.180425807833671570e-01,6.481727957725524902e-02,2.018043585121631622e-02,2.547197509557008743e-03,0.000000000000000000e+00,0.000000000000000000e+00,0.000000000000000000e+00,0.000000000000000000e+00,0.000000000000000000e+00,0.000000000000000000e+00,0.000000000000000000e+00,0.000000000000000000e+00,0.000000000000000000e+00,0.000000000000000000e+00,0.000000000000000000e+00,0.000000000000000000e+00,0.000000000000000000e+00,0.000000000000000000e+00,0.000000000000000000e+00,0.000000000000000000e+00,0.000000000000000000e+00,0.000000000000000000e+00,0.000000000000000000e+00,0.000000000000000000e+00,0.000000000000000000e+00,8.965311571955680847e-04,1.565361628308892250e-03,4.499306960497051477e-04,1.908446848392486572e-02,5.492976680397987366e-02,3.177238255739212036e-02,1.890906877815723419e-02,1.314329355955123901e-02,2.959237247705459595e-02,4.049400985240936279e-02,5.278519168496131897e-02,8.099949918687343597e-03,3.161204978823661804e-02,4.952975735068321228e-02,0.000000000000000000e+00,0.000000000000000000e+00,0.000000000000000000e+00,0.000000000000000000e+00,0.000000000000000000e+00,0.000000000000000000e+00,0.000000000000000000e+00,0.000000000000000000e+00,0.000000000000000000e+00,0.000000000000000000e+00,1.014073379337787628e-02,8.353624492883682251e-02,1.633629202842712402e-01,1.487571150064468384e-01,1.909217387437820435e-01,2.063998281955718994e-01,1.198626160621643066e-01,3.834939375519752502e-02,7.772022485733032227e-02,9.612147510051727295e-02,9.188028424978256226e-02,9.634179621934890747e-02,1.152617558836936951e-01,7.942622154951095581e-02,1.010274589061737061e-01,7.945909351110458374e-02,1.329653710126876831e-02,0.000000000000000000e+00,0.000000000000000000e+00,0.000000000000000000e+00,0.000000000000000000e+00,0.000000000000000000e+00,0.000000000000000000e+00,0.000000000000000000e+00,0.000000000000000000e+00,0.000000000000000000e+00,0.000000000000000000e+00,0.000000000000000000e+00,0.000000000000000000e+00,0.000000000000000000e+00,0.000000000000000000e+00,0.000000000000000000e+00,0.000000000000000000e+00,0.000000000000000000e+00,0.000000000000000000e+00,0.000000000000000000e+00,0.000000000000000000e+00,0.000000000000000000e+00,0.000000000000000000e+00,0.000000000000000000e+00,0.000000000000000000e+00,0.000000000000000000e+00,0.000000000000000000e+00,0.000000000000000000e+00,0.000000000000000000e+00,0.000000000000000000e+00,0.000000000000000000e+00,0.000000000000000000e+00,0.000000000000000000e+00,0.000000000000000000e+00,0.000000000000000000e+00,0.000000000000000000e+00,0.000000000000000000e+00,0.000000000000000000e+00,0.000000000000000000e+00,0.000000000000000000e+00,0.000000000000000000e+00,0.000000000000000000e+00,4.974557552486658096e-03,3.215871751308441162e-02,5.758654326200485229e-02,8.918578177690505981e-02,7.534304261207580566e-02,1.632534116506576538e-01,2.321114838123321533e-01,2.157345116138458252e-01,1.674611866474151611e-01,1.749574691057205200e-01,2.565608620643615723e-01,1.552807390689849854e-01,1.099453344941139221e-01,2.254860848188400269e-01,2.125751227140426636e-01,9.666731953620910645e-02,2.084873169660568237e-01,9.170703589916229248e-02,1.520002484321594238e-01,2.827924191951751709e-01,3.846369087696075439e-01,4.186005890369415283e-01,5.905857682228088379e-01,5.460383892059326172e-01,4.898237884044647217e-01,4.597985148429870605e-01,3.881625831127166748e-01,2.903807163238525391e-01,1.377009898424148560e-01,5.676783993840217590e-02,0.000000000000000000e+00,0.000000000000000000e+00,0.000000000000000000e+00,4.093961906619369984e-04,1.139413267374038696e-01,4.477652907371520996e-01,6.374998688697814941e-01
1.945496769621968269e-03,2.359214238822460175e-02,0.000000000000000000e+00,0.000000000000000000e+00,0.000000000000000000e+00,0.000000000000000000e+00,0.000000000000000000e+00,0.000000000000000000e+00,0.000000000000000000e+00,0.000000000000000000e+00,0.000000000000000000e+00,0.000000000000000000e+00,0.000000000000000000e+00,0.000000000000000000e+00,0.000000000000000000e+00,0.000000000000000000e+00,0.000000000000000000e+00,0.000000000000000000e+00,0.000000000000000000e+00,0.000000000000000000e+00,0.000000000000000000e+00,0.000000000000000000e+00,0.000000000000000000e+00,0.000000000000000000e+00,0.000000000000000000e+00,0.000000000000000000e+00,0.000000000000000000e+00,0.000000000000000000e+00,0.000000000000000000e+00,0.000000000000000000e+00,0.000000000000000000e+00,0.000000000000000000e+00,0.000000000000000000e+00,0.000000000000000000e+00,0.000000000000000000e+00,0.000000000000000000e+00,0.000000000000000000e+00,0.000000000000000000e+00,0.000000000000000000e+00,0.000000000000000000e+00,0.000000000000000000e+00,0.000000000000000000e+00,0.000000000000000000e+00,0.000000000000000000e+00,0.000000000000000000e+00,0.000000000000000000e+00,0.000000000000000000e+00,0.000000000000000000e+00,0.000000000000000000e+00,0.000000000000000000e+00,0.000000000000000000e+00,0.000000000000000000e+00,0.000000000000000000e+00,0.000000000000000000e+00,0.000000000000000000e+00,0.000000000000000000e+00,0.000000000000000000e+00,0.000000000000000000e+00,0.000000000000000000e+00,0.000000000000000000e+00,0.000000000000000000e+00,0.000000000000000000e+00,0.000000000000000000e+00,0.000000000000000000e+00,0.000000000000000000e+00,0.000000000000000000e+00,0.000000000000000000e+00,0.000000000000000000e+00,0.000000000000000000e+00,0.000000000000000000e+00,0.000000000000000000e+00,0.000000000000000000e+00,0.000000000000000000e+00,0.000000000000000000e+00,0.000000000000000000e+00,0.000000000000000000e+00,0.000000000000000000e+00,0.000000000000000000e+00,0.000000000000000000e+00,0.000000000000000000e+00,0.000000000000000000e+00,0.000000000000000000e+00,5.910253967158496380e-04,6.364762783050537109e-03,1.922734826803207397e-02,2.986814640462398529e-02,3.415802866220474243e-02,5.576256662607192993e-02,1.132057085633277893e-01,1.619163602590560913e-01,1.788836121559143066e-01,1.548517346382141113e-01,1.029820367693901062e-01,5.235454067587852478e-02,1.951366476714611053e-02,2.549841767176985741e-03,0.000000000000000000e+00,0.000000000000000000e+00,0.000000000000000000e+00,0.000000000000000000e+00,0.000000000000000000e+00,0.000000000000000000e+00,0.000000000000000000e+00,0.000000000000000000e+00,0.000000000000000000e+00,0.000000000000000000e+00,0.000000000000000000e+00,0.000000000000000000e+00,0.000000000000000000e+00,0.000000000000000000e+00,0.000000000000000000e+00,0.000000000000000000e+00,0.000000000000000000e+00,0.000000000000000000e+00,0.000000000000000000e+00,0.000000000000000000e+00,0.000000000000000000e+00,7.777424529194831848e-03,2.602207846939563751e-02,7.538166828453540802e-03,1.898756995797157288e-02,2.585625089704990387e-02,8.296606689691543579e-02,9.621182829141616821e-02,6.995100528001785278e-02,4.971711710095405579e-02,5.052578076720237732e-02,3.290613414719700813e-03,0.000000000000000000e+00,0.000000000000000000e+00,0.000000000000000000e+00,0.000000000000000000e+00,0.000000000000000000e+00,0.000000000000000000e+00,0.000000000000000000e+00,0.000000000000000000e+00,0.000000000000000000e+00,0.000000000000000000e+00,0.000000000000000000e+00,0.000000000000000000e+00,6.712365895509719849e-02,1.272751837968826294e-01,1.674848645925521851e-01,1.334472447633743286e-01,1.814411580562591553e-01,2.534964978694915771e-01,3.130633533000946045e-01,2.272478193044662476e-01,1.568934619426727295e-01,1.336130648851394653e-01,1.070224940776824951e-01,1.186439096927642822e-01,1.207675710320472717e-01,9.850792586803436279e-02,1.049891933798789978e-01,7.810746133327484131e-02,8.347143977880477905e-02,5.952383205294609070e-02,3.401733189821243286e-02,3.412911295890808105e-02,3.800419345498085022e-02,5.219755112193524837e-04,0.000000000000000000e+00,0.000000000000000000e+00,0.000000000000000000e+00,3.273509442806243896e-02,5.356744676828384399e-02,0.000000000000000000e+00,0.000000000000000000e+00,0.000000000000000000e+00,0.000000000000000000e+00,0.000000000000000000e+00,0.000000000000000000e+00,0.000000000000000000e+00,0.000000000000000000e+00,0.000000000000000000e+00,0.000000000000000000e+00,0.000000000000000000e+00,0.000000000000000000e+00,0.000000000000000000e+00,0.000000000000000000e+00,0.000000000000000000e+00,0.000000000000000000e+00,0.000000000000000000e+00,0.000000000000000000e+00,0.000000000000000000e+00,0.000000000000000000e+00,0.000000000000000000e+00,0.000000000000000000e+00,0.000000000000000000e+00,0.000000000000000000e+00,0.000000000000000000e+00,0.000000000000000000e+00,0.000000000000000000e+00,0.000000000000000000e+00,0.000000000000000000e+00,0.000000000000000000e+00,0.000000000000000000e+00,0.000000000000000000e+00,0.000000000000000000e+00,0.000000000000000000e+00,4.106502747163176537e-04,4.401479288935661316e-02,2.474382333457469940e-02,9.600695222616195679e-02,1.301089972257614136e-01,1.332887113094329834e-01,1.281314194202423096e-01,1.150020360946655273e-01,1.480344980955123901e-01,1.202836781740188599e-01,1.449970155954360962e-01,1.629015803337097168e-01,2.848496735095977783e-01,1.996176689863204956e-01,1.658871173858642578e-01,1.241474300622940063e-01,9.358879923820495605e-02,2.736936211585998535e-01,5.105177760124206543e-01,5.285046100616455078e-01,7.039557695388793945e-01,6.141620278358459473e-01,5.506525635719299316e-01,5.030719041824340820e-01,4.956684410572052002e-01,4.245429933071136475e-01,2.919831871986389160e-01,2.056642025709152222e-01,5.668298155069351196e-02,0.000000000000000000e+00,0.000000000000000000e+00,0.000000000000000000e+00,0.000000000000000000e+00,3.574396669864654541e-01,6.115388870239257812e-01
3.667930141091346741e-03,6.778405979275703430e-03,0.000000000000000000e+00,0.000000000000000000e+00,0.000000000000000000e+00,0.000000000000000000e+00,0.000000000000000000e+00,0.000000000000000000e+00,0.000000000000000000e+00,0.000000000000000000e+00,0.000000000000000000e+00,0.000000000000000000e+00,0.000000000000000000e+00,0.000000000000000000e+00,0.000000000000000000e+00,0.000000000000000000e+00,0.000000000000000000e+00,0.000000000000000000e+00,0.000000000000000000e+00,0.000000000000000000e+00,0.000000000000000000e+00,0.000000000000000000e+00,0.000000000000000000e+00,0.000000000000000000e+00,0.000000000000000000e+00,0.000000000000000000e+00,0.000000000000000000e+00,0.000000000000000000e+00,0.000000000000000000e+00,0.000000000000000000e+00,0.000000000000000000e+00,0.000000000000000000e+00,0.000000000000000000e+00,0.000000000000000000e+00,0.000000000000000000e+00,0.000000000000000000e+00,0.000000000000000000e+00,0.000000000000000000e+00,0.000000000000000000e+00,0.000000000000000000e+00,0.000000000000000000e+00,0.000000000000000000e+00,0.000000000000000000e+00,0.000000000000000000e+00,0.000000000000000000e+00,0.000000000000000000e+00,0.000000000000000000e+00,0.000000000000000000e+00,0.000000000000000000e+00,0.000000000000000000e+00,0.000000000000000000e+00,0.000000000000000000e+00,0.000000000000000000e+00,0.000000000000000000e+00,0.000000000000000000e+00,0.000000000000000000e+00,0.000000000000000000e+00,0.000000000000000000e+00,0.000000000000000000e+00,0.000000000000000000e+00,0.000000000000000000e+00,0.000000000000000000e+00,0.000000000000000000e+00,0.000000000000000000e+00,0.000000000000000000e+00,0.000000000000000000e+00,0.000000000000000000e+00,0.000000000000000000e+00,0.000000000000000000e+00,0.000000000000000000e+00,0.000000000000000000e+00,0.000000000000000000e+00,0.000000000000000000e+00,0.000000000000000000e+00,0.000000000000000000e+00,0.000000000000000000e+00,0.000000000000000000e+00,0.000000000000000000e+00,0.000000000000000000e+00,0.000000000000000000e+00,0.000000000000000000e+00,0.000000000000000000e+00,0.000000000000000000e+00,2.022166037932038307e-03,8.148474618792533875e-03,1.814339868724346161e-02,2.340000495314598083e-02,3.413118049502372742e-02,6.439095735549926758e-02,9.640199691057205200e-02,1.160820126533508301e-01,9.502132982015609741e-02,5.552449077367782593e-02,4.080889746546745300e-02,1.931960321962833405e-02,6.692163296975195408e-04,0.000000000000000000e+00,0.000000000000000000e+00,0.000000000000000000e+00,0.000000000000000000e+00,0.000000000000000000e+00,0.000000000000000000e+00,0.000000000000000000e+00,0.000000000000000000e+00,0.000000000000000000e+00,0.000000000000000000e+00,0.000000000000000000e+00,0.000000000000000000e+00,0.000000000000000000e+00,0.000000000000000000e+00,0.000000000000000000e+00,0.000000000000000000e+00,0.000000000000000000e+00,0.000000000000000000e+00,0.000000000000000000e+00,0.000000000000000000e+00,0.000000000000000000e+00,0.000000000000000000e+00,5.367852747440338135e-03,5.704869329929351807e-02,7.225166261196136475e-02,5.525925382971763611e-02,6.580218672752380371e-02,5.423752218484878540e-02,5.432938039302825928e-02,2.697407267987728119e-03,0.000000000000000000e+00,1.357569266110658646e-02,0.000000000000000000e+00,0.000000000000000000e+00,0.000000000000000000e+00,0.000000000000000000e+00,0.000000000000000000e+00,0.000000000000000000e+00,0.000000000000000000e+00,0.000000000000000000e+00,0.000000000000000000e+00,0.000000000000000000e+00,0.000000000000000000e+00,1.649593561887741089e-02,1.012128889560699463e-01,1.562571525573730469e-01,1.604905724525451660e-01,1.708594858646392822e-01,1.914155334234237671e-01,2.614286243915557861e-01,4.197591841220855713e-01,3.116135001182556152e-01,2.441025674343109131e-01,1.510764062404632568e-01,1.130010187625885010e-01,1.160297244787216187e-01,1.216299459338188171e-01,9.366242587566375732e-02,9.926514327526092529e-02,9.135277569293975830e-02,1.163138970732688904e-01,8.440440148115158081e-02,5.240155383944511414e-02,4.267580434679985046e-02,1.351806055754423141e-02,0.000000000000000000e+00,0.000000000000000000e+00,0.000000000000000000e+00,0.000000000000000000e+00,2.982986718416213989e-02,2.704934030771255493e-02,0.000000000000000000e+00,0.000000000000000000e+00,0.000000000000000000e+00,0.000000000000000000e+00,0.000000000000000000e+00,0.000000000000000000e+00,0.000000000000000000e+00,0.000000000000000000e+00,0.000000000000000000e+00,0.000000000000000000e+00,0.000000000000000000e+00,0.000000000000000000e+00,0.000000000000000000e+00,0.000000000000000000e+00,0.000000000000000000e+00,0.000000000000000000e+00,0.000000000000000000e+00,0.000000000000000000e+00,0.000000000000000000e+00,0.000000000000000000e+00,0.000000000000000000e+00,0.000000000000000000e+00,0.000000000000000000e+00,0.000000000000000000e+00,0.000000000000000000e+00,0.000000000000000000e+00,0.000000000000000000e+00,0.000000000000000000e+00,0.000000000000000000e+00,0.000000000000000000e+00,0.000000000000000000e+00,0.000000000000000000e+00,0.000000000000000000e+00,0.000000000000000000e+00,6.008855532854795456e-03,6.574436277151107788e-02,1.231267005205154419e-01,1.751340478658676147e-01,1.884415298700332642e-01,1.861885786056518555e-01,2.000897228717803955e-01,1.245931982994079590e-01,1.790704876184463501e-01,2.090501040220260620e-01,2.826272547245025635e-01,3.257628977298736572e-01,2.398851066827774048e-01,2.746554315090179443e-01,3.183198273181915283e-01,3.106371760368347168e-01,2.058891654014587402e-01,1.553669422864913940e-01,4.096549153327941895e-01,6.066843271255493164e-01,6.008364558219909668e-01,4.382926821708679199e-01,5.478296875953674316e-01,5.991407036781311035e-01,5.995277166366577148e-01,4.800337851047515869e-01,4.203066825866699219e-01,1.940041333436965942e-01,1.553681939840316772e-01,0.000000000000000000e+00,0.000000000000000000e+00,2.389495959505438805e-03,0.000000000000000000e+00,0.000000000000000000e+00,3.833502829074859619e-01
0.000000000000000000e+00,2.377258642809465528e-04,7.246552559081465006e-05,0.000000000000000000e+00,0.000000000000000000e+00,0.000000000000000000e+00,0.000000000000000000e+00,0.000000000000000000e+00,0.000000000000000000e+00,0.000000000000000000e+00,0.000000000000000000e+00,0.000000000000000000e+00,0.000000000000000000e+00,0.000000000000000000e+00,0.000000000000000000e+00,0.000000000000000000e+00,0.000000000000000000e+00,0.000000000000000000e+00,0.000000000000000000e+00,0.000000000000000000e+00,0.000000000000000000e+00,0.000000000000000000e+00,0.000000000000000000e+00,0.000000000000000000e+00,0.000000000000000000e+00,0.000000000000000000e+00,0.000000000000000000e+00,0.000000000000000000e+00,0.000000000000000000e+00,0.000000000000000000e+00,0.000000000000000000e+00,0.000000000000000000e+00,0.000000000000000000e+00,0.000000000000000000e+00,0.000000000000000000e+00,0.000000000000000000e+00,0.000000000000000000e+00,0.000000000000000000e+00,0.000000000000000000e+00,0.000000000000000000e+00,0.000000000000000000e+00,0.000000000000000000e+00,0.000000000000000000e+00,0.000000000000000000e+00,0.000000000000000000e+00,0.000000000000000000e+00,0.000000000000000000e+00,0.000000000000000000e+00,0.000000000000000000e+00,0.000000000000000000e+00,0.000000000000000000e+00,0.000000000000000000e+00,0.000000000000000000e+00,0.000000000000000000e+00,0.000000000000000000e+00,0.000000000000000000e+00,0.000000000000000000e+00,0.000000000000000000e+00,0.000000000000000000e+00,0.000000000000000000e+00,0.000000000000000000e+00,0.000000000000000000e+00,0.000000000000000000e+00,0.000000000000000000e+00,0.000000000000000000e+00,0.000000000000000000e+00,0.000000000000000000e+00,0.000000000000000000e+00,0.000000000000000000e+00,0.000000000000000000e+00,0.000000000000000000e+00,0.000000000000000000e+00,0.000000000000000000e+00,0.000000000000000000e+00,0.000000000000000000e+00,0.000000000000000000e+00,0.000000000000000000e+00,0.000000000000000000e+00,0.000000000000000000e+00,0.000000000000000000e+00,0.000000000000000000e+00,0.000000000000000000e+00,0.000000000000000000e+00,0.000000000000000000e+00,0.000000000000000000e+00,8.941901847720146179e-03,2.555408515036106110e-02,4.190541431307792664e-02,7.307325303554534912e-02,8.386337012052536011e-02,7.594759017229080200e-02,6.295792758464813232e-02,2.951296605169773102e-02,8.712121285498142242e-03,2.757522743195295334e-03,0.000000000000000000e+00,0.000000000000000000e+00,0.000000000000000000e+00,0.000000000000000000e+00,0.000000000000000000e+00,0.000000000000000000e+00,0.000000000000000000e+00,0.000000000000000000e+00,0.000000000000000000e+00,0.000000000000000000e+00,0.000000000000000000e+00,0.000000000000000000e+00,0.000000000000000000e+00,0.000000000000000000e+00,3.575515002012252808e-04,7.657182286493480206e-04,1.080234651453793049e-03,1.303215627558529377e-03,7.940584328025579453e-04,0.000000000000000000e+00,0.000000000000000000e+00,0.000000000000000000e+00,0.000000000000000000e+00,0.000000000000000000e+00,0.000000000000000000e+00,1.518517080694437027e-02,5.469341576099395752e-02,6.650790572166442871e-02,7.754262536764144897e-02,7.023815065622329712e-02,8.192574977874755859e-02,0.000000000000000000e+00,0.000000000000000000e+00,0.000000000000000000e+00,0.000000000000000000e+00,0.000000000000000000e+00,0.000000000000000000e+00,0.000000000000000000e+00,0.000000000000000000e+00,0.000000000000000000e+00,0.000000000000000000e+00,1.239740103483200073e-02,3.396440530195832253e-03,1.608503982424736023e-02,1.002502068877220154e-01,8.918114751577377319e-02,1.172619089484214783e-01,1.397228538990020752e-01,1.589927077293395996e-01,1.847329288721084595e-01,2.177053987979888916e-01,3.011096715927124023e-01,2.796151638031005859e-01,2.185778319835662842e-01,1.491457670927047729e-01,1.268774121999740601e-01,1.379328370094299316e-01,1.412490606307983398e-01,1.421472132205963135e-01,1.203890070319175720e-01,1.098106503486633301e-01,9.555869549512863159e-02,5.794884264469146729e-02,3.102557919919490814e-02,1.415901537984609604e-02,1.618631370365619659e-02,0.000000000000000000e+00,0.000000000000000000e+00,9.696720167994499207e-03,3.703528642654418945e-02,5.263369902968406677e-02,5.907844379544258118e-02,2.675672248005867004e-02,2.313845604658126831e-02,2.095631882548332214e-02,4.665850102901458740e-02,3.165436163544654846e-02,1.598640158772468567e-02,3.014394827187061310e-02,1.056446973234415054e-02,0.000000000000000000e+00,0.000000000000000000e+00,0.000000000000000000e+00,0.000000000000000000e+00,0.000000000000000000e+00,0.000000000000000000e+00,0.000000000000000000e+00,0.000000000000000000e+00,0.000000000000000000e+00,0.000000000000000000e+00,0.000000000000000000e+00,0.000000000000000000e+00,0.000000000000000000e+00,0.000000000000000000e+00,0.000000000000000000e+00,0.000000000000000000e+00,0.000000000000000000e+00,0.000000000000000000e+00,2.068822272121906281e-02,3.384452685713768005e-02,0.000000000000000000e+00,0.000000000000000000e+00,0.000000000000000000e+00,0.000000000000000000e+00,0.000000000000000000e+00,0.000000000000000000e+00,0.000000000000000000e+00,7.614392787218093872e-02,2.730318009853363037e-01,2.987328767776489258e-01,2.619811296463012695e-01,2.971812784671783447e-01,2.643431127071380615e-01,2.004057317972183228e-01,1.828929483890533447e-01,2.250338196754455566e-01,2.944757640361785889e-01,3.545712828636169434e-01,2.506541609764099121e-01,1.560704112052917480e-01,1.704157292842864990e-01,3.364509940147399902e-01,4.273494482040405273e-01,3.619103431701660156e-01,3.044219613075256348e-01,4.577597379684448242e-01,6.374214291572570801e-01,6.552747488021850586e-01,5.157902240753173828e-01,4.353556334972381592e-01,3.957693874835968018e-01,5.244299173355102539e-01,5.048222541809082031e-01,5.038592219352722168e-01,1.097653135657310486e-01,1.436159596778452396e-03,9.607323259115219116e-02,2.013315707445144653e-01,1.415305882692337036e-01,3.948413953185081482e-02,1.425253599882125854e-01
0.000000000000000000e+00,4.013066180050373077e-03,0.000000000000000000e+00,0.000000000000000000e+00,0.000000000000000000e+00,0.000000000000000000e+00,0.000000000000000000e+00,0.000000000000000000e+00,0.000000000000000000e+00,0.000000000000000000e+00,0.000000000000000000e+00,0.000000000000000000e+00,0.000000000000000000e+00,0.000000000000000000e+00,0.000000000000000000e+00,0.000000000000000000e+00,0.000000000000000000e+00,0.000000000000000000e+00,0.000000000000000000e+00,0.000000000000000000e+00,0.000000000000000000e+00,0.000000000000000000e+00,0.000000000000000000e+00,0.000000000000000000e+00,0.000000000000000000e+00,0.000000000000000000e+00,0.000000000000000000e+00,0.000000000000000000e+00,0.000000000000000000e+00,0.000000000000000000e+00,0.000000000000000000e+00,0.000000000000000000e+00,0.000000000000000000e+00,0.000000000000000000e+00,0.000000000000000000e+00,0.000000000000000000e+00,0.000000000000000000e+00,0.000000000000000000e+00,0.000000000000000000e+00,0.000000000000000000e+00,0.000000000000000000e+00,0.000000000000000000e+00,0.000000000000000000e+00,0.000000000000000000e+00,0.000000000000000000e+00,0.000000000000000000e+00,0.000000000000000000e+00,0.000000000000000000e+00,0.000000000000000000e+00,0.000000000000000000e+00,0.000000000000000000e+00,0.000000000000000000e+00,0.000000000000000000e+00,0.000000000000000000e+00,0.000000000000000000e+00,0.000000000000000000e+00,0.000000000000000000e+00,0.000000000000000000e+00,0.000000000000000000e+00,0.000000000000000000e+00,0.000000000000000000e+00,0.000000000000000000e+00,0.000000000000000000e+00,0.000000000000000000e+00,0.000000000000000000e+00,0.000000000000000000e+00,0.000000000000000000e+00,0.000000000000000000e+00,0.000000000000000000e+00,0.000000000000000000e+00,0.000000000000000000e+00,0.000000000000000000e+00,0.000000000000000000e+00,0.000000000000000000e+00,0.000000000000000000e+00,0.000000000000000000e+00,0.000000000000000000e+00,0.000000000000000000e+00,0.000000000000000000e+00,0.000000000000000000e+00,0.000000000000000000e+00,0.000000000000000000e+00,0.000000000000000000e+00,0.000000000000000000e+00,2.665418665856122971e-03,5.730768665671348572e-03,8.097102865576744080e-03,1.327744405716657639e-02,2.554675750434398651e-02,3.266099095344543457e-02,3.529978543519973755e-02,2.528108470141887665e-02,1.252196077257394791e-02,5.888664629310369492e-03,3.147858660668134689e-04,0.000000000000000000e+00,0.000000000000000000e+00,0.000000000000000000e+00,0.000000000000000000e+00,0.000000000000000000e+00,0.000000000000000000e+00,0.000000000000000000e+00,0.000000000000000000e+00,0.000000000000000000e+00,0.000000000000000000e+00,0.000000000000000000e+00,0.000000000000000000e+00,0.000000000000000000e+00,1.129358774051070213e-03,3.197195706889033318e-03,5.634622648358345032e-03,6.074737291783094406e-03,7.256269920617341995e-03,4.662476945668458939e-03,1.928215730004012585e-03,1.800757483579218388e-03,0.000000000000000000e+00,0.000000000000000000e+00,0.000000000000000000e+00,0.000000000000000000e+00,0.000000000000000000e+00,0.000000000000000000e+00,0.000000000000000000e+00,0.000000000000000000e+00,1.180941332131624222e-02,0.000000000000000000e+00,0.000000000000000000e+00,0.000000000000000000e+00,0.000000000000000000e+00,0.000000000000000000e+00,0.000000000000000000e+00,0.000000000000000000e+00,0.000000000000000000e+00,0.000000000000000000e+00,0.000000000000000000e+00,1.880905474536120892e-04,4.339848086237907410e-02,0.000000000000000000e+00,9.410083875991404057e-04,7.599639147520065308e-02,8.752956986427307129e-02,1.005806252360343933e-01,9.323260933160781860e-02,1.143161356449127197e-01,1.374931931495666504e-01,1.793303936719894409e-01,2.076083421707153320e-01,2.252330631017684937e-01,1.846477985382080078e-01,1.410680860280990601e-01,1.482666879892349243e-01,1.543032228946685791e-01,1.589881032705307007e-01,1.549091637134552002e-01,1.080480813980102539e-01,8.822735399007797241e-02,5.260292813181877136e-02,3.146220743656158447e-02,2.476380020380020142e-02,4.705287143588066101e-02,4.212863370776176453e-02,2.138906531035900116e-02,3.338220715522766113e-02,2.249409258365631104e-02,6.282451003789901733e-02,7.962860912084579468e-02,7.457505166530609131e-02,4.070946946740150452e-02,3.035202808678150177e-02,4.543213546276092529e-02,5.710839480161666870e-02,4.428156092762947083e-02,4.607664793729782104e-02,6.738455593585968018e-02,6.746383011341094971e-02,4.284582659602165222e-02,1.671872474253177643e-02,2.484875358641147614e-02,1.874010078608989716e-02,0.000000000000000000e+00,0.000000000000000000e+00,0.000000000000000000e+00,0.000000000000000000e+00,8.528927341103553772e-03,7.132361177355051041e-03,4.535146057605743408e-02,7.772716134786605835e-02,5.142686143517494202e-02,2.859901078045368195e-02,1.506415475159883499e-02,1.901972922496497631e-03,0.000000000000000000e+00,8.202961087226867676e-02,1.314313560724258423e-01,2.032011598348617554e-01,2.678374350070953369e-01,2.723501920700073242e-01,1.670516878366470337e-01,6.285321712493896484e-02,5.443219561129808426e-03,3.091124072670936584e-02,8.589426428079605103e-02,1.430346518754959106e-01,2.094350010156631470e-01,2.124612331390380859e-01,2.792607247829437256e-01,3.951127529144287109e-01,3.454207777976989746e-01,2.975242733955383301e-01,2.892318964004516602e-01,3.447329401969909668e-01,4.072067737579345703e-01,3.966264128684997559e-01,4.412285387516021729e-01,3.470056653022766113e-01,2.054199427366256714e-01,2.523851990699768066e-01,3.351624608039855957e-01,3.646900951862335205e-01,3.146163523197174072e-01,2.523745000362396240e-01,3.713958561420440674e-01,4.419964551925659180e-01,4.472979903221130371e-01,4.818893074989318848e-01,3.904357552528381348e-01,3.244738578796386719e-01,3.757454156875610352e-01,3.862845897674560547e-01,3.087043464183807373e-01,1.781899333000183105e-01,0.000000000000000000e+00,0.000000000000000000e+00,0.000000000000000000e+00,0.000000000000000000e+00,7.820434123277664185e-02
0.000000000000000000e+00,0.000000000000000000e+00,0.000000000000000000e+00,0.000000000000000000e+00,0.000000000000000000e+00,0.000000000000000000e+00,0.000000000000000000e+00,0.000000000000000000e+00,0.000000000000000000e+00,0.000000000000000000e+00,0.000000000000000000e+00,0.000000000000000000e+00,0.000000000000000000e+00,0.000000000000000000e+00,0.000000000000000000e+00,0.000000000000000000e+00,0.000000000000000000e+00,0.000000000000000000e+00,0.000000000000000000e+00,0.000000000000000000e+00,0.000000000000000000e+00,0.000000000000000000e+00,0.000000000000000000e+00,0.000000000000000000e+00,0.000000000000000000e+00,0.000000000000000000e+00,0.000000000000000000e+00,0.000000000000000000e+00,0.000000000000000000e+00,0.000000000000000000e+00,0.000000000000000000e+00,0.000000000000000000e+00,0.000000000000000000e+00,0.000000000000000000e+00,0.000000000000000000e+00,0.000000000000000000e+00,0.000000000000000000e+00,0.000000000000000000e+00,0.000000000000000000e+00,0.000000000000000000e+00,0.000000000000000000e+00,0.000000000000000000e+00,0.000000000000000000e+00,0.000000000000000000e+00,0.000000000000000000e+00,0.000000000000000000e+00,0.000000000000000000e+00,0.000000000000000000e+00,0.000000000000000000e+00,0.000000000000000000e+00,0.000000000000000000e+00,0.000000000000000000e+00,0.000000000000000000e+00,0.000000000000000000e+00,0.000000000000000000e+00,0.000000000000000000e+00,0.000000000000000000e+00,0.000000000000000000e+00,0.000000000000000000e+00,0.000000000000000000e+00,0.000000000000000000e+00,0.000000000000000000e+00,0.000000000000000000e+00,0.000000000000000000e+00,0.000000000000000000e+00,0.000000000000000000e+00,0.000000000000000000e+00,0.000000000000000000e+00,0.000000000000000000e+00,0.000000000000000000e+00,0.000000000000000000e+00,0.000000000000000000e+00,0.000000000000000000e+00,0.000000000000000000e+00,0.000000000000000000e+00,0.000000000000000000e+00,0.000000000000000000e+00,0.000000000000000000e+00,0.000000000000000000e+00,0.000000000000000000e+00,0.000000000000000000e+00,0.000000000000000000e+00,0.000000000000000000e+00,0.000000000000000000e+00,0.000000000000000000e+00,0.000000000000000000e+00,0.000000000000000000e+00,3.775130899157375097e-04,6.031771190464496613e-03,1.542137376964092255e-02,1.273038890212774277e-02,3.493677824735641479e-03,2.668220084160566330e-03,1.456061610952019691e-03,0.000000000000000000e+00,0.000000000000000000e+00,0.000000000000000000e+00,0.000000000000000000e+00,0.000000000000000000e+00,0.000000000000000000e+00,0.000000000000000000e+00,0.000000000000000000e+00,0.000000000000000000e+00,0.000000000000000000e+00,0.000000000000000000e+00,0.000000000000000000e+00,0.000000000000000000e+00,1.116867642849683762e-03,6.886349059641361237e-03,2.724082209169864655e-03,2.399189630523324013e-03,9.014436043798923492e-03,1.148538012057542801e-02,2.319876104593276978e-03,0.000000000000000000e+00,2.659060759469866753e-03,0.000000000000000000e+00,0.000000000000000000e+00,0.000000000000000000e+00,0.000000000000000000e+00,0.000000000000000000e+00,0.000000000000000000e+00,0.000000000000000000e+00,0.000000000000000000e+00,0.000000000000000000e+00,0.000000000000000000e+00,0.000000000000000000e+00,0.000000000000000000e+00,0.000000000000000000e+00,0.000000000000000000e+00,0.000000000000000000e+00,0.000000000000000000e+00,0.000000000000000000e+00,0.000000000000000000e+00,0.000000000000000000e+00,5.842596874572336674e-04,1.929003559052944183e-02,0.000000000000000000e+00,0.000000000000000000e+00,7.488319533877074718e-04,9.253227151930332184e-03,4.039662703871726990e-02,4.144385457038879395e-02,5.581215769052505493e-02,9.316658973693847656e-02,1.532585471868515015e-01,1.473360955715179443e-01,1.728640347719192505e-01,1.907811015844345093e-01,1.641984432935714722e-01,1.432879716157913208e-01,1.454008966684341431e-01,1.619850993156433105e-01,1.652581393718719482e-01,1.406766176223754883e-01,6.876395642757415771e-02,6.733627617359161377e-02,7.757699489593505859e-02,8.974553644657135010e-02,4.008449241518974304e-02,1.840669102966785431e-02,4.630889371037483215e-02,5.386813357472419739e-02,4.184581711888313293e-02,7.871906459331512451e-02,7.391064614057540894e-02,2.623378485441207886e-02,2.178001217544078827e-02,7.525354623794555664e-03,4.032955318689346313e-02,6.210977956652641296e-02,6.049707904458045959e-02,7.444192469120025635e-02,8.903155475854873657e-02,1.027264520525932312e-01,9.265825897455215454e-02,7.421700656414031982e-02,7.986474782228469849e-02,6.539355218410491943e-02,5.599284172058105469e-02,4.988532140851020813e-02,8.887566626071929932e-02,1.230061575770378113e-01,1.622674912214279175e-01,2.137011140584945679e-01,2.235092967748641968e-01,1.870626509189605713e-01,1.840168386697769165e-01,1.966294944286346436e-01,1.724239736795425415e-01,1.496137678623199463e-01,1.239092275500297546e-01,1.339275240898132324e-01,1.504124999046325684e-01,9.815344214439392090e-02,8.262297511100769043e-02,1.043244674801826477e-01,1.472780555486679077e-01,9.541612118482589722e-02,7.230107486248016357e-02,8.941774070262908936e-02,1.380664706230163574e-01,2.094641178846359253e-01,2.346105575561523438e-01,2.305265367031097412e-01,2.682424485683441162e-01,3.159661889076232910e-01,3.865922689437866211e-01,3.822755813598632812e-01,4.407426416873931885e-01,5.012586116790771484e-01,4.919078052043914795e-01,5.008689761161804199e-01,5.073537826538085938e-01,5.160523056983947754e-01,4.671387672424316406e-01,4.438185095787048340e-01,5.026249289512634277e-01,4.959338605403900146e-01,5.239681601524353027e-01,4.906226694583892822e-01,4.925754070281982422e-01,2.212813496589660645e-01,1.473120599985122681e-01,3.071789741516113281e-01,2.765398025512695312e-01,7.068590074777603149e-02,0.000000000000000000e+00,1.305534839630126953e-01,2.394683957099914551e-01,2.787257730960845947e-01,2.054155319929122925e-01,3.509107232093811035e-01,4.671849012374877930e-01,4.069378077983856201e-01,4.416422545909881592e-01
1.468252157792448997e-03,0.000000000000000000e+00,0.000000000000000000e+00,0.000000000000000000e+00,0.000000000000000000e+00,0.000000000000000000e+00,0.000000000000000000e+00,2.685638144612312317e-03,0.000000000000000000e+00,0.000000000000000000e+00,0.000000000000000000e+00,0.000000000000000000e+00,0.000000000000000000e+00,0.000000000000000000e+00,0.000000000000000000e+00,0.000000000000000000e+00,0.000000000000000000e+00,0.000000000000000000e+00,0.000000000000000000e+00,0.000000000000000000e+00,0.000000000000000000e+00,0.000000000000000000e+00,0.000000000000000000e+00,0.000000000000000000e+00,0.000000000000000000e+00,0.000000000000000000e+00,0.000000000000000000e+00,0.000000000000000000e+00,0.000000000000000000e+00,0.000000000000000000e+00,0.000000000000000000e+00,0.000000000000000000e+00,0.000000000000000000e+00,0.000000000000000000e+00,0.000000000000000000e+00,0.000000000000000000e+00,0.000000000000000000e+00,0.000000000000000000e+00,0.000000000000000000e+00,0.000000000000000000e+00,0.000000000000000000e+00,0.000000000000000000e+00,0.000000000000000000e+00,0.000000000000000000e+00,0.000000000000000000e+00,0.000000000000000000e+00,0.000000000000000000e+00,0.000000000000000000e+00,0.000000000000000000e+00,0.000000000000000000e+00,0.000000000000000000e+00,0.000000000000000000e+00,0.000000000000000000e+00,0.000000000000000000e+00,0.000000000000000000e+00,0.000000000000000000e+00,0.000000000000000000e+00,0.000000000000000000e+00,0.000000000000000000e+00,0.000000000000000000e+00,0.000000000000000000e+00,0.000000000000000000e+00,0.000000000000000000e+00,0.000000000000000000e+00,0.000000000000000000e+00,0.000000000000000000e+00,0.000000000000000000e+00,0.000000000000000000e+00,0.000000000000000000e+00,0.000000000000000000e+00,0.000000000000000000e+00,0.000000000000000000e+00,0.000000000000000000e+00,0.000000000000000000e+00,0.000000000000000000e+00,0.000000000000000000e+00,0.000000000000000000e+00,0.000000000000000000e+00,0.000000000000000000e+00,0.000000000000000000e+00,0.000000000000000000e+00,0.000000000000000000e+00,0.000000000000000000e+00,0.000000000000000000e+00,0.000000000000000000e+00,0.000000000000000000e+00,0.000000000000000000e+00,0.000000000000000000e+00,1.150698153651319444e-04,1.412960467860102654e-03,1.245737075805664062e-03,0.000000000000000000e+00,0.000000000000000000e+00,0.000000000000000000e+00,0.000000000000000000e+00,0.000000000000000000e+00,0.000000000000000000e+00,0.000000000000000000e+00,0.000000000000000000e+00,0.000000000000000000e+00,0.000000000000000000e+00,0.000000000000000000e+00,0.000000000000000000e+00,0.000000000000000000e+00,0.000000000000000000e+00,0.000000000000000000e+00,0.000000000000000000e+00,2.928449306637048721e-03,6.316409911960363388e-03,1.285476493649184704e-03,3.738336963579058647e-03,8.799751289188861847e-03,1.338724885135889053e-02,1.131572015583515167e-02,5.587576422840356827e-03,5.942475982010364532e-04,0.000000000000000000e+00,0.000000000000000000e+00,0.000000000000000000e+00,0.000000000000000000e+00,0.000000000000000000e+00,0.000000000000000000e+00,0.000000000000000000e+00,0.000000000000000000e+00,0.000000000000000000e+00,0.000000000000000000e+00,0.000000000000000000e+00,0.000000000000000000e+00,0.000000000000000000e+00,0.000000000000000000e+00,0.000000000000000000e+00,0.000000000000000000e+00,0.000000000000000000e+00,0.000000000000000000e+00,0.000000000000000000e+00,0.000000000000000000e+00,0.000000000000000000e+00,0.000000000000000000e+00,0.000000000000000000e+00,0.000000000000000000e+00,0.000000000000000000e+00,0.000000000000000000e+00,1.493704505264759064e-03,5.430991947650909424e-02,8.121091127395629883e-02,8.918233215808868408e-02,1.041729450225830078e-01,1.600242257118225098e-01,1.938536912202835083e-01,1.677826344966888428e-01,1.546493768692016602e-01,1.432999819517135620e-01,1.419851183891296387e-01,1.466527879238128662e-01,1.092677861452102661e-01,7.698195427656173706e-02,1.082218438386917114e-01,9.838341921567916870e-02,7.530064880847930908e-02,3.219565004110336304e-02,2.529078535735607147e-02,8.668433129787445068e-02,8.547229319810867310e-02,7.571959495544433594e-02,7.289884239435195923e-02,8.310114592313766479e-02,7.213957607746124268e-02,3.058079071342945099e-02,2.504803799092769623e-02,3.993298858404159546e-02,5.704968422651290894e-02,5.233212932944297791e-02,7.628989964723587036e-02,1.073765605688095093e-01,1.131717637181282043e-01,9.486393630504608154e-02,8.657713234424591064e-02,1.031108126044273376e-01,1.272024512290954590e-01,1.214881017804145813e-01,1.047768965363502502e-01,9.720969200134277344e-02,1.255295723676681519e-01,1.918978393077850342e-01,2.268416434526443481e-01,2.477789223194122314e-01,2.446625083684921265e-01,2.478408068418502808e-01,2.264470756053924561e-01,2.143152803182601929e-01,2.012990862131118774e-01,1.453212350606918335e-01,1.429431885480880737e-01,1.166139021515846252e-01,9.613542258739471436e-02,7.764033973217010498e-02,8.189551532268524170e-02,9.239659458398818970e-02,1.088650599122047424e-01,1.295142471790313721e-01,1.333784610033035278e-01,1.232683882117271423e-01,1.477003693580627441e-01,1.441571861505508423e-01,7.639429718255996704e-02,8.475545048713684082e-02,1.413347125053405762e-01,2.518038749694824219e-01,2.457775324583053589e-01,3.235701024532318115e-01,4.950678348541259766e-01,6.078522801399230957e-01,6.236638426780700684e-01,7.089741230010986328e-01,7.302713394165039062e-01,6.559975743293762207e-01,6.679953336715698242e-01,5.799294710159301758e-01,5.678509473800659180e-01,8.170582652091979980e-01,8.037025928497314453e-01,6.099430322647094727e-01,3.879944980144500732e-01,1.470018178224563599e-01,3.874820172786712646e-01,5.723004937171936035e-01,3.390761017799377441e-01,0.000000000000000000e+00,0.000000000000000000e+00,3.569256886839866638e-02,5.324149727821350098e-01,6.619198322296142578e-01,7.966461181640625000e-01,8.007642030715942383e-01,8.004285693168640137e-01,7.605888843536376953e-01
2.009389456361532211e-03,0.000000000000000000e+00,6.196946371346712112e-03,3.229976166039705276e-03,0.000000000000000000e+00,0.000000000000000000e+00,0.000000000000000000e+00,3.720514709129929543e-03,6.875082384794950485e-03,8.462884463369846344e-03,2.859950996935367584e-03,0.000000000000000000e+00,0.000000000000000000e+00,0.000000000000000000e+00,0.000000000000000000e+00,0.000000000000000000e+00,0.000000000000000000e+00,0.000000000000000000e+00,0.000000000000000000e+00,0.000000000000000000e+00,0.000000000000000000e+00,0.000000000000000000e+00,0.000000000000000000e+00,0.000000000000000000e+00,0.000000000000000000e+00,0.000000000000000000e+00,0.000000000000000000e+00,0.000000000000000000e+00,0.000000000000000000e+00,0.000000000000000000e+00,0.000000000000000000e+00,0.000000000000000000e+00,0.000000000000000000e+00,0.000000000000000000e+00,0.000000000000000000e+00,0.000000000000000000e+00,0.000000000000000000e+00,0.000000000000000000e+00,0.000000000000000000e+00,0.000000000000000000e+00,0.000000000000000000e+00,0.000000000000000000e+00,0.000000000000000000e+00,0.000000000000000000e+00,0.000000000000000000e+00,0.000000000000000000e+00,0.000000000000000000e+00,0.000000000000000000e+00,0.000000000000000000e+00,0.000000000000000000e+00,0.000000000000000000e+00,0.000000000000000000e+00,0.000000000000000000e+00,0.000000000000000000e+00,0.000000000000000000e+00,0.000000000000000000e+00,0.000000000000000000e+00,0.000000000000000000e+00,0.000000000000000000e+00,0.000000000000000000e+00,0.000000000000000000e+00,0.000000000000000000e+00,0.000000000000000000e+00,0.000000000000000000e+00,0.000000000000000000e+00,0.000000000000000000e+00,0.000000000000000000e+00,0.000000000000000000e+00,0.000000000000000000e+00,0.000000000000000000e+00,0.000000000000000000e+00,0.000000000000000000e+00,0.000000000000000000e+00,0.000000000000000000e+00,0.000000000000000000e+00,0.000000000000000000e+00,0.000000000000000000e+00,0.000000000000000000e+00,0.000000000000000000e+00,0.000000000000000000e+00,0.000000000000000000e+00,0.000000000000000000e+00,0.000000000000000000e+00,0.000000000000000000e+00,0.000000000000000000e+00,0.000000000000000000e+00,0.000000000000000000e+00,0.000000000000000000e+00,0.000000000000000000e+00,0.000000000000000000e+00,0.000000000000000000e+00,0.000000000000000000e+00,0.000000000000000000e+00,0.000000000000000000e+00,0.000000000000000000e+00,0.000000000000000000e+00,0.000000000000000000e+00,0.000000000000000000e+00,0.000000000000000000e+00,0.000000000000000000e+00,0.000000000000000000e+00,0.000000000000000000e+00,0.000000000000000000e+00,0.000000000000000000e+00,0.000000000000000000e+00,0.000000000000000000e+00,0.000000000000000000e+00,0.000000000000000000e+00,1.812072354368865490e-03,5.928006488829851151e-03,2.511211205273866653e-03,5.211573559790849686e-03,8.298202417790889740e-03,1.882461714558303356e-03,3.623436437919735909e-03,2.365111140534281731e-03,0.000000000000000000e+00,0.000000000000000000e+00,0.000000000000000000e+00,0.000000000000000000e+00,0.000000000000000000e+00,0.000000000000000000e+00,0.000000000000000000e+00,0.000000000000000000e+00,0.000000000000000000e+00,0.000000000000000000e+00,0.000000000000000000e+00,0.000000000000000000e+00,0.000000000000000000e+00,0.000000000000000000e+00,0.000000000000000000e+00,0.000000000000000000e+00,0.000000000000000000e+00,0.000000000000000000e+00,0.000000000000000000e+00,0.000000000000000000e+00,0.000000000000000000e+00,0.000000000000000000e+00,0.000000000000000000e+00,0.000000000000000000e+00,0.000000000000000000e+00,0.000000000000000000e+00,3.446085902396589518e-04,4.399130493402481079e-02,7.556585222482681274e-02,9.991985559463500977e-02,1.408711820840835571e-01,1.638595759868621826e-01,1.617821305990219116e-01,1.495759785175323486e-01,1.465365588665008545e-01,1.329976767301559448e-01,1.259629130363464355e-01,1.272010803222656250e-01,1.265087574720382690e-01,1.052061915397644043e-01,1.278354376554489136e-01,9.724367409944534302e-02,6.393837928771972656e-02,6.107234954833984375e-02,3.435783833265304565e-02,8.637000620365142822e-02,9.533099085092544556e-02,8.504936844110488892e-02,8.493274450302124023e-02,8.652955293655395508e-02,8.148965984582901001e-02,4.532136023044586182e-02,2.647732011973857880e-02,4.484885931015014648e-02,5.648558959364891052e-02,6.069934740662574768e-02,7.118728011846542358e-02,9.231912344694137573e-02,1.016457378864288330e-01,1.182525753974914551e-01,1.330867111682891846e-01,1.300836205482482910e-01,1.321022063493728638e-01,1.319585293531417847e-01,1.447147727012634277e-01,1.542547643184661865e-01,1.714419275522232056e-01,2.061398774385452271e-01,2.583324313163757324e-01,2.700051069259643555e-01,2.932983338832855225e-01,3.011831045150756836e-01,2.899695932865142822e-01,2.408350557088851929e-01,2.253702580928802490e-01,1.746418178081512451e-01,1.113113164901733398e-01,1.335802078247070312e-01,1.011249795556068420e-01,9.506714344024658203e-02,9.670154750347137451e-02,1.247235834598541260e-01,1.489270031452178955e-01,2.152892053127288818e-01,1.687136292457580566e-01,1.167983934283256531e-01,9.790405631065368652e-02,1.466853022575378418e-01,1.185143962502479553e-01,1.542996913194656372e-01,2.327546626329421997e-01,3.137164115905761719e-01,2.681184113025665283e-01,4.153108298778533936e-01,5.270434617996215820e-01,5.572033524513244629e-01,5.437605381011962891e-01,6.053717136383056641e-01,7.347446680068969727e-01,7.745533585548400879e-01,8.607338666915893555e-01,8.821988701820373535e-01,8.888275027275085449e-01,8.419805765151977539e-01,7.229054570198059082e-01,5.086248517036437988e-01,2.012795954942703247e-01,2.699430286884307861e-01,3.255041539669036865e-01,3.479790687561035156e-01,2.522870600223541260e-01,2.670593559741973877e-01,0.000000000000000000e+00,6.791035085916519165e-02,6.485618948936462402e-01,8.194843530654907227e-01,8.367342352867126465e-01,1.002119064331054688e+00,1.158800959587097168e+00,1.099772453308105469e+00
2.507124561816453934e-03,1.498457510024309158e-03,1.454750075936317444e-02,2.681805007159709930e-02,7.653747219592332840e-03,2.360658254474401474e-03,0.000000000000000000e+00,0.000000000000000000e+00,8.216862916015088558e-04,2.405982231721282005e-03,1.894880086183547974e-03,0.000000000000000000e+00,0.000000000000000000e+00,0.000000000000000000e+00,0.000000000000000000e+00,0.000000000000000000e+00,0.000000000000000000e+00,0.000000000000000000e+00,0.000000000000000000e+00,0.000000000000000000e+00,0.000000000000000000e+00,0.000000000000000000e+00,0.000000000000000000e+00,0.000000000000000000e+00,0.000000000000000000e+00,0.000000000000000000e+00,0.000000000000000000e+00,0.000000000000000000e+00,0.000000000000000000e+00,0.000000000000000000e+00,0.000000000000000000e+00,0.000000000000000000e+00,0.000000000000000000e+00,0.000000000000000000e+00,0.000000000000000000e+00,0.000000000000000000e+00,0.000000000000000000e+00,0.000000000000000000e+00,0.000000000000000000e+00,0.000000000000000000e+00,0.000000000000000000e+00,0.000000000000000000e+00,0.000000000000000000e+00,0.000000000000000000e+00,0.000000000000000000e+00,0.000000000000000000e+00,0.000000000000000000e+00,0.000000000000000000e+00,0.000000000000000000e+00,0.000000000000000000e+00,0.000000000000000000e+00,0.000000000000000000e+00,0.000000000000000000e+00,0.000000000000000000e+00,0.000000000000000000e+00,0.000000000000000000e+00,0.000000000000000000e+00,0.000000000000000000e+00,0.000000000000000000e+00,0.000000000000000000e+00,0.000000000000000000e+00,0.000000000000000000e+00,0.000000000000000000e+00,0.000000000000000000e+00,0.000000000000000000e+00,0.000000000000000000e+00,0.000000000000000000e+00,0.000000000000000000e+00,0.000000000000000000e+00,0.000000000000000000e+00,0.000000000000000000e+00,0.000000000000000000e+00,0.000000000000000000e+00,0.000000000000000000e+00,0.000000000000000000e+00,0.000000000000000000e+00,0.000000000000000000e+00,0.000000000000000000e+00,0.000000000000000000e+00,0.000000000000000000e+00,0.000000000000000000e+00,0.000000000000000000e+00,0.000000000000000000e+00,0.000000000000000000e+00,0.000000000000000000e+00,0.000000000000000000e+00,0.000000000000000000e+00,0.000000000000000000e+00,0.000000000000000000e+00,0.000000000000000000e+00,0.000000000000000000e+00,0.000000000000000000e+00,0.000000000000000000e+00,0.000000000000000000e+00,0.000000000000000000e+00,0.000000000000000000e+00,0.000000000000000000e+00,0.000000000000000000e+00,0.000000000000000000e+00,0.000000000000000000e+00,0.000000000000000000e+00,0.000000000000000000e+00,0.000000000000000000e+00,0.000000000000000000e+00,0.000000000000000000e+00,0.000000000000000000e+00,0.000000000000000000e+00,0.000000000000000000e+00,0.000000000000000000e+00,1.477729761973023415e-03,1.998104155063629150e-03,1.461341627873480320e-03,0.000000000000000000e+00,0.000000000000000000e+00,0.000000000000000000e+00,0.000000000000000000e+00,0.000000000000000000e+00,0.000000000000000000e+00,0.000000000000000000e+00,1.180533133447170258e-02,2.818989567458629608e-02,0.000000000000000000e+00,0.000000000000000000e+00,0.000000000000000000e+00,0.000000000000000000e+00,0.000000000000000000e+00,0.000000000000000000e+00,0.000000000000000000e+00,0.000000000000000000e+00,0.000000000000000000e+00,0.000000000000000000e+00,0.000000000000000000e+00,0.000000000000000000e+00,0.000000000000000000e+00,0.000000000000000000e+00,0.000000000000000000e+00,0.000000000000000000e+00,0.000000000000000000e+00,0.000000000000000000e+00,0.000000000000000000e+00,0.000000000000000000e+00,0.000000000000000000e+00,1.185755478218197823e-03,2.446946129202842712e-02,6.715808063745498657e-02,1.244091540575027466e-01,1.473628580570220947e-01,1.688259840011596680e-01,1.513226032257080078e-01,1.353265345096588135e-01,1.123532652854919434e-01,7.095555216073989868e-02,8.819816261529922485e-02,1.448180228471755981e-01,1.507593393325805664e-01,1.470525562763214111e-01,1.283555924892425537e-01,9.993860870599746704e-02,8.511998504400253296e-02,7.588077336549758911e-02,5.808582156896591187e-02,1.186389178037643433e-01,1.173865646123886108e-01,1.049800664186477661e-01,9.145459532737731934e-02,8.824443072080612183e-02,9.345808625221252441e-02,7.568678259849548340e-02,4.955295100808143616e-02,4.644471779465675354e-02,7.272646576166152954e-02,8.842250704765319824e-02,6.858316808938980103e-02,9.091471135616302490e-02,9.735387563705444336e-02,1.113781630992889404e-01,1.273852139711380005e-01,1.309506595134735107e-01,1.312489360570907593e-01,1.582209765911102295e-01,1.635399311780929565e-01,1.763580590486526489e-01,1.988756954669952393e-01,2.281157076358795166e-01,2.416189908981323242e-01,2.621793150901794434e-01,2.622374892234802246e-01,3.063462674617767334e-01,2.778053581714630127e-01,2.574329376220703125e-01,2.326388806104660034e-01,1.963943243026733398e-01,1.313394457101821899e-01,7.605214416980743408e-02,1.835972070693969727e-02,1.196373719722032547e-02,5.935500934720039368e-02,7.489655166864395142e-02,1.584444493055343628e-01,2.584904432296752930e-01,1.605003327131271362e-01,8.213706314563751221e-02,1.103908121585845947e-01,1.221045106649398804e-01,1.164496615529060364e-01,2.171016484498977661e-01,2.590297162532806396e-01,2.945330440998077393e-01,2.569844126701354980e-01,1.575246304273605347e-01,2.674843370914459229e-01,4.723601341247558594e-01,5.031422376632690430e-01,4.975624680519104004e-01,5.180078148841857910e-01,6.942372918128967285e-01,9.597320556640625000e-01,9.469901919364929199e-01,9.861438870429992676e-01,9.500532150268554688e-01,8.926945924758911133e-01,7.199831008911132812e-01,4.486816525459289551e-01,3.736009299755096436e-01,3.194465041160583496e-01,8.192549645900726318e-02,2.338882237672805786e-01,3.690141439437866211e-01,2.727987766265869141e-01,4.835848212242126465e-01,8.580307364463806152e-01,1.053089022636413574e+00,9.174662232398986816e-01,1.047069787979125977e+00,1.206535816192626953e+00,1.135035634040832520e+00
1.544685196131467819e-02,8.478743024170398712e-03,2.672773413360118866e-02,2.219641208648681641e-02,2.456512302160263062e-02,2.502649836242198944e-02,3.844257444143295288e-03,0.000000000000000000e+00,2.831105841323733330e-03,9.755367413163185120e-03,1.235492900013923645e-02,1.104398979805409908e-03,0.000000000000000000e+00,0.000000000000000000e+00,0.000000000000000000e+00,0.000000000000000000e+00,0.000000000000000000e+00,0.000000000000000000e+00,0.000000000000000000e+00,0.000000000000000000e+00,0.000000000000000000e+00,0.000000000000000000e+00,0.000000000000000000e+00,0.000000000000000000e+00,0.000000000000000000e+00,0.000000000000000000e+00,0.000000000000000000e+00,0.000000000000000000e+00,0.000000000000000000e+00,0.000000000000000000e+00,0.000000000000000000e+00,0.000000000000000000e+00,0.000000000000000000e+00,0.000000000000000000e+00,0.000000000000000000e+00,0.000000000000000000e+00,0.000000000000000000e+00,0.000000000000000000e+00,0.000000000000000000e+00,0.000000000000000000e+00,0.000000000000000000e+00,0.000000000000000000e+00,0.000000000000000000e+00,0.000000000000000000e+00,0.000000000000000000e+00,0.000000000000000000e+00,0.000000000000000000e+00,0.000000000000000000e+00,0.000000000000000000e+00,0.000000000000000000e+00,0.000000000000000000e+00,0.000000000000000000e+00,0.000000000000000000e+00,0.000000000000000000e+00,0.000000000000000000e+00,0.000000000000000000e+00,0.000000000000000000e+00,0.000000000000000000e+00,0.000000000000000000e+00,0.000000000000000000e+00,0.000000000000000000e+00,0.000000000000000000e+00,0.000000000000000000e+00,0.000000000000000000e+00,0.000000000000000000e+00,0.000000000000000000e+00,0.000000000000000000e+00,0.000000000000000000e+00,0.000000000000000000e+00,0.000000000000000000e+00,0.000000000000000000e+00,0.000000000000000000e+00,0.000000000000000000e+00,0.000000000000000000e+00,0.000000000000000000e+00,0.000000000000000000e+00,0.000000000000000000e+00,0.000000000000000000e+00,0.000000000000000000e+00,0.000000000000000000e+00,0.000000000000000000e+00,0.000000000000000000e+00,0.000000000000000000e+00,0.000000000000000000e+00,0.000000000000000000e+00,0.000000000000000000e+00,0.000000000000000000e+00,0.000000000000000000e+00,0.000000000000000000e+00,0.000000000000000000e+00,0.000000000000000000e+00,0.000000000000000000e+00,0.000000000000000000e+00,0.000000000000000000e+00,0.000000000000000000e+00,0.000000000000000000e+00,0.000000000000000000e+00,0.000000000000000000e+00,0.000000000000000000e+00,0.000000000000000000e+00,0.000000000000000000e+00,0.000000000000000000e+00,0.000000000000000000e+00,0.000000000000000000e+00,0.000000000000000000e+00,0.000000000000000000e+00,0.000000000000000000e+00,3.055555862374603748e-04,0.000000000000000000e+00,0.000000000000000000e+00,0.000000000000000000e+00,0.000000000000000000e+00,1.356771535938605666e-04,0.000000000000000000e+00,0.000000000000000000e+00,0.000000000000000000e+00,0.000000000000000000e+00,0.000000000000000000e+00,0.000000000000000000e+00,0.000000000000000000e+00,0.000000000000000000e+00,0.000000000000000000e+00,0.000000000000000000e+00,0.000000000000000000e+00,0.000000000000000000e+00,0.000000000000000000e+00,0.000000000000000000e+00,0.000000000000000000e+00,0.000000000000000000e+00,0.000000000000000000e+00,0.000000000000000000e+00,0.000000000000000000e+00,0.000000000000000000e+00,0.000000000000000000e+00,0.000000000000000000e+00,0.000000000000000000e+00,0.000000000000000000e+00,0.000000000000000000e+00,0.000000000000000000e+00,0.000000000000000000e+00,0.000000000000000000e+00,0.000000000000000000e+00,3.914710506796836853e-02,1.008214578032493591e-01,1.083917990326881409e-01,1.339964270591735840e-01,1.347939074039459229e-01,1.339586228132247925e-01,1.487546563148498535e-01,1.598171889781951904e-01,1.690371334552764893e-01,1.365958154201507568e-01,1.435749530792236328e-01,1.611939966678619385e-01,1.512455940246582031e-01,1.660126149654388428e-01,1.338655203580856323e-01,9.996801614761352539e-02,7.232226431369781494e-02,7.641155272722244263e-02,7.023838907480239868e-02,1.128515154123306274e-01,9.079314023256301880e-02,8.279065787792205811e-02,7.103302329778671265e-02,7.208846509456634521e-02,7.941665500402450562e-02,5.845258757472038269e-02,4.648733139038085938e-02,5.022225901484489441e-02,5.349951982498168945e-02,6.958816200494766235e-02,7.623284310102462769e-02,5.227315798401832581e-02,0.000000000000000000e+00,4.999574646353721619e-02,8.897677809000015259e-02,1.385787725448608398e-01,1.985581964254379272e-01,2.047341465950012207e-01,1.956576108932495117e-01,1.930181533098220825e-01,2.024720162153244019e-01,2.027446478605270386e-01,2.071948796510696411e-01,2.173610478639602661e-01,2.173208594322204590e-01,2.371544986963272095e-01,2.483949661254882812e-01,2.351979166269302368e-01,2.033694386482238770e-01,1.867109537124633789e-01,1.369789391756057739e-01,8.288011699914932251e-02,7.183914631605148315e-02,6.470762193202972412e-02,1.566008776426315308e-01,2.403574883937835693e-01,2.807760834693908691e-01,2.719659805297851562e-01,2.439406812191009521e-01,1.632993519306182861e-01,6.779191642999649048e-02,6.366173923015594482e-02,8.010032773017883301e-02,2.213626354932785034e-01,2.390698790550231934e-01,1.548174917697906494e-01,4.678421840071678162e-02,8.373770117759704590e-02,2.504421472549438477e-01,4.517797231674194336e-01,4.430674910545349121e-01,4.433516860008239746e-01,5.454386472702026367e-01,7.038326859474182129e-01,8.442629575729370117e-01,9.423661231994628906e-01,9.683665633201599121e-01,9.801883101463317871e-01,9.010307788848876953e-01,7.320763468742370605e-01,5.162827372550964355e-01,5.727006196975708008e-01,2.553758919239044189e-01,1.450364589691162109e-01,1.826822608709335327e-01,3.083084523677825928e-01,6.065484881401062012e-01,6.722897291183471680e-01,8.879019021987915039e-01,1.108547806739807129e+00,1.073471426963806152e+00,1.229053378105163574e+00,1.319750547409057617e+00,1.258208155632019043e+00
3.404503315687179565e-02,9.119058959186077118e-03,1.920305378735065460e-02,1.220071408897638321e-02,1.551905274391174316e-02,2.733589522540569305e-02,2.529979497194290161e-02,8.189004845917224884e-03,2.144229132682085037e-03,2.788426121696829796e-03,1.813082396984100342e-02,8.639728650450706482e-03,0.000000000000000000e+00,0.000000000000000000e+00,0.000000000000000000e+00,0.000000000000000000e+00,0.000000000000000000e+00,0.000000000000000000e+00,0.000000000000000000e+00,0.000000000000000000e+00,0.000000000000000000e+00,0.000000000000000000e+00,0.000000000000000000e+00,0.000000000000000000e+00,0.000000000000000000e+00,0.000000000000000000e+00,0.000000000000000000e+00,0.000000000000000000e+00,0.000000000000000000e+00,0.000000000000000000e+00,0.000000000000000000e+00,0.000000000000000000e+00,0.000000000000000000e+00,0.000000000000000000e+00,0.000000000000000000e+00,0.000000000000000000e+00,0.000000000000000000e+00,0.000000000000000000e+00,0.000000000000000000e+00,0.000000000000000000e+00,0.000000000000000000e+00,0.000000000000000000e+00,0.000000000000000000e+00,0.000000000000000000e+00,0.000000000000000000e+00,0.000000000000000000e+00,0.000000000000000000e+00,0.000000000000000000e+00,0.000000000000000000e+00,0.000000000000000000e+00,0.000000000000000000e+00,0.000000000000000000e+00,0.000000000000000000e+00,0.000000000000000000e+00,0.000000000000000000e+00,0.000000000000000000e+00,0.000000000000000000e+00,0.000000000000000000e+00,0.000000000000000000e+00,0.000000000000000000e+00,0.000000000000000000e+00,0.000000000000000000e+00,0.000000000000000000e+00,0.000000000000000000e+00,0.000000000000000000e+00,0.000000000000000000e+00,0.000000000000000000e+00,0.000000000000000000e+00,0.000000000000000000e+00,0.000000000000000000e+00,0.000000000000000000e+00,0.000000000000000000e+00,0.000000000000000000e+00,0.000000000000000000e+00,0.000000000000000000e+00,0.000000000000000000e+00,0.000000000000000000e+00,0.000000000000000000e+00,0.000000000000000000e+00,0.000000000000000000e+00,0.000000000000000000e+00,0.000000000000000000e+00,0.000000000000000000e+00,0.000000000000000000e+00,0.000000000000000000e+00,0.000000000000000000e+00,0.000000000000000000e+00,0.000000000000000000e+00,0.000000000000000000e+00,0.000000000000000000e+00,0.000000000000000000e+00,0.000000000000000000e+00,0.000000000000000000e+00,0.000000000000000000e+00,0.000000000000000000e+00,0.000000000000000000e+00,0.000000000000000000e+00,0.000000000000000000e+00,0.000000000000000000e+00,0.000000000000000000e+00,0.000000000000000000e+00,0.000000000000000000e+00,0.000000000000000000e+00,0.000000000000000000e+00,0.000000000000000000e+00,0.000000000000000000e+00,0.000000000000000000e+00,0.000000000000000000e+00,0.000000000000000000e+00,0.000000000000000000e+00,0.000000000000000000e+00,0.000000000000000000e+00,0.000000000000000000e+00,0.000000000000000000e+00,0.000000000000000000e+00,0.000000000000000000e+00,0.000000000000000000e+00,0.000000000000000000e+00,0.000000000000000000e+00,0.000000000000000000e+00,0.000000000000000000e+00,0.000000000000000000e+00,0.000000000000000000e+00,0.000000000000000000e+00,0.000000000000000000e+00,0.000000000000000000e+00,0.000000000000000000e+00,0.000000000000000000e+00,0.000000000000000000e+00,0.000000000000000000e+00,0.000000000000000000e+00,0.000000000000000000e+00,0.000000000000000000e+00,0.000000000000000000e+00,0.000000000000000000e+00,0.000000000000000000e+00,0.000000000000000000e+00,0.000000000000000000e+00,0.000000000000000000e+00,0.000000000000000000e+00,0.000000000000000000e+00,7.616750430315732956e-03,7.059331238269805908e-02,7.440309226512908936e-02,7.032985985279083252e-02,9.509866684675216675e-02,1.230858042836189270e-01,1.686081290245056152e-01,2.033947706222534180e-01,2.230810523033142090e-01,2.639740407466888428e-01,2.277306765317916870e-01,1.848752051591873169e-01,1.750638186931610107e-01,1.581958085298538208e-01,1.472784578800201416e-01,1.351949423551559448e-01,8.894094824790954590e-02,7.579775899648666382e-02,9.101081639528274536e-02,8.301977068185806274e-02,8.675774931907653809e-02,1.116652339696884155e-01,8.867602795362472534e-02,1.970175467431545258e-02,6.792868021875619888e-03,5.804169178009033203e-02,7.251773029565811157e-02,5.524836853146553040e-02,6.632553786039352417e-02,8.370172232389450073e-02,6.573656946420669556e-02,9.028033167123794556e-02,6.399679929018020630e-02,2.370381355285644531e-02,3.506311401724815369e-02,6.937073171138763428e-02,1.254421025514602661e-01,1.816092282533645630e-01,1.865379661321640015e-01,1.908834129571914673e-01,2.096347063779830933e-01,1.985112875699996948e-01,2.202597409486770630e-01,2.067433446645736694e-01,2.004030197858810425e-01,1.825527101755142212e-01,2.191301286220550537e-01,2.159264832735061646e-01,2.005523741245269775e-01,2.101662456989288330e-01,2.289126366376876831e-01,1.775692999362945557e-01,1.159033775329589844e-01,9.669169038534164429e-02,1.781440079212188721e-01,2.519259750843048096e-01,2.773085832595825195e-01,3.188046514987945557e-01,3.749486505985260010e-01,3.448663353919982910e-01,2.665503919124603271e-01,1.656605452299118042e-01,1.364321708679199219e-01,2.084283381700515747e-01,1.324291974306106567e-01,1.792716383934020996e-01,1.975970864295959473e-01,2.552123963832855225e-01,3.611588478088378906e-01,4.274504482746124268e-01,5.172743797302246094e-01,6.103228926658630371e-01,6.697902679443359375e-01,6.374002099037170410e-01,5.542805790901184082e-01,5.709665417671203613e-01,7.277137041091918945e-01,7.717992663383483887e-01,9.004436731338500977e-01,9.643979668617248535e-01,7.766064405441284180e-01,5.783589482307434082e-01,4.797017574310302734e-01,2.412944287061691284e-01,1.346199214458465576e-01,2.058560848236083984e-01,5.068122148513793945e-01,8.155341148376464844e-01,9.576603174209594727e-01,9.072929620742797852e-01,9.923340082168579102e-01,1.103328466415405273e+00,1.351717829704284668e+00,1.392322540283203125e+00,1.284998416900634766e+00
5.080666020512580872e-02,5.273423343896865845e-02,3.927749767899513245e-02,3.787685930728912354e-02,3.696608915925025940e-02,3.851764649152755737e-02,3.554325550794601440e-02,3.192258998751640320e-02,7.995591498911380768e-03,1.980786444619297981e-03,1.885867794044315815e-03,1.175086130388081074e-03,1.245170598849654198e-03,0.000000000000000000e+00,0.000000000000000000e+00,6.944407941773533821e-04,4.965032348991371691e-05,0.000000000000000000e+00,0.000000000000000000e+00,0.000000000000000000e+00,0.000000000000000000e+00,0.000000000000000000e+00,0.000000000000000000e+00,0.000000000000000000e+00,0.000000000000000000e+00,0.000000000000000000e+00,0.000000000000000000e+00,0.000000000000000000e+00,0.000000000000000000e+00,0.000000000000000000e+00,0.000000000000000000e+00,0.000000000000000000e+00,0.000000000000000000e+00,0.000000000000000000e+00,0.000000000000000000e+00,0.000000000000000000e+00,0.000000000000000000e+00,0.000000000000000000e+00,0.000000000000000000e+00,0.000000000000000000e+00,0.000000000000000000e+00,0.000000000000000000e+00,0.000000000000000000e+00,0.000000000000000000e+00,0.000000000000000000e+00,0.000000000000000000e+00,0.000000000000000000e+00,0.000000000000000000e+00,0.000000000000000000e+00,0.000000000000000000e+00,0.000000000000000000e+00,0.000000000000000000e+00,0.000000000000000000e+00,0.000000000000000000e+00,0.000000000000000000e+00,0.000000000000000000e+00,0.000000000000000000e+00,0.000000000000000000e+00,0.000000000000000000e+00,0.000000000000000000e+00,0.000000000000000000e+00,0.000000000000000000e+00,3.157984698191285133e-03,1.360720722004771233e-03,0.000000000000000000e+00,0.000000000000000000e+00,0.000000000000000000e+00,0.000000000000000000e+00,0.000000000000000000e+00,0.000000000000000000e+00,0.000000000000000000e+00,0.000000000000000000e+00,0.000000000000000000e+00,0.000000000000000000e+00,0.000000000000000000e+00,0.000000000000000000e+00,0.000000000000000000e+00,0.000000000000000000e+00,0.000000000000000000e+00,0.000000000000000000e+00,0.000000000000000000e+00,0.000000000000000000e+00,0.000000000000000000e+00,0.000000000000000000e+00,0.000000000000000000e+00,0.000000000000000000e+00,0.000000000000000000e+00,0.000000000000000000e+00,0.000000000000000000e+00,0.000000000000000000e+00,0.000000000000000000e+00,0.000000000000000000e+00,0.000000000000000000e+00,0.000000000000000000e+00,0.000000000000000000e+00,0.000000000000000000e+00,0.000000000000000000e+00,0.000000000000000000e+00,0.000000000000000000e+00,0.000000000000000000e+00,0.000000000000000000e+00,0.000000000000000000e+00,0.000000000000000000e+00,0.000000000000000000e+00,0.000000000000000000e+00,0.000000000000000000e+00,0.000000000000000000e+00,0.000000000000000000e+00,0.000000000000000000e+00,0.000000000000000000e+00,0.000000000000000000e+00,0.000000000000000000e+00,0.000000000000000000e+00,0.000000000000000000e+00,0.000000000000000000e+00,0.000000000000000000e+00,0.000000000000000000e+00,0.000000000000000000e+00,0.000000000000000000e+00,0.000000000000000000e+00,0.000000000000000000e+00,0.000000000000000000e+00,0.000000000000000000e+00,0.000000000000000000e+00,0.000000000000000000e+00,0.000000000000000000e+00,0.000000000000000000e+00,0.000000000000000000e+00,0.000000000000000000e+00,0.000000000000000000e+00,0.000000000000000000e+00,0.000000000000000000e+00,0.000000000000000000e+00,0.000000000000000000e+00,0.000000000000000000e+00,0.000000000000000000e+00,0.000000000000000000e+00,0.000000000000000000e+00,0.000000000000000000e+00,0.000000000000000000e+00,9.093192405998706818e-03,6.335391849279403687e-02,5.669854953885078430e-02,5.165405198931694031e-02,7.949907332658767700e-02,1.031168475747108459e-01,1.641700267791748047e-01,2.098048925399780273e-01,2.553921043872833252e-01,2.884861528873443604e-01,3.932145833969116211e-01,3.108291625976562500e-01,2.247130870819091797e-01,1.846393644809722900e-01,1.390449851751327515e-01,1.037578210234642029e-01,1.164182573556900024e-01,1.168174818158149719e-01,1.217340454459190369e-01,1.147898659110069275e-01,9.994941204786300659e-02,9.540969133377075195e-02,1.159379854798316956e-01,7.878153771162033081e-02,0.000000000000000000e+00,0.000000000000000000e+00,4.923380538821220398e-02,2.849412895739078522e-02,5.734980478882789612e-02,7.584982365369796753e-02,7.295078039169311523e-02,7.555156946182250977e-02,1.062812060117721558e-01,7.931622117757797241e-02,6.781766563653945923e-02,7.874312996864318848e-02,8.751917630434036255e-02,1.386024653911590576e-01,2.096023559570312500e-01,2.128599435091018677e-01,1.657833307981491089e-01,1.989560276269912720e-01,1.671659201383590698e-01,1.823566555976867676e-01,1.904346495866775513e-01,2.059988230466842651e-01,1.955630034208297729e-01,2.279914468526840210e-01,2.407925575971603394e-01,2.100404500961303711e-01,1.921394020318984985e-01,1.438458710908889771e-01,1.125933676958084106e-01,1.052842214703559875e-01,1.866767108440399170e-01,2.383507192134857178e-01,2.404236793518066406e-01,2.691099047660827637e-01,3.004077672958374023e-01,3.179722130298614502e-01,3.636297583580017090e-01,3.308302164077758789e-01,2.381814718246459961e-01,1.788414120674133301e-01,1.334524899721145630e-01,1.152116954326629639e-01,1.165721267461776733e-01,1.355255693197250366e-01,2.288643717765808105e-01,3.205913007259368896e-01,3.691507279872894287e-01,5.545689463615417480e-01,5.137979984283447266e-01,6.203474998474121094e-01,6.816835403442382812e-01,7.758833169937133789e-01,8.526600599288940430e-01,7.549015879631042480e-01,1.071718692779541016e+00,1.023913383483886719e+00,9.500646591186523438e-01,9.739277958869934082e-01,7.706913352012634277e-01,4.019644558429718018e-01,1.004143878817558289e-01,9.999142587184906006e-02,1.510473340749740601e-01,4.690458476543426514e-01,7.445680499076843262e-01,1.035798668861389160e+00,1.081672072410583496e+00,1.126578927040100098e+00,1.162911057472229004e+00,1.289232254028320312e+00,1.249942898750305176e+00,1.228814601898193359e+00
9.349370002746582031e-02,6.219201534986495972e-02,5.997914448380470276e-02,6.768993288278579712e-02,6.631755083799362183e-02,3.895609080791473389e-02,4.551837593317031860e-02,5.937335640192031860e-02,5.288246273994445801e-02,3.284679353237152100e-02,0.000000000000000000e+00,0.000000000000000000e+00,0.000000000000000000e+00,0.000000000000000000e+00,0.000000000000000000e+00,0.000000000000000000e+00,0.000000000000000000e+00,0.000000000000000000e+00,0.000000000000000000e+00,0.000000000000000000e+00,0.000000000000000000e+00,0.000000000000000000e+00,0.000000000000000000e+00,0.000000000000000000e+00,0.000000000000000000e+00,0.000000000000000000e+00,0.000000000000000000e+00,0.000000000000000000e+00,0.000000000000000000e+00,0.000000000000000000e+00,0.000000000000000000e+00,0.000000000000000000e+00,0.000000000000000000e+00,0.000000000000000000e+00,0.000000000000000000e+00,0.000000000000000000e+00,0.000000000000000000e+00,0.000000000000000000e+00,0.000000000000000000e+00,0.000000000000000000e+00,0.000000000000000000e+00,0.000000000000000000e+00,0.000000000000000000e+00,0.000000000000000000e+00,0.000000000000000000e+00,0.000000000000000000e+00,0.000000000000000000e+00,0.000000000000000000e+00,0.000000000000000000e+00,0.000000000000000000e+00,0.000000000000000000e+00,0.000000000000000000e+00,0.000000000000000000e+00,0.000000000000000000e+00,0.000000000000000000e+00,0.000000000000000000e+00,0.000000000000000000e+00,0.000000000000000000e+00,0.000000000000000000e+00,0.000000000000000000e+00,0.000000000000000000e+00,7.559920777566730976e-04,3.618404036387801170e-03,1.499558798968791962e-03,0.000000000000000000e+00,0.000000000000000000e+00,0.000000000000000000e+00,0.000000000000000000e+00,0.000000000000000000e+00,0.000000000000000000e+00,0.000000000000000000e+00,0.000000000000000000e+00,0.000000000000000000e+00,0.000000000000000000e+00,0.000000000000000000e+00,0.000000000000000000e+00,0.000000000000000000e+00,0.000000000000000000e+00,0.000000000000000000e+00,0.000000000000000000e+00,0.000000000000000000e+00,0.000000000000000000e+00,0.000000000000000000e+00,0.000000000000000000e+00,0.000000000000000000e+00,0.000000000000000000e+00,0.000000000000000000e+00,0.000000000000000000e+00,0.000000000000000000e+00,0.000000000000000000e+00,0.000000000000000000e+00,0.000000000000000000e+00,0.000000000000000000e+00,0.000000000000000000e+00,0.000000000000000000e+00,0.000000000000000000e+00,0.000000000000000000e+00,0.000000000000000000e+00,0.000000000000000000e+00,0.000000000000000000e+00,0.000000000000000000e+00,0.000000000000000000e+00,0.000000000000000000e+00,0.000000000000000000e+00,0.000000000000000000e+00,0.000000000000000000e+00,0.000000000000000000e+00,0.000000000000000000e+00,0.000000000000000000e+00,0.000000000000000000e+00,0.000000000000000000e+00,4.954230971634387970e-04,0.000000000000000000e+00,0.000000000000000000e+00,0.000000000000000000e+00,0.000000000000000000e+00,0.000000000000000000e+00,0.000000000000000000e+00,0.000000000000000000e+00,0.000000000000000000e+00,0.000000000000000000e+00,0.000000000000000000e+00,0.000000000000000000e+00,0.000000000000000000e+00,0.000000000000000000e+00,0.000000000000000000e+00,0.000000000000000000e+00,0.000000000000000000e+00,0.000000000000000000e+00,0.000000000000000000e+00,0.000000000000000000e+00,0.000000000000000000e+00,0.000000000000000000e+00,0.000000000000000000e+00,7.616676739417016506e-04,0.000000000000000000e+00,0.000000000000000000e+00,6.925605121068656445e-04,9.330383501946926117e-03,1.561607234179973602e-02,1.776192709803581238e-02,2.284310385584831238e-02,3.826452419161796570e-02,6.848566979169845581e-02,1.024456024169921875e-01,1.316014528274536133e-01,1.806658655405044556e-01,2.454064041376113892e-01,3.154800832271575928e-01,2.783634364604949951e-01,3.097009360790252686e-01,2.663511037826538086e-01,2.541474699974060059e-01,2.013636678457260132e-01,8.914756029844284058e-02,7.168719172477722168e-02,9.688445180654525757e-02,1.206813007593154907e-01,1.272220313549041748e-01,1.197377517819404602e-01,1.031846776604652405e-01,1.033337414264678955e-01,1.140710264444351196e-01,1.084662154316902161e-01,6.260202080011367798e-02,5.119805783033370972e-02,6.844887137413024902e-02,1.992700435221195221e-02,3.744649887084960938e-02,6.054271012544631958e-02,7.586581259965896606e-02,7.925164699554443359e-02,9.263210743665695190e-02,7.492315769195556641e-02,8.327344805002212524e-02,9.104049205780029297e-02,9.514757245779037476e-02,1.455610990524291992e-01,1.922660171985626221e-01,1.823371648788452148e-01,1.843369156122207642e-01,1.769087165594100952e-01,2.078533172607421875e-01,1.956215500831604004e-01,1.779216229915618896e-01,1.819403618574142456e-01,2.372676432132720947e-01,2.963380515575408936e-01,2.611743509769439697e-01,2.340023368597030640e-01,2.543346881866455078e-01,1.743907481431961060e-01,1.461692601442337036e-01,1.751675754785537720e-01,2.011176049709320068e-01,1.926285475492477417e-01,2.142286449670791626e-01,2.554641664028167725e-01,3.021873533725738525e-01,3.007171452045440674e-01,3.431519865989685059e-01,3.268747925758361816e-01,2.368781864643096924e-01,1.714909672737121582e-01,9.573423117399215698e-02,9.795617312192916870e-02,1.136217564344406128e-01,1.273083090782165527e-01,2.367088198661804199e-01,2.836273312568664551e-01,1.932885050773620605e-01,1.038051247596740723e-01,1.295134127140045166e-01,1.684868782758712769e-01,2.754726409912109375e-01,4.822986423969268799e-01,5.224000811576843262e-01,7.010957002639770508e-01,7.939603328704833984e-01,9.092897176742553711e-01,1.028499603271484375e+00,1.131740093231201172e+00,1.023826956748962402e+00,7.472429275512695312e-01,4.563768804073333740e-01,2.974959313869476318e-01,2.568876147270202637e-01,4.795651435852050781e-01,8.139317035675048828e-01,1.194492220878601074e+00,1.197231650352478027e+00,1.175466299057006836e+00,1.278050422668457031e+00,1.468012928962707520e+00,1.518355369567871094e+00,1.446557998657226562e+00
9.104139357805252075e-02,8.089385926723480225e-02,7.560774683952331543e-02,6.745445728302001953e-02,7.024271786212921143e-02,4.521441087126731873e-02,5.319042131304740906e-02,6.887523829936981201e-02,6.550879776477813721e-02,5.284005403518676758e-02,1.356548536568880081e-02,5.467003211379051208e-03,0.000000000000000000e+00,0.000000000000000000e+00,0.000000000000000000e+00,0.000000000000000000e+00,0.000000000000000000e+00,0.000000000000000000e+00,0.000000000000000000e+00,0.000000000000000000e+00,0.000000000000000000e+00,0.000000000000000000e+00,0.000000000000000000e+00,0.000000000000000000e+00,0.000000000000000000e+00,0.000000000000000000e+00,0.000000000000000000e+00,0.000000000000000000e+00,0.000000000000000000e+00,0.000000000000000000e+00,0.000000000000000000e+00,0.000000000000000000e+00,0.000000000000000000e+00,0.000000000000000000e+00,0.000000000000000000e+00,0.000000000000000000e+00,0.000000000000000000e+00,0.000000000000000000e+00,0.000000000000000000e+00,0.000000000000000000e+00,0.000000000000000000e+00,0.000000000000000000e+00,0.000000000000000000e+00,0.000000000000000000e+00,0.000000000000000000e+00,0.000000000000000000e+00,0.000000000000000000e+00,0.000000000000000000e+00,0.000000000000000000e+00,0.000000000000000000e+00,0.000000000000000000e+00,0.000000000000000000e+00,0.000000000000000000e+00,0.000000000000000000e+00,0.000000000000000000e+00,0.000000000000000000e+00,0.000000000000000000e+00,0.000000000000000000e+00,0.000000000000000000e+00,0.000000000000000000e+00,0.000000000000000000e+00,3.477568970993161201e-04,3.529076231643557549e-03,1.403654343448579311e-03,0.000000000000000000e+00,0.000000000000000000e+00,0.000000000000000000e+00,0.000000000000000000e+00,0.000000000000000000e+00,0.000000000000000000e+00,0.000000000000000000e+00,0.000000000000000000e+00,0.000000000000000000e+00,0.000000000000000000e+00,0.000000000000000000e+00,0.000000000000000000e+00,0.000000000000000000e+00,0.000000000000000000e+00,0.000000000000000000e+00,0.000000000000000000e+00,0.000000000000000000e+00,0.000000000000000000e+00,0.000000000000000000e+00,0.000000000000000000e+00,0.000000000000000000e+00,0.000000000000000000e+00,0.000000000000000000e+00,0.000000000000000000e+00,0.000000000000000000e+00,0.000000000000000000e+00,0.000000000000000000e+00,0.000000000000000000e+00,0.000000000000000000e+00,0.000000000000000000e+00,0.000000000000000000e+00,0.000000000000000000e+00,0.000000000000000000e+00,0.000000000000000000e+00,0.000000000000000000e+00,0.000000000000000000e+00,0.000000000000000000e+00,0.000000000000000000e+00,0.000000000000000000e+00,0.000000000000000000e+00,0.000000000000000000e+00,0.000000000000000000e+00,0.000000000000000000e+00,0.000000000000000000e+00,0.000000000000000000e+00,0.000000000000000000e+00,0.000000000000000000e+00,2.467404701747000217e-04,0.000000000000000000e+00,0.000000000000000000e+00,0.000000000000000000e+00,0.000000000000000000e+00,0.000000000000000000e+00,0.000000000000000000e+00,0.000000000000000000e+00,0.000000000000000000e+00,0.000000000000000000e+00,0.000000000000000000e+00,0.000000000000000000e+00,0.000000000000000000e+00,0.000000000000000000e+00,0.000000000000000000e+00,0.000000000000000000e+00,0.000000000000000000e+00,0.000000000000000000e+00,0.000000000000000000e+00,0.000000000000000000e+00,0.000000000000000000e+00,0.000000000000000000e+00,1.343271732330322266e-01,1.299453526735305786e-01,7.967922091484069824e-02,6.774884648621082306e-03,2.669007517397403717e-02,4.090809077024459839e-02,1.539217494428157806e-02,1.559117343276739120e-02,1.810583658516407013e-02,3.000526316463947296e-02,6.328631192445755005e-02,8.270689100027084351e-02,1.215805709362030029e-01,1.726920902729034424e-01,2.338649779558181763e-01,2.849820256233215332e-01,2.484849691390991211e-01,2.580941915512084961e-01,2.493906170129776001e-01,2.436058670282363892e-01,1.915214806795120239e-01,8.941560052335262299e-03,5.995506793260574341e-02,9.542627632617950439e-02,1.122493222355842590e-01,1.052346900105476379e-01,9.049703925848007202e-02,8.627401292324066162e-02,1.215055957436561584e-01,1.449542194604873657e-01,1.916622966527938843e-01,1.820483356714248657e-01,1.647829413414001465e-01,1.367764472961425781e-01,1.020354479551315308e-01,8.508383482694625854e-02,8.581608533859252930e-02,1.312387138605117798e-01,1.298818439245223999e-01,1.127748489379882812e-01,8.928111940622329712e-02,1.208419427275657654e-01,1.130062118172645569e-01,1.214406415820121765e-01,1.573207825422286987e-01,2.050388008356094360e-01,2.305555343627929688e-01,2.334619611501693726e-01,1.689779460430145264e-01,1.557918339967727661e-01,1.469062417745590210e-01,2.215473204851150513e-01,2.806747257709503174e-01,3.114277124404907227e-01,3.215251564979553223e-01,3.166345953941345215e-01,2.514269649982452393e-01,2.442546188831329346e-01,2.039674222469329834e-01,2.263956516981124878e-01,2.568513751029968262e-01,2.618362903594970703e-01,1.952183693647384644e-01,1.510294377803802490e-01,1.554763019084930420e-01,2.273943722248077393e-01,2.628552317619323730e-01,2.619127333164215088e-01,1.585521548986434937e-01,8.310785144567489624e-02,1.041641235351562500e-01,3.809592500329017639e-02,3.993056714534759521e-02,4.243668913841247559e-02,1.641003191471099854e-01,1.494143754243850708e-01,1.548199653625488281e-01,1.460970193147659302e-01,8.429756015539169312e-02,1.178721245378255844e-02,1.059014350175857544e-02,1.732943579554557800e-02,2.364014834165573120e-01,5.161215662956237793e-01,6.680989861488342285e-01,7.713517546653747559e-01,9.340182542800903320e-01,1.126306653022766113e+00,1.250498175621032715e+00,1.025088310241699219e+00,8.085058331489562988e-01,5.792124867439270020e-01,5.405972599983215332e-01,5.137789249420166016e-01,6.244512796401977539e-01,8.608127236366271973e-01,1.110591292381286621e+00,1.209335207939147949e+00,1.224559307098388672e+00,1.273503303527832031e+00,1.615978479385375977e+00,1.710836291313171387e+00,1.498345732688903809e+00
1.024365201592445374e-01,8.071139454841613770e-02,7.812431454658508301e-02,5.048939213156700134e-02,5.071636661887168884e-02,5.979584157466888428e-02,7.020839303731918335e-02,6.702459603548049927e-02,6.849115341901779175e-02,6.348657608032226562e-02,6.245529651641845703e-02,1.246763765811920166e-02,3.100321069359779358e-02,0.000000000000000000e+00,2.443714765831828117e-04,2.496414119377732277e-03,0.000000000000000000e+00,0.000000000000000000e+00,0.000000000000000000e+00,0.000000000000000000e+00,0.000000000000000000e+00,0.000000000000000000e+00,0.000000000000000000e+00,0.000000000000000000e+00,0.000000000000000000e+00,0.000000000000000000e+00,0.000000000000000000e+00,0.000000000000000000e+00,0.000000000000000000e+00,0.000000000000000000e+00,0.000000000000000000e+00,0.000000000000000000e+00,0.000000000000000000e+00,0.000000000000000000e+00,0.000000000000000000e+00,0.000000000000000000e+00,0.000000000000000000e+00,0.000000000000000000e+00,0.000000000000000000e+00,0.000000000000000000e+00,0.000000000000000000e+00,0.000000000000000000e+00,0.000000000000000000e+00,0.000000000000000000e+00,0.000000000000000000e+00,0.000000000000000000e+00,0.000000000000000000e+00,0.000000000000000000e+00,0.000000000000000000e+00,0.000000000000000000e+00,0.000000000000000000e+00,0.000000000000000000e+00,0.000000000000000000e+00,0.000000000000000000e+00,0.000000000000000000e+00,0.000000000000000000e+00,0.000000000000000000e+00,0.000000000000000000e+00,0.000000000000000000e+00,0.000000000000000000e+00,0.000000000000000000e+00,0.000000000000000000e+00,0.000000000000000000e+00,0.000000000000000000e+00,0.000000000000000000e+00,0.000000000000000000e+00,0.000000000000000000e+00,0.000000000000000000e+00,0.000000000000000000e+00,0.000000000000000000e+00,0.000000000000000000e+00,0.000000000000000000e+00,0.000000000000000000e+00,0.000000000000000000e+00,0.000000000000000000e+00,0.000000000000000000e+00,0.000000000000000000e+00,0.000000000000000000e+00,0.000000000000000000e+00,0.000000000000000000e+00,0.000000000000000000e+00,0.000000000000000000e+00,0.000000000000000000e+00,0.000000000000000000e+00,0.000000000000000000e+00,0.000000000000000000e+00,0.000000000000000000e+00,0.000000000000000000e+00,0.000000000000000000e+00,0.000000000000000000e+00,0.000000000000000000e+00,0.000000000000000000e+00,0.000000000000000000e+00,0.000000000000000000e+00,0.000000000000000000e+00,0.000000000000000000e+00,0.000000000000000000e+00,0.000000000000000000e+00,0.000000000000000000e+00,0.000000000000000000e+00,0.000000000000000000e+00,0.000000000000000000e+00,0.000000000000000000e+00,0.000000000000000000e+00,0.000000000000000000e+00,0.000000000000000000e+00,0.000000000000000000e+00,1.117999898269772530e-03,0.000000000000000000e+00,0.000000000000000000e+00,0.000000000000000000e+00,0.000000000000000000e+00,0.000000000000000000e+00,0.000000000000000000e+00,0.000000000000000000e+00,0.000000000000000000e+00,0.000000000000000000e+00,0.000000000000000000e+00,0.000000000000000000e+00,0.000000000000000000e+00,0.000000000000000000e+00,0.000000000000000000e+00,0.000000000000000000e+00,0.000000000000000000e+00,0.000000000000000000e+00,0.000000000000000000e+00,0.000000000000000000e+00,0.000000000000000000e+00,0.000000000000000000e+00,0.000000000000000000e+00,0.000000000000000000e+00,0.000000000000000000e+00,4.971333965659141541e-02,1.209184005856513977e-01,6.906044483184814453e-02,5.654455348849296570e-02,2.718963474035263062e-02,4.879613220691680908e-02,3.333219140768051147e-02,1.499060448259115219e-02,1.949075050652027130e-02,3.486335650086402893e-02,4.322334006428718567e-02,4.655811935663223267e-02,7.023916393518447876e-02,1.114032194018363953e-01,1.370294988155364990e-01,1.763387471437454224e-01,2.033459842205047607e-01,2.369330674409866333e-01,3.132582306861877441e-01,3.378311097621917725e-01,2.482570409774780273e-01,1.888706088066101074e-01,1.143618971109390259e-01,9.303076565265655518e-02,7.334908843040466309e-02,8.698513358831405640e-02,7.749132066965103149e-02,7.779899984598159790e-02,7.761386781930923462e-02,1.173063740134239197e-01,1.256991326808929443e-01,1.953498572111129761e-01,2.450557202100753784e-01,2.381290793418884277e-01,1.927822679281234741e-01,1.402036547660827637e-01,8.558032661676406860e-02,9.256633371114730835e-02,1.602307111024856567e-01,2.263609915971755981e-01,1.894721388816833496e-01,1.605769395828247070e-01,1.691850572824478149e-01,1.620667874813079834e-01,1.769631505012512207e-01,1.768053919076919556e-01,2.553570270538330078e-01,2.866604924201965332e-01,2.584696412086486816e-01,2.523723244667053223e-01,1.633198559284210205e-01,1.728588044643402100e-01,3.433431982994079590e-01,3.291777074337005615e-01,3.282442986965179443e-01,3.571189939975738525e-01,3.448447883129119873e-01,2.699005603790283203e-01,2.158529609441757202e-01,1.420087516307830811e-01,1.945003271102905273e-01,2.815486490726470947e-01,3.047640621662139893e-01,2.632004916667938232e-01,2.402178943157196045e-01,2.238825857639312744e-01,2.919723093509674072e-01,3.442946076393127441e-01,2.339580506086349487e-01,2.791472710669040680e-02,1.807862659916281700e-03,0.000000000000000000e+00,1.944703166373074055e-03,3.678824007511138916e-02,7.165575027465820312e-02,1.601335853338241577e-01,1.734721362590789795e-01,5.547528341412544250e-02,5.978740379214286804e-02,5.731414258480072021e-02,7.419168017804622650e-03,0.000000000000000000e+00,0.000000000000000000e+00,6.004922837018966675e-02,3.981310427188873291e-01,6.451545953750610352e-01,7.609481215476989746e-01,7.980915904045104980e-01,9.320622086524963379e-01,9.987896680831909180e-01,1.012568593025207520e+00,9.282501935958862305e-01,1.028750658035278320e+00,8.491940498352050781e-01,7.299199104309082031e-01,8.757511377334594727e-01,1.068157315254211426e+00,1.240502357482910156e+00,1.227869629859924316e+00,1.313387274742126465e+00,1.424046397209167480e+00,1.547804117202758789e+00,1.683918714523315430e+00,1.836920142173767090e+00
1.439715325832366943e-01,8.391702175140380859e-02,8.580023050308227539e-02,7.364889979362487793e-02,7.773437350988388062e-02,7.563997060060501099e-02,8.222632110118865967e-02,7.756704837083816528e-02,6.837260723114013672e-02,6.919863820075988770e-02,8.891475945711135864e-02,8.405723422765731812e-02,5.791166052222251892e-02,0.000000000000000000e+00,0.000000000000000000e+00,0.000000000000000000e+00,0.000000000000000000e+00,0.000000000000000000e+00,0.000000000000000000e+00,0.000000000000000000e+00,0.000000000000000000e+00,0.000000000000000000e+00,0.000000000000000000e+00,0.000000000000000000e+00,0.000000000000000000e+00,0.000000000000000000e+00,0.000000000000000000e+00,0.000000000000000000e+00,0.000000000000000000e+00,0.000000000000000000e+00,0.000000000000000000e+00,0.000000000000000000e+00,0.000000000000000000e+00,0.000000000000000000e+00,0.000000000000000000e+00,0.000000000000000000e+00,0.000000000000000000e+00,0.000000000000000000e+00,0.000000000000000000e+00,0.000000000000000000e+00,0.000000000000000000e+00,0.000000000000000000e+00,0.000000000000000000e+00,0.000000000000000000e+00,0.000000000000000000e+00,0.000000000000000000e+00,0.000000000000000000e+00,0.000000000000000000e+00,0.000000000000000000e+00,0.000000000000000000e+00,0.000000000000000000e+00,0.000000000000000000e+00,0.000000000000000000e+00,0.000000000000000000e+00,0.000000000000000000e+00,0.000000000000000000e+00,0.000000000000000000e+00,0.000000000000000000e+00,0.000000000000000000e+00,0.000000000000000000e+00,0.000000000000000000e+00,0.000000000000000000e+00,0.000000000000000000e+00,0.000000000000000000e+00,0.000000000000000000e+00,0.000000000000000000e+00,0.000000000000000000e+00,0.000000000000000000e+00,0.000000000000000000e+00,0.000000000000000000e+00,0.000000000000000000e+00,0.000000000000000000e+00,0.000000000000000000e+00,0.000000000000000000e+00,0.000000000000000000e+00,0.000000000000000000e+00,0.000000000000000000e+00,0.000000000000000000e+00,0.000000000000000000e+00,0.000000000000000000e+00,0.000000000000000000e+00,0.000000000000000000e+00,0.000000000000000000e+00,0.000000000000000000e+00,0.000000000000000000e+00,0.000000000000000000e+00,0.000000000000000000e+00,0.000000000000000000e+00,0.000000000000000000e+00,0.000000000000000000e+00,0.000000000000000000e+00,0.000000000000000000e+00,0.000000000000000000e+00,0.000000000000000000e+00,0.000000000000000000e+00,0.000000000000000000e+00,0.000000000000000000e+00,0.000000000000000000e+00,0.000000000000000000e+00,0.000000000000000000e+00,0.000000000000000000e+00,0.000000000000000000e+00,0.000000000000000000e+00,0.000000000000000000e+00,0.000000000000000000e+00,0.000000000000000000e+00,1.277793489862233400e-04,0.000000000000000000e+00,0.000000000000000000e+00,1.274726260453462601e-02,0.000000000000000000e+00,0.000000000000000000e+00,0.000000000000000000e+00,0.000000000000000000e+00,0.000000000000000000e+00,0.000000000000000000e+00,0.000000000000000000e+00,0.000000000000000000e+00,0.000000000000000000e+00,0.000000000000000000e+00,0.000000000000000000e+00,0.000000000000000000e+00,0.000000000000000000e+00,0.000000000000000000e+00,0.000000000000000000e+00,0.000000000000000000e+00,0.000000000000000000e+00,0.000000000000000000e+00,0.000000000000000000e+00,0.000000000000000000e+00,0.000000000000000000e+00,1.458578929305076599e-02,8.374027907848358154e-02,1.262118518352508545e-01,9.390411525964736938e-02,9.077049046754837036e-02,4.192715510725975037e-02,1.571275852620601654e-02,9.159754961729049683e-03,7.560613099485635757e-03,1.752408221364021301e-02,1.885982602834701538e-02,3.077223896980285645e-02,4.909347370266914368e-02,7.130283117294311523e-02,8.961297571659088135e-02,1.169197633862495422e-01,1.344958692789077759e-01,1.773612946271896362e-01,2.192068248987197876e-01,2.746961116790771484e-01,3.267386853694915771e-01,3.457590043544769287e-01,1.948445439338684082e-01,1.310749351978302002e-01,7.024648040533065796e-02,6.066874414682388306e-02,6.685515493154525757e-02,7.475338876247406006e-02,8.751340955495834351e-02,7.366637885570526123e-02,1.152813434600830078e-01,1.615093052387237549e-01,2.418892383575439453e-01,4.436935782432556152e-01,2.757861614227294922e-01,1.984481066465377808e-01,9.728702902793884277e-02,7.146787643432617188e-02,1.145953536033630371e-01,1.550450772047042847e-01,1.667781919240951538e-01,1.893501132726669312e-01,2.189813256263732910e-01,2.937857806682586670e-01,2.082211524248123169e-01,1.706020385026931763e-01,1.788751929998397827e-01,2.269377708435058594e-01,2.327164560556411743e-01,2.336246967315673828e-01,1.970113217830657959e-01,1.217168346047401428e-01,1.201126724481582642e-01,2.295030504465103149e-01,2.847742736339569092e-01,3.509715497493743896e-01,3.650987744331359863e-01,3.565236330032348633e-01,2.692898213863372803e-01,1.821911633014678955e-01,1.782922744750976562e-01,2.549798786640167236e-01,3.148294687271118164e-01,3.244106173515319824e-01,3.015601336956024170e-01,3.377001583576202393e-01,3.291870951652526855e-01,3.249546289443969727e-01,2.542917430400848389e-01,1.633941382169723511e-01,4.465445131063461304e-02,1.388716860674321651e-03,0.000000000000000000e+00,0.000000000000000000e+00,0.000000000000000000e+00,4.650933295488357544e-02,8.009836077690124512e-02,1.061278954148292542e-01,1.939878612756729126e-01,1.542386412620544434e-01,3.794148564338684082e-02,3.521843813359737396e-03,0.000000000000000000e+00,0.000000000000000000e+00,0.000000000000000000e+00,0.000000000000000000e+00,1.182843595743179321e-01,4.514562487602233887e-01,7.333186864852905273e-01,9.180855751037597656e-01,1.053356289863586426e+00,1.160832166671752930e+00,1.139467954635620117e+00,1.193038105964660645e+00,1.167409777641296387e+00,8.904455304145812988e-01,8.743876218795776367e-01,1.010935783386230469e+00,1.247302174568176270e+00,1.299084544181823730e+00,1.391996860504150391e+00,1.513149142265319824e+00,1.747373938560485840e+00,1.902191638946533203e+00,1.955845355987548828e+00
1.286575645208358765e-01,1.219906657934188843e-01,9.024698287248611450e-02,3.606549650430679321e-02,3.186620399355888367e-02,5.916790291666984558e-02,8.261291682720184326e-02,8.045842498540878296e-02,8.288927376270294189e-02,8.595924079418182373e-02,7.524566352367401123e-02,7.158489525318145752e-02,3.264581039547920227e-02,3.428687341511249542e-03,0.000000000000000000e+00,0.000000000000000000e+00,0.000000000000000000e+00,0.000000000000000000e+00,0.000000000000000000e+00,0.000000000000000000e+00,0.000000000000000000e+00,0.000000000000000000e+00,0.000000000000000000e+00,0.000000000000000000e+00,0.000000000000000000e+00,0.000000000000000000e+00,0.000000000000000000e+00,0.000000000000000000e+00,0.000000000000000000e+00,0.000000000000000000e+00,0.000000000000000000e+00,0.000000000000000000e+00,0.000000000000000000e+00,0.000000000000000000e+00,0.000000000000000000e+00,0.000000000000000000e+00,0.000000000000000000e+00,0.000000000000000000e+00,0.000000000000000000e+00,0.000000000000000000e+00,0.000000000000000000e+00,0.000000000000000000e+00,0.000000000000000000e+00,0.000000000000000000e+00,0.000000000000000000e+00,0.000000000000000000e+00,0.000000000000000000e+00,0.000000000000000000e+00,0.000000000000000000e+00,0.000000000000000000e+00,0.000000000000000000e+00,0.000000000000000000e+00,0.000000000000000000e+00,0.000000000000000000e+00,0.000000000000000000e+00,0.000000000000000000e+00,0.000000000000000000e+00,0.000000000000000000e+00,0.000000000000000000e+00,0.000000000000000000e+00,0.000000000000000000e+00,0.000000000000000000e+00,0.000000000000000000e+00,0.000000000000000000e+00,0.000000000000000000e+00,0.000000000000000000e+00,0.000000000000000000e+00,0.000000000000000000e+00,0.000000000000000000e+00,0.000000000000000000e+00,0.000000000000000000e+00,0.000000000000000000e+00,0.000000000000000000e+00,0.000000000000000000e+00,0.000000000000000000e+00,0.000000000000000000e+00,0.000000000000000000e+00,0.000000000000000000e+00,0.000000000000000000e+00,0.000000000000000000e+00,0.000000000000000000e+00,0.000000000000000000e+00,0.000000000000000000e+00,0.000000000000000000e+00,0.000000000000000000e+00,0.000000000000000000e+00,0.000000000000000000e+00,0.000000000000000000e+00,0.000000000000000000e+00,0.000000000000000000e+00,0.000000000000000000e+00,0.000000000000000000e+00,0.000000000000000000e+00,0.000000000000000000e+00,0.000000000000000000e+00,0.000000000000000000e+00,0.000000000000000000e+00,0.000000000000000000e+00,0.000000000000000000e+00,0.000000000000000000e+00,0.000000000000000000e+00,0.000000000000000000e+00,0.000000000000000000e+00,0.000000000000000000e+00,0.000000000000000000e+00,0.000000000000000000e+00,0.000000000000000000e+00,0.000000000000000000e+00,0.000000000000000000e+00,0.000000000000000000e+00,0.000000000000000000e+00,0.000000000000000000e+00,0.000000000000000000e+00,0.000000000000000000e+00,0.000000000000000000e+00,0.000000000000000000e+00,0.000000000000000000e+00,0.000000000000000000e+00,0.000000000000000000e+00,0.000000000000000000e+00,0.000000000000000000e+00,0.000000000000000000e+00,0.000000000000000000e+00,0.000000000000000000e+00,0.000000000000000000e+00,0.000000000000000000e+00,0.000000000000000000e+00,0.000000000000000000e+00,0.000000000000000000e+00,8.886313997209072113e-03,4.784500971436500549e-02,9.524416923522949219e-02,1.284730881452560425e-01,1.111210808157920837e-01,3.781980276107788086e-02,5.748417973518371582e-02,4.112401232123374939e-02,3.081687958911061287e-03,0.000000000000000000e+00,1.396317034959793091e-03,1.105875521898269653e-02,3.475861856713891029e-03,1.244919933378696442e-02,3.534268960356712341e-02,6.537362933158874512e-02,8.237446099519729614e-02,8.292899280786514282e-02,1.150883436203002930e-01,1.609992384910583496e-01,1.889602988958358765e-01,2.083892524242401123e-01,2.545723617076873779e-01,2.540786862373352051e-01,1.898099482059478760e-01,1.300444453954696655e-01,8.413003385066986084e-02,7.679856568574905396e-02,6.251607090234756470e-02,5.634164065122604370e-02,9.052232652902603149e-02,8.410646766424179077e-02,1.340848207473754883e-01,1.403265446424484253e-01,1.858381032943725586e-01,2.583768963813781738e-01,2.547002434730529785e-01,2.154796421527862549e-01,1.259507834911346436e-01,9.202411025762557983e-02,1.029871627688407898e-01,1.777939200401306152e-01,1.907016485929489136e-01,2.153025716543197632e-01,2.519389688968658447e-01,2.542902529239654541e-01,2.151702791452407837e-01,2.040933370590209961e-01,1.544216126203536987e-01,1.800727397203445435e-01,1.735880970954895020e-01,1.838663071393966675e-01,1.401905417442321777e-01,7.903625071048736572e-02,1.254957616329193115e-01,1.611979305744171143e-01,2.862861454486846924e-01,4.023028910160064697e-01,4.026829302310943604e-01,4.432856142520904541e-01,4.358878433704376221e-01,2.722813487052917480e-01,2.794934213161468506e-01,3.376736044883728027e-01,3.403326272964477539e-01,3.037619590759277344e-01,2.913331389427185059e-01,2.797346413135528564e-01,2.820050418376922607e-01,2.563972175121307373e-01,1.603682637214660645e-01,7.128955423831939697e-02,2.282015234231948853e-02,8.448939025402069092e-02,1.886244416236877441e-01,1.568868160247802734e-01,1.172814518213272095e-01,1.555487513542175293e-01,2.213341146707534790e-01,1.765256971120834351e-01,1.328249871730804443e-01,7.108400017023086548e-02,4.706433787941932678e-02,6.532029062509536743e-02,3.500633640214800835e-03,0.000000000000000000e+00,0.000000000000000000e+00,0.000000000000000000e+00,9.997026622295379639e-02,3.913033306598663330e-01,6.896961331367492676e-01,9.269249439239501953e-01,9.610077142715454102e-01,1.073591828346252441e+00,1.061129808425903320e+00,9.749736785888671875e-01,1.121540546417236328e+00,1.026358962059020996e+00,9.472559094429016113e-01,9.985457062721252441e-01,1.170940279960632324e+00,1.312930345535278320e+00,1.380231261253356934e+00,1.493999838829040527e+00,1.598155021667480469e+00,1.654615521430969238e+00,1.648272037506103516e+00
1.067354381084442139e-01,1.357459872961044312e-01,8.838295936584472656e-02,3.493418917059898376e-02,3.147867694497108459e-02,6.426548957824707031e-02,8.094910532236099243e-02,8.575225621461868286e-02,8.257158845663070679e-02,9.665969014167785645e-02,9.065283089876174927e-02,7.635656744241714478e-02,6.696458905935287476e-02,3.302728757262229919e-02,3.501973347738385201e-03,0.000000000000000000e+00,0.000000000000000000e+00,0.000000000000000000e+00,0.000000000000000000e+00,0.000000000000000000e+00,0.000000000000000000e+00,0.000000000000000000e+00,0.000000000000000000e+00,0.000000000000000000e+00,0.000000000000000000e+00,0.000000000000000000e+00,0.000000000000000000e+00,0.000000000000000000e+00,0.000000000000000000e+00,0.000000000000000000e+00,0.000000000000000000e+00,0.000000000000000000e+00,0.000000000000000000e+00,0.000000000000000000e+00,0.000000000000000000e+00,0.000000000000000000e+00,0.000000000000000000e+00,0.000000000000000000e+00,0.000000000000000000e+00,0.000000000000000000e+00,0.000000000000000000e+00,0.000000000000000000e+00,0.000000000000000000e+00,0.000000000000000000e+00,0.000000000000000000e+00,0.000000000000000000e+00,0.000000000000000000e+00,0.000000000000000000e+00,0.000000000000000000e+00,0.000000000000000000e+00,0.000000000000000000e+00,0.000000000000000000e+00,0.000000000000000000e+00,0.000000000000000000e+00,0.000000000000000000e+00,0.000000000000000000e+00,0.000000000000000000e+00,0.000000000000000000e+00,0.000000000000000000e+00,0.000000000000000000e+00,0.000000000000000000e+00,0.000000000000000000e+00,0.000000000000000000e+00,0.000000000000000000e+00,0.000000000000000000e+00,0.000000000000000000e+00,0.000000000000000000e+00,0.000000000000000000e+00,0.000000000000000000e+00,0.000000000000000000e+00,0.000000000000000000e+00,0.000000000000000000e+00,0.000000000000000000e+00,0.000000000000000000e+00,0.000000000000000000e+00,0.000000000000000000e+00,0.000000000000000000e+00,0.000000000000000000e+00,0.000000000000000000e+00,0.000000000000000000e+00,0.000000000000000000e+00,0.000000000000000000e+00,0.000000000000000000e+00,0.000000000000000000e+00,0.000000000000000000e+00,0.000000000000000000e+00,0.000000000000000000e+00,0.000000000000000000e+00,0.000000000000000000e+00,0.000000000000000000e+00,0.000000000000000000e+00,0.000000000000000000e+00,0.000000000000000000e+00,0.000000000000000000e+00,0.000000000000000000e+00,0.000000000000000000e+00,0.000000000000000000e+00,0.000000000000000000e+00,0.000000000000000000e+00,0.000000000000000000e+00,0.000000000000000000e+00,0.000000000000000000e+00,0.000000000000000000e+00,0.000000000000000000e+00,0.000000000000000000e+00,0.000000000000000000e+00,0.000000000000000000e+00,0.000000000000000000e+00,0.000000000000000000e+00,0.000000000000000000e+00,0.000000000000000000e+00,0.000000000000000000e+00,0.000000000000000000e+00,0.000000000000000000e+00,0.000000000000000000e+00,0.000000000000000000e+00,0.000000000000000000e+00,0.000000000000000000e+00,0.000000000000000000e+00,0.000000000000000000e+00,0.000000000000000000e+00,0.000000000000000000e+00,0.000000000000000000e+00,0.000000000000000000e+00,0.000000000000000000e+00,0.000000000000000000e+00,1.051153987646102905e-02,1.899449713528156281e-02,0.000000000000000000e+00,0.000000000000000000e+00,1.337920781224966049e-02,5.621260777115821838e-02,7.910824567079544067e-02,2.091444283723831177e-02,6.662900559604167938e-03,1.256801281124353409e-02,0.000000000000000000e+00,0.000000000000000000e+00,0.000000000000000000e+00,0.000000000000000000e+00,0.000000000000000000e+00,0.000000000000000000e+00,6.111371796578168869e-03,2.626484632492065430e-02,5.007202178239822388e-02,4.771867021918296814e-02,8.709043264389038086e-02,1.084296777844429016e-01,1.289649158716201782e-01,1.491729319095611572e-01,1.768505722284317017e-01,1.723738759756088257e-01,1.754444092512130737e-01,1.503038406372070312e-01,1.196747422218322754e-01,1.093903705477714539e-01,9.542196244001388550e-02,9.212125837802886963e-02,8.682151883840560913e-02,9.747743606567382812e-02,1.414911150932312012e-01,1.571504026651382446e-01,1.245464310050010681e-01,1.537759006023406982e-01,1.989521533250808716e-01,2.124204635620117188e-01,1.639800816774368286e-01,1.366330385208129883e-01,1.528750956058502197e-01,2.335050553083419800e-01,1.982694566249847412e-01,1.847366094589233398e-01,1.974354237318038940e-01,2.253392934799194336e-01,2.270093709230422974e-01,1.783621311187744141e-01,1.790219694375991821e-01,1.323723793029785156e-01,2.108741104602813721e-01,1.179228350520133972e-01,1.697208583354949951e-01,1.541048139333724976e-01,1.229430213570594788e-01,1.338907778263092041e-01,1.618309468030929565e-01,3.133449852466583252e-01,4.024900496006011963e-01,4.224306046962738037e-01,3.972126245498657227e-01,3.638616502285003662e-01,3.172487616539001465e-01,3.304249346256256104e-01,5.095601081848144531e-01,4.011434912681579590e-01,3.283292949199676514e-01,3.853954374790191650e-01,2.743827104568481445e-01,2.257156819105148315e-01,1.569543331861495972e-01,1.145972684025764465e-01,1.427767425775527954e-01,1.483758687973022461e-01,1.773819029331207275e-01,1.598046571016311646e-01,1.640774905681610107e-01,1.698659211397171021e-01,2.612129449844360352e-01,3.822330832481384277e-01,4.016956686973571777e-01,3.173299729824066162e-01,1.061538904905319214e-01,1.524543762207031250e-01,9.581274539232254028e-02,8.579555153846740723e-02,4.552358761429786682e-03,2.199140004813671112e-02,0.000000000000000000e+00,8.929263055324554443e-02,5.532560348510742188e-01,9.131578207015991211e-01,9.621456265449523926e-01,1.008787274360656738e+00,1.127712368965148926e+00,1.095864057540893555e+00,9.896495342254638672e-01,1.071347951889038086e+00,1.151241898536682129e+00,1.088503003120422363e+00,1.093630194664001465e+00,1.264425396919250488e+00,1.328331470489501953e+00,1.256632328033447266e+00,1.338764667510986328e+00,1.466127276420593262e+00,1.473789334297180176e+00,1.597633957862854004e+00
1.442433446645736694e-01,1.414073258638381958e-01,9.657452255487442017e-02,9.513629972934722900e-02,9.298039227724075317e-02,8.440463989973068237e-02,6.606370955705642700e-02,6.617791950702667236e-02,1.015710979700088501e-01,1.034852936863899231e-01,7.771568000316619873e-02,5.838528648018836975e-02,3.717356175184249878e-02,3.727285191416740417e-02,1.445329934358596802e-02,1.331156818196177483e-03,0.000000000000000000e+00,0.000000000000000000e+00,0.000000000000000000e+00,0.000000000000000000e+00,0.000000000000000000e+00,0.000000000000000000e+00,0.000000000000000000e+00,0.000000000000000000e+00,0.000000000000000000e+00,0.000000000000000000e+00,0.000000000000000000e+00,0.000000000000000000e+00,0.000000000000000000e+00,0.000000000000000000e+00,0.000000000000000000e+00,0.000000000000000000e+00,0.000000000000000000e+00,0.000000000000000000e+00,0.000000000000000000e+00,0.000000000000000000e+00,0.000000000000000000e+00,0.000000000000000000e+00,0.000000000000000000e+00,0.000000000000000000e+00,0.000000000000000000e+00,0.000000000000000000e+00,0.000000000000000000e+00,0.000000000000000000e+00,0.000000000000000000e+00,0.000000000000000000e+00,0.000000000000000000e+00,0.000000000000000000e+00,0.000000000000000000e+00,0.000000000000000000e+00,0.000000000000000000e+00,0.000000000000000000e+00,0.000000000000000000e+00,0.000000000000000000e+00,0.000000000000000000e+00,0.000000000000000000e+00,0.000000000000000000e+00,0.000000000000000000e+00,0.000000000000000000e+00,0.000000000000000000e+00,0.000000000000000000e+00,0.000000000000000000e+00,0.000000000000000000e+00,0.000000000000000000e+00,0.000000000000000000e+00,0.000000000000000000e+00,0.000000000000000000e+00,0.000000000000000000e+00,0.000000000000000000e+00,0.000000000000000000e+00,0.000000000000000000e+00,0.000000000000000000e+00,0.000000000000000000e+00,0.000000000000000000e+00,0.000000000000000000e+00,0.000000000000000000e+00,0.000000000000000000e+00,0.000000000000000000e+00,0.000000000000000000e+00,0.000000000000000000e+00,0.000000000000000000e+00,0.000000000000000000e+00,0.000000000000000000e+00,0.000000000000000000e+00,0.000000000000000000e+00,0.000000000000000000e+00,0.000000000000000000e+00,0.000000000000000000e+00,0.000000000000000000e+00,0.000000000000000000e+00,0.000000000000000000e+00,0.000000000000000000e+00,0.000000000000000000e+00,0.000000000000000000e+00,0.000000000000000000e+00,0.000000000000000000e+00,0.000000000000000000e+00,0.000000000000000000e+00,0.000000000000000000e+00,0.000000000000000000e+00,0.000000000000000000e+00,0.000000000000000000e+00,0.000000000000000000e+00,0.000000000000000000e+00,0.000000000000000000e+00,0.000000000000000000e+00,0.000000000000000000e+00,0.000000000000000000e+00,0.000000000000000000e+00,0.000000000000000000e+00,0.000000000000000000e+00,0.000000000000000000e+00,0.000000000000000000e+00,0.000000000000000000e+00,0.000000000000000000e+00,0.000000000000000000e+00,0.000000000000000000e+00,0.000000000000000000e+00,0.000000000000000000e+00,0.000000000000000000e+00,0.000000000000000000e+00,0.000000000000000000e+00,0.000000000000000000e+00,0.000000000000000000e+00,0.000000000000000000e+00,0.000000000000000000e+00,0.000000000000000000e+00,0.000000000000000000e+00,0.000000000000000000e+00,0.000000000000000000e+00,0.000000000000000000e+00,0.000000000000000000e+00,1.028664875775575638e-02,0.000000000000000000e+00,0.000000000000000000e+00,0.000000000000000000e+00,0.000000000000000000e+00,0.000000000000000000e+00,0.000000000000000000e+00,0.000000000000000000e+00,0.000000000000000000e+00,1.455977675504982471e-03,1.928147161379456520e-03,1.187274884432554245e-02,5.702324211597442627e-02,7.556936889886856079e-02,7.289306074380874634e-02,9.153777360916137695e-02,1.037842482328414917e-01,1.024661958217620850e-01,1.083249747753143311e-01,1.652120649814605713e-01,1.648692637681961060e-01,1.394215375185012817e-01,1.156353726983070374e-01,1.174935773015022278e-01,1.000318303704261780e-01,1.002083569765090942e-01,9.095027297735214233e-02,1.099305376410484314e-01,1.513524949550628662e-01,1.162058562040328979e-01,1.205434203147888184e-01,1.240218579769134521e-01,1.732422709465026855e-01,1.938745826482772827e-01,1.380615979433059692e-01,1.236870661377906799e-01,1.872749924659729004e-01,2.080252468585968018e-01,1.925182491540908813e-01,1.479692161083221436e-01,1.829603612422943115e-01,2.372666299343109131e-01,1.336494535207748413e-01,1.095389649271965027e-01,2.634063661098480225e-01,3.126756250858306885e-01,3.048615157604217529e-01,2.352744340896606445e-01,2.174247950315475464e-01,1.792544275522232056e-01,1.381220519542694092e-01,1.348205655813217163e-01,2.367926239967346191e-01,3.213934600353240967e-01,4.284361004829406738e-01,4.167696535587310791e-01,4.553794264793395996e-01,3.834437429904937744e-01,3.023528456687927246e-01,3.539642989635467529e-01,5.089511275291442871e-01,3.623055517673492432e-01,2.794806659221649170e-01,3.224402964115142822e-01,2.522983849048614502e-01,2.331084161996841431e-01,2.936832010746002197e-01,2.623816430568695068e-01,1.749961525201797485e-01,1.192913949489593506e-01,1.757087260484695435e-01,1.648816317319869995e-01,1.189787909388542175e-01,1.627738922834396362e-01,2.911834120750427246e-01,5.307017564773559570e-01,6.065806150436401367e-01,4.437046051025390625e-01,2.796725928783416748e-01,1.229043751955032349e-01,1.141935139894485474e-01,5.750397220253944397e-02,1.240162551403045654e-01,1.849361956119537354e-01,2.328132241964340210e-01,3.146194815635681152e-01,4.559734761714935303e-01,8.754560947418212891e-01,1.094797015190124512e+00,1.199630737304687500e+00,1.147658228874206543e+00,1.074116230010986328e+00,1.080538868904113770e+00,1.110725760459899902e+00,1.186588644981384277e+00,1.031824111938476562e+00,9.930055141448974609e-01,1.187624931335449219e+00,1.210185408592224121e+00,1.166108608245849609e+00,1.279562354087829590e+00,1.470718264579772949e+00,1.482767462730407715e+00,1.566228628158569336e+00
1.293544620275497437e-01,1.453943997621536255e-01,1.254303753376007080e-01,1.067079603672027588e-01,9.867682307958602905e-02,9.908828139305114746e-02,8.078719675540924072e-02,7.376027107238769531e-02,9.906891733407974243e-02,9.383956342935562134e-02,8.103392273187637329e-02,5.358339101076126099e-02,2.778924256563186646e-02,2.884271182119846344e-02,2.000369317829608917e-02,5.048343446105718613e-03,0.000000000000000000e+00,0.000000000000000000e+00,0.000000000000000000e+00,0.000000000000000000e+00,0.000000000000000000e+00,0.000000000000000000e+00,0.000000000000000000e+00,0.000000000000000000e+00,0.000000000000000000e+00,0.000000000000000000e+00,0.000000000000000000e+00,0.000000000000000000e+00,0.000000000000000000e+00,0.000000000000000000e+00,0.000000000000000000e+00,0.000000000000000000e+00,0.000000000000000000e+00,0.000000000000000000e+00,0.000000000000000000e+00,0.000000000000000000e+00,0.000000000000000000e+00,0.000000000000000000e+00,0.000000000000000000e+00,0.000000000000000000e+00,0.000000000000000000e+00,0.000000000000000000e+00,0.000000000000000000e+00,0.000000000000000000e+00,0.000000000000000000e+00,0.000000000000000000e+00,0.000000000000000000e+00,0.000000000000000000e+00,0.000000000000000000e+00,0.000000000000000000e+00,0.000000000000000000e+00,0.000000000000000000e+00,0.000000000000000000e+00,0.000000000000000000e+00,0.000000000000000000e+00,0.000000000000000000e+00,0.000000000000000000e+00,0.000000000000000000e+00,0.000000000000000000e+00,0.000000000000000000e+00,0.000000000000000000e+00,0.000000000000000000e+00,0.000000000000000000e+00,0.000000000000000000e+00,0.000000000000000000e+00,0.000000000000000000e+00,0.000000000000000000e+00,0.000000000000000000e+00,0.000000000000000000e+00,0.000000000000000000e+00,0.000000000000000000e+00,0.000000000000000000e+00,0.000000000000000000e+00,0.000000000000000000e+00,0.000000000000000000e+00,0.000000000000000000e+00,0.000000000000000000e+00,0.000000000000000000e+00,0.000000000000000000e+00,0.000000000000000000e+00,0.000000000000000000e+00,0.000000000000000000e+00,0.000000000000000000e+00,0.000000000000000000e+00,0.000000000000000000e+00,0.000000000000000000e+00,0.000000000000000000e+00,0.000000000000000000e+00,0.000000000000000000e+00,0.000000000000000000e+00,0.000000000000000000e+00,0.000000000000000000e+00,0.000000000000000000e+00,0.000000000000000000e+00,0.000000000000000000e+00,0.000000000000000000e+00,0.000000000000000000e+00,0.000000000000000000e+00,0.000000000000000000e+00,0.000000000000000000e+00,0.000000000000000000e+00,0.000000000000000000e+00,0.000000000000000000e+00,0.000000000000000000e+00,0.000000000000000000e+00,0.000000000000000000e+00,0.000000000000000000e+00,0.000000000000000000e+00,0.000000000000000000e+00,0.000000000000000000e+00,0.000000000000000000e+00,0.000000000000000000e+00,0.000000000000000000e+00,0.000000000000000000e+00,0.000000000000000000e+00,0.000000000000000000e+00,0.000000000000000000e+00,0.000000000000000000e+00,0.000000000000000000e+00,0.000000000000000000e+00,0.000000000000000000e+00,0.000000000000000000e+00,0.000000000000000000e+00,0.000000000000000000e+00,0.000000000000000000e+00,0.000000000000000000e+00,0.000000000000000000e+00,0.000000000000000000e+00,0.000000000000000000e+00,0.000000000000000000e+00,0.000000000000000000e+00,0.000000000000000000e+00,0.000000000000000000e+00,0.000000000000000000e+00,0.000000000000000000e+00,0.000000000000000000e+00,0.000000000000000000e+00,0.000000000000000000e+00,0.000000000000000000e+00,0.000000000000000000e+00,0.000000000000000000e+00,3.356323810294270515e-03,1.352717168629169464e-03,2.468167245388031006e-02,2.233991771936416626e-02,8.564961701631546021e-02,8.655207604169845581e-02,4.807200282812118530e-02,6.504858285188674927e-02,8.508653938770294189e-02,1.197846084833145142e-01,1.222393810749053955e-01,1.339760571718215942e-01,1.272675693035125732e-01,1.078872010111808777e-01,1.054887697100639343e-01,1.006914451718330383e-01,7.299955189228057861e-02,1.037955060601234436e-01,1.232005432248115540e-01,1.215317994356155396e-01,3.524444997310638428e-02,7.935822755098342896e-02,9.781230241060256958e-02,1.625344902276992798e-01,1.614592224359512329e-01,1.357782483100891113e-01,1.183390691876411438e-01,1.514274477958679199e-01,1.779699325561523438e-01,2.010574787855148315e-01,1.128709986805915833e-01,2.525679767131805420e-01,3.433063626289367676e-01,1.696276217699050903e-01,1.934536993503570557e-01,3.031523227691650391e-01,3.329854011535644531e-01,3.022804856300354004e-01,2.887573242187500000e-01,2.278982400894165039e-01,1.830212622880935669e-01,1.765161305665969849e-01,1.867042034864425659e-01,2.436828464269638062e-01,3.655924201011657715e-01,3.493618965148925781e-01,3.264611959457397461e-01,4.245049655437469482e-01,5.306038856506347656e-01,4.447787404060363770e-01,3.762608170509338379e-01,3.545762598514556885e-01,2.783893048763275146e-01,3.503270745277404785e-01,4.123071432113647461e-01,3.577791750431060791e-01,2.802616357803344727e-01,1.933979839086532593e-01,1.707220971584320068e-01,1.934565752744674683e-01,2.077160626649856567e-01,1.771147847175598145e-01,1.586632430553436279e-01,1.262177377939224243e-01,1.613379716873168945e-01,3.143390715122222900e-01,6.246550083160400391e-01,6.947701573371887207e-01,5.312891602516174316e-01,3.961634635925292969e-01,2.387648373842239380e-01,6.677975505590438843e-02,8.318794518709182739e-02,3.580068424344062805e-02,0.000000000000000000e+00,0.000000000000000000e+00,1.041138693690299988e-01,2.652775645256042480e-01,7.077769041061401367e-01,9.255563020706176758e-01,9.715373516082763672e-01,9.160077571868896484e-01,9.421142339706420898e-01,1.084438920021057129e+00,1.215114116668701172e+00,1.288181066513061523e+00,1.200385451316833496e+00,1.056198716163635254e+00,1.164029598236083984e+00,1.311013579368591309e+00,1.217581510543823242e+00,1.259053707122802734e+00,1.407150387763977051e+00,1.548497796058654785e+00,1.451736092567443848e+00
1.375554203987121582e-01,1.265875548124313354e-01,1.266242563724517822e-01,1.286644935607910156e-01,1.139115020632743835e-01,1.027531027793884277e-01,8.415683358907699585e-02,6.847599148750305176e-02,9.544460475444793701e-02,8.091895282268524170e-02,6.749793887138366699e-02,5.027164146304130554e-02,1.767904125154018402e-02,1.750961504876613617e-02,1.254322938621044159e-02,1.388067961670458317e-03,4.246956086717545986e-04,0.000000000000000000e+00,0.000000000000000000e+00,0.000000000000000000e+00,0.000000000000000000e+00,0.000000000000000000e+00,0.000000000000000000e+00,0.000000000000000000e+00,0.000000000000000000e+00,0.000000000000000000e+00,0.000000000000000000e+00,0.000000000000000000e+00,0.000000000000000000e+00,0.000000000000000000e+00,0.000000000000000000e+00,0.000000000000000000e+00,0.000000000000000000e+00,0.000000000000000000e+00,0.000000000000000000e+00,0.000000000000000000e+00,0.000000000000000000e+00,0.000000000000000000e+00,0.000000000000000000e+00,0.000000000000000000e+00,0.000000000000000000e+00,0.000000000000000000e+00,0.000000000000000000e+00,0.000000000000000000e+00,0.000000000000000000e+00,0.000000000000000000e+00,0.000000000000000000e+00,0.000000000000000000e+00,0.000000000000000000e+00,0.000000000000000000e+00,0.000000000000000000e+00,0.000000000000000000e+00,0.000000000000000000e+00,0.000000000000000000e+00,0.000000000000000000e+00,0.000000000000000000e+00,0.000000000000000000e+00,0.000000000000000000e+00,0.000000000000000000e+00,0.000000000000000000e+00,0.000000000000000000e+00,0.000000000000000000e+00,0.000000000000000000e+00,0.000000000000000000e+00,0.000000000000000000e+00,0.000000000000000000e+00,0.000000000000000000e+00,0.000000000000000000e+00,0.000000000000000000e+00,0.000000000000000000e+00,0.000000000000000000e+00,0.000000000000000000e+00,0.000000000000000000e+00,0.000000000000000000e+00,0.000000000000000000e+00,0.000000000000000000e+00,0.000000000000000000e+00,0.000000000000000000e+00,0.000000000000000000e+00,0.000000000000000000e+00,0.000000000000000000e+00,0.000000000000000000e+00,0.000000000000000000e+00,0.000000000000000000e+00,0.000000000000000000e+00,0.000000000000000000e+00,0.000000000000000000e+00,0.000000000000000000e+00,0.000000000000000000e+00,0.000000000000000000e+00,0.000000000000000000e+00,0.000000000000000000e+00,0.000000000000000000e+00,0.000000000000000000e+00,0.000000000000000000e+00,0.000000000000000000e+00,0.000000000000000000e+00,0.000000000000000000e+00,0.000000000000000000e+00,0.000000000000000000e+00,0.000000000000000000e+00,0.000000000000000000e+00,5.084187723696231842e-03,1.099498756229877472e-02,0.000000000000000000e+00,0.000000000000000000e+00,0.000000000000000000e+00,0.000000000000000000e+00,0.000000000000000000e+00,0.000000000000000000e+00,0.000000000000000000e+00,0.000000000000000000e+00,0.000000000000000000e+00,0.000000000000000000e+00,0.000000000000000000e+00,0.000000000000000000e+00,0.000000000000000000e+00,0.000000000000000000e+00,0.000000000000000000e+00,0.000000000000000000e+00,0.000000000000000000e+00,0.000000000000000000e+00,0.000000000000000000e+00,0.000000000000000000e+00,0.000000000000000000e+00,0.000000000000000000e+00,0.000000000000000000e+00,0.000000000000000000e+00,0.000000000000000000e+00,0.000000000000000000e+00,0.000000000000000000e+00,0.000000000000000000e+00,0.000000000000000000e+00,0.000000000000000000e+00,0.000000000000000000e+00,0.000000000000000000e+00,0.000000000000000000e+00,0.000000000000000000e+00,0.000000000000000000e+00,0.000000000000000000e+00,0.000000000000000000e+00,0.000000000000000000e+00,1.078982185572385788e-02,9.375868365168571472e-03,3.715307638049125671e-02,9.352968633174896240e-02,1.085195466876029968e-01,1.284565329551696777e-01,1.101081669330596924e-01,1.246456131339073181e-01,1.423231363296508789e-01,1.130271553993225098e-01,1.077031195163726807e-01,8.964047580957412720e-02,9.117969125509262085e-02,9.424704313278198242e-02,7.919085025787353516e-02,6.951174139976501465e-02,1.000725254416465759e-01,1.451081782579421997e-01,1.767068058252334595e-01,1.045068502426147461e-01,7.899503409862518311e-02,7.833708822727203369e-02,1.643049418926239014e-01,1.712411642074584961e-01,1.136459782719612122e-01,1.299930214881896973e-01,2.122160196304321289e-01,2.058728337287902832e-01,2.029756605625152588e-01,1.972536444664001465e-01,2.361982613801956177e-01,2.616014480590820312e-01,2.949532866477966309e-01,3.230087757110595703e-01,3.660241365432739258e-01,3.256325125694274902e-01,2.936907410621643066e-01,3.003389835357666016e-01,2.448045909404754639e-01,2.056158930063247681e-01,1.439855843782424927e-01,1.786387115716934204e-01,2.830384969711303711e-01,3.234554529190063477e-01,2.858630418777465820e-01,3.088394999504089355e-01,3.178121149539947510e-01,4.086576104164123535e-01,4.481897354125976562e-01,3.825769722461700439e-01,3.406007289886474609e-01,3.253977000713348389e-01,3.470547199249267578e-01,3.268406093120574951e-01,2.362599968910217285e-01,1.733629107475280762e-01,5.139979720115661621e-02,1.023914813995361328e-01,1.095530688762664795e-01,1.555277258157730103e-01,1.569900661706924438e-01,1.290327459573745728e-01,1.112448722124099731e-01,1.162568181753158569e-01,2.638145983219146729e-01,3.873555064201354980e-01,3.028889298439025879e-01,2.933265566825866699e-01,3.310488462448120117e-01,3.464201092720031738e-01,2.384214252233505249e-01,1.080333441495895386e-01,0.000000000000000000e+00,0.000000000000000000e+00,7.079412043094635010e-02,2.284144163131713867e-01,4.077297449111938477e-01,5.299204587936401367e-01,5.283651351928710938e-01,6.602266430854797363e-01,5.999577641487121582e-01,7.695417404174804688e-01,1.068357110023498535e+00,1.216976046562194824e+00,1.172943353652954102e+00,1.117457866668701172e+00,1.163714885711669922e+00,1.134464621543884277e+00,1.186652898788452148e+00,1.258456945419311523e+00,1.271826028823852539e+00,1.428207993507385254e+00,1.499374389648437500e+00,1.611268162727355957e+00
1.308876425027847290e-01,1.467949897050857544e-01,1.354321539402008057e-01,1.078086197376251221e-01,1.141452416777610779e-01,8.263126760721206665e-02,9.972553700208663940e-02,1.150806993246078491e-01,1.041271165013313293e-01,7.762309908866882324e-02,6.605941057205200195e-02,5.159297212958335876e-02,5.770746245980262756e-02,3.589089587330818176e-02,2.557048015296459198e-02,4.357233643531799316e-03,0.000000000000000000e+00,0.000000000000000000e+00,0.000000000000000000e+00,0.000000000000000000e+00,0.000000000000000000e+00,0.000000000000000000e+00,0.000000000000000000e+00,0.000000000000000000e+00,0.000000000000000000e+00,0.000000000000000000e+00,0.000000000000000000e+00,0.000000000000000000e+00,0.000000000000000000e+00,0.000000000000000000e+00,0.000000000000000000e+00,0.000000000000000000e+00,0.000000000000000000e+00,0.000000000000000000e+00,0.000000000000000000e+00,0.000000000000000000e+00,0.000000000000000000e+00,0.000000000000000000e+00,0.000000000000000000e+00,0.000000000000000000e+00,0.000000000000000000e+00,0.000000000000000000e+00,0.000000000000000000e+00,6.302823312580585480e-04,0.000000000000000000e+00,0.000000000000000000e+00,0.000000000000000000e+00,0.000000000000000000e+00,0.000000000000000000e+00,0.000000000000000000e+00,0.000000000000000000e+00,0.000000000000000000e+00,0.000000000000000000e+00,0.000000000000000000e+00,0.000000000000000000e+00,0.000000000000000000e+00,0.000000000000000000e+00,0.000000000000000000e+00,0.000000000000000000e+00,0.000000000000000000e+00,0.000000000000000000e+00,0.000000000000000000e+00,0.000000000000000000e+00,0.000000000000000000e+00,0.000000000000000000e+00,0.000000000000000000e+00,0.000000000000000000e+00,0.000000000000000000e+00,0.000000000000000000e+00,0.000000000000000000e+00,0.000000000000000000e+00,0.000000000000000000e+00,0.000000000000000000e+00,0.000000000000000000e+00,0.000000000000000000e+00,0.000000000000000000e+00,0.000000000000000000e+00,0.000000000000000000e+00,0.000000000000000000e+00,0.000000000000000000e+00,0.000000000000000000e+00,0.000000000000000000e+00,0.000000000000000000e+00,0.000000000000000000e+00,0.000000000000000000e+00,0.000000000000000000e+00,0.000000000000000000e+00,0.000000000000000000e+00,0.000000000000000000e+00,0.000000000000000000e+00,0.000000000000000000e+00,0.000000000000000000e+00,0.000000000000000000e+00,4.315267506171949208e-05,0.000000000000000000e+00,0.000000000000000000e+00,0.000000000000000000e+00,0.000000000000000000e+00,0.000000000000000000e+00,0.000000000000000000e+00,0.000000000000000000e+00,1.885160454548895359e-03,8.526229299604892731e-03,1.181437727063894272e-02,1.802046317607164383e-03,0.000000000000000000e+00,0.000000000000000000e+00,0.000000000000000000e+00,0.000000000000000000e+00,0.000000000000000000e+00,0.000000000000000000e+00,0.000000000000000000e+00,0.000000000000000000e+00,0.000000000000000000e+00,0.000000000000000000e+00,0.000000000000000000e+00,0.000000000000000000e+00,0.000000000000000000e+00,0.000000000000000000e+00,0.000000000000000000e+00,0.000000000000000000e+00,0.000000000000000000e+00,0.000000000000000000e+00,0.000000000000000000e+00,0.000000000000000000e+00,0.000000000000000000e+00,0.000000000000000000e+00,0.000000000000000000e+00,0.000000000000000000e+00,0.000000000000000000e+00,0.000000000000000000e+00,0.000000000000000000e+00,0.000000000000000000e+00,0.000000000000000000e+00,0.000000000000000000e+00,0.000000000000000000e+00,0.000000000000000000e+00,0.000000000000000000e+00,0.000000000000000000e+00,0.000000000000000000e+00,0.000000000000000000e+00,0.000000000000000000e+00,0.000000000000000000e+00,0.000000000000000000e+00,1.246365718543529510e-03,1.164775341749191284e-03,2.369466051459312439e-02,2.863781712949275970e-02,5.088905245065689087e-02,7.148473709821701050e-02,8.660020679235458374e-02,7.028434425592422485e-02,7.723842561244964600e-02,7.746051996946334839e-02,8.253593742847442627e-02,9.588695317506790161e-02,9.571009129285812378e-02,8.458209037780761719e-02,1.227459907531738281e-01,1.321877986192703247e-01,1.069097816944122314e-01,9.111216664314270020e-02,9.582929313182830811e-02,1.304447501897811890e-01,1.538214385509490967e-01,1.717236340045928955e-01,1.076268553733825684e-01,9.518130868673324585e-02,1.505737006664276123e-01,2.362989932298660278e-01,2.227634340524673462e-01,2.052285075187683105e-01,2.260460108518600464e-01,2.533285021781921387e-01,2.935427427291870117e-01,3.345142006874084473e-01,3.531067967414855957e-01,3.201150298118591309e-01,3.021637201309204102e-01,2.849481999874114990e-01,2.763708829879760742e-01,2.555847764015197754e-01,2.041647881269454956e-01,2.243356853723526001e-01,2.354474514722824097e-01,2.283491641283035278e-01,2.154385447502136230e-01,2.064688801765441895e-01,2.505060136318206787e-01,2.916517853736877441e-01,2.660178244113922119e-01,2.093455046415328979e-01,2.006748914718627930e-01,2.693193554878234863e-01,3.565841913223266602e-01,3.402231931686401367e-01,1.974490284919738770e-01,8.743722736835479736e-02,1.075863912701606750e-01,1.034816876053810120e-01,1.494959741830825806e-01,1.933215111494064331e-01,1.244978159666061401e-01,1.649662405252456665e-01,2.089924961328506470e-01,8.042947202920913696e-02,8.829945325851440430e-02,1.806407719850540161e-01,2.147462517023086548e-01,2.116594314575195312e-01,2.648421823978424072e-01,2.617928087711334229e-01,1.617246866226196289e-01,1.030579730868339539e-01,1.729543358087539673e-01,2.073505222797393799e-01,3.333947658538818359e-01,4.019859135150909424e-01,4.607654213905334473e-01,4.411155283451080322e-01,3.957902491092681885e-01,5.581287145614624023e-01,6.565113663673400879e-01,9.282254576683044434e-01,9.415675401687622070e-01,1.106953263282775879e+00,1.145211815834045410e+00,1.131343126296997070e+00,1.122173309326171875e+00,1.082418084144592285e+00,1.188936948776245117e+00,1.328251719474792480e+00,1.378452777862548828e+00,1.521538615226745605e+00,1.537048339843750000e+00,1.573782205581665039e+00
1.298769861459732056e-01,1.601503342390060425e-01,1.605667173862457275e-01,1.389233618974685669e-01,1.383703947067260742e-01,1.047045588493347168e-01,9.588129818439483643e-02,1.083935499191284180e-01,1.325973123311996460e-01,1.282354146242141724e-01,1.196530088782310486e-01,8.416716009378433228e-02,7.013984024524688721e-02,4.535852745175361633e-02,1.172686181962490082e-02,8.625390008091926575e-03,4.260662011802196503e-03,0.000000000000000000e+00,1.492989598773419857e-03,0.000000000000000000e+00,0.000000000000000000e+00,0.000000000000000000e+00,0.000000000000000000e+00,0.000000000000000000e+00,0.000000000000000000e+00,0.000000000000000000e+00,0.000000000000000000e+00,0.000000000000000000e+00,0.000000000000000000e+00,0.000000000000000000e+00,0.000000000000000000e+00,0.000000000000000000e+00,0.000000000000000000e+00,0.000000000000000000e+00,0.000000000000000000e+00,0.000000000000000000e+00,0.000000000000000000e+00,0.000000000000000000e+00,0.000000000000000000e+00,0.000000000000000000e+00,0.000000000000000000e+00,0.000000000000000000e+00,0.000000000000000000e+00,2.416136674582958221e-03,5.845854175277054310e-04,0.000000000000000000e+00,0.000000000000000000e+00,0.000000000000000000e+00,0.000000000000000000e+00,0.000000000000000000e+00,0.000000000000000000e+00,0.000000000000000000e+00,0.000000000000000000e+00,0.000000000000000000e+00,0.000000000000000000e+00,0.000000000000000000e+00,0.000000000000000000e+00,0.000000000000000000e+00,0.000000000000000000e+00,0.000000000000000000e+00,0.000000000000000000e+00,0.000000000000000000e+00,0.000000000000000000e+00,0.000000000000000000e+00,0.000000000000000000e+00,0.000000000000000000e+00,0.000000000000000000e+00,0.000000000000000000e+00,0.000000000000000000e+00,0.000000000000000000e+00,0.000000000000000000e+00,0.000000000000000000e+00,0.000000000000000000e+00,0.000000000000000000e+00,0.000000000000000000e+00,0.000000000000000000e+00,0.000000000000000000e+00,0.000000000000000000e+00,0.000000000000000000e+00,0.000000000000000000e+00,0.000000000000000000e+00,0.000000000000000000e+00,0.000000000000000000e+00,0.000000000000000000e+00,0.000000000000000000e+00,0.000000000000000000e+00,0.000000000000000000e+00,0.000000000000000000e+00,0.000000000000000000e+00,0.000000000000000000e+00,0.000000000000000000e+00,0.000000000000000000e+00,0.000000000000000000e+00,9.422089788131415844e-04,3.937862638849765062e-04,0.000000000000000000e+00,0.000000000000000000e+00,0.000000000000000000e+00,0.000000000000000000e+00,0.000000000000000000e+00,0.000000000000000000e+00,9.181976318359375000e-03,1.383468322455883026e-02,4.697195254266262054e-03,0.000000000000000000e+00,0.000000000000000000e+00,0.000000000000000000e+00,0.000000000000000000e+00,0.000000000000000000e+00,0.000000000000000000e+00,0.000000000000000000e+00,0.000000000000000000e+00,0.000000000000000000e+00,0.000000000000000000e+00,0.000000000000000000e+00,0.000000000000000000e+00,0.000000000000000000e+00,0.000000000000000000e+00,0.000000000000000000e+00,0.000000000000000000e+00,0.000000000000000000e+00,0.000000000000000000e+00,0.000000000000000000e+00,0.000000000000000000e+00,0.000000000000000000e+00,0.000000000000000000e+00,0.000000000000000000e+00,0.000000000000000000e+00,0.000000000000000000e+00,0.000000000000000000e+00,0.000000000000000000e+00,0.000000000000000000e+00,0.000000000000000000e+00,0.000000000000000000e+00,0.000000000000000000e+00,0.000000000000000000e+00,0.000000000000000000e+00,0.000000000000000000e+00,0.000000000000000000e+00,0.000000000000000000e+00,0.000000000000000000e+00,0.000000000000000000e+00,0.000000000000000000e+00,0.000000000000000000e+00,0.000000000000000000e+00,2.201619092375040054e-03,3.730539465323090553e-03,9.056099690496921539e-03,1.843873038887977600e-02,3.368915617465972900e-02,4.570486769080162048e-02,6.104293465614318848e-02,5.905717983841896057e-02,7.555875182151794434e-02,7.552343606948852539e-02,9.941045939922332764e-02,8.977154642343521118e-02,1.165396273136138916e-01,1.429570615291595459e-01,1.286320239305496216e-01,1.066543236374855042e-01,9.976341575384140015e-02,1.130547970533370972e-01,1.524348407983779907e-01,1.830059885978698730e-01,1.494069993495941162e-01,1.129506379365921021e-01,6.417074799537658691e-02,5.239297822117805481e-02,1.928594112396240234e-01,2.346349656581878662e-01,2.399207651615142822e-01,2.423792332410812378e-01,3.466841280460357666e-01,3.967002928256988525e-01,3.755922317504882812e-01,3.669521808624267578e-01,3.422469794750213623e-01,3.248774111270904541e-01,2.628723680973052979e-01,2.684203684329986572e-01,1.543863415718078613e-01,2.174776941537857056e-01,2.377885580062866211e-01,2.951437532901763916e-01,2.989633977413177490e-01,3.088586330413818359e-01,1.152502521872520447e-01,1.906625181436538696e-01,2.621615529060363770e-01,2.459390461444854736e-01,2.377444505691528320e-01,2.948708236217498779e-01,3.129796385765075684e-01,4.062495231628417969e-01,3.457118272781372070e-01,1.569860726594924927e-01,1.376079469919204712e-01,1.571683585643768311e-01,1.865151673555374146e-01,1.027105897665023804e-01,7.881414890289306641e-02,1.487872898578643799e-01,2.132593542337417603e-01,2.736619114875793457e-01,2.268937379121780396e-01,2.322214692831039429e-01,1.927982866764068604e-01,2.412001639604568481e-01,1.938646584749221802e-01,2.517520189285278320e-01,3.343880474567413330e-01,3.947806358337402344e-01,3.322385251522064209e-01,4.047243297100067139e-01,3.725862503051757812e-01,4.465015530586242676e-01,4.727555215358734131e-01,2.419945746660232544e-01,1.216676235198974609e-01,2.413327693939208984e-01,6.362258791923522949e-01,7.421168088912963867e-01,8.609496355056762695e-01,9.367465376853942871e-01,1.000416994094848633e+00,1.057538509368896484e+00,9.792557954788208008e-01,1.146825909614562988e+00,1.246820092201232910e+00,1.264996290206909180e+00,1.322584033012390137e+00,1.537774682044982910e+00,1.601344227790832520e+00,1.583463072776794434e+00,1.706846356391906738e+00
1.482651382684707642e-01,1.693916469812393188e-01,1.560594439506530762e-01,1.475449204444885254e-01,1.455069333314895630e-01,1.124672815203666687e-01,1.007566526532173157e-01,8.876460045576095581e-02,9.400775283575057983e-02,1.085007935762405396e-01,1.120106950402259827e-01,7.870788872241973877e-02,3.583004325628280640e-02,2.927489951252937317e-02,1.821370795369148254e-02,9.281026199460029602e-03,1.555074588395655155e-03,0.000000000000000000e+00,0.000000000000000000e+00,0.000000000000000000e+00,0.000000000000000000e+00,0.000000000000000000e+00,0.000000000000000000e+00,0.000000000000000000e+00,0.000000000000000000e+00,0.000000000000000000e+00,0.000000000000000000e+00,0.000000000000000000e+00,0.000000000000000000e+00,0.000000000000000000e+00,0.000000000000000000e+00,0.000000000000000000e+00,0.000000000000000000e+00,0.000000000000000000e+00,0.000000000000000000e+00,0.000000000000000000e+00,0.000000000000000000e+00,0.000000000000000000e+00,0.000000000000000000e+00,0.000000000000000000e+00,0.000000000000000000e+00,0.000000000000000000e+00,0.000000000000000000e+00,3.369328565895557404e-03,9.963624179363250732e-03,1.418995088897645473e-03,0.000000000000000000e+00,0.000000000000000000e+00,0.000000000000000000e+00,0.000000000000000000e+00,0.000000000000000000e+00,0.000000000000000000e+00,0.000000000000000000e+00,0.000000000000000000e+00,0.000000000000000000e+00,0.000000000000000000e+00,0.000000000000000000e+00,0.000000000000000000e+00,0.000000000000000000e+00,0.000000000000000000e+00,0.000000000000000000e+00,0.000000000000000000e+00,0.000000000000000000e+00,0.000000000000000000e+00,0.000000000000000000e+00,0.000000000000000000e+00,0.000000000000000000e+00,0.000000000000000000e+00,0.000000000000000000e+00,0.000000000000000000e+00,0.000000000000000000e+00,0.000000000000000000e+00,0.000000000000000000e+00,0.000000000000000000e+00,0.000000000000000000e+00,0.000000000000000000e+00,0.000000000000000000e+00,0.000000000000000000e+00,0.000000000000000000e+00,0.000000000000000000e+00,0.000000000000000000e+00,0.000000000000000000e+00,4.543782051769085228e-05,1.280033611692488194e-03,1.242332742549479008e-03,0.000000000000000000e+00,2.094932569889351726e-04,0.000000000000000000e+00,0.000000000000000000e+00,0.000000000000000000e+00,0.000000000000000000e+00,1.107979216612875462e-03,2.762697869911789894e-03,2.811205107718706131e-03,3.291173779871314764e-04,0.000000000000000000e+00,0.000000000000000000e+00,0.000000000000000000e+00,0.000000000000000000e+00,0.000000000000000000e+00,5.872759502381086349e-03,2.465872280299663544e-02,2.532852999866008759e-02,3.555992152541875839e-03,0.000000000000000000e+00,0.000000000000000000e+00,0.000000000000000000e+00,0.000000000000000000e+00,0.000000000000000000e+00,0.000000000000000000e+00,0.000000000000000000e+00,0.000000000000000000e+00,0.000000000000000000e+00,0.000000000000000000e+00,0.000000000000000000e+00,0.000000000000000000e+00,0.000000000000000000e+00,0.000000000000000000e+00,0.000000000000000000e+00,0.000000000000000000e+00,0.000000000000000000e+00,0.000000000000000000e+00,0.000000000000000000e+00,0.000000000000000000e+00,0.000000000000000000e+00,0.000000000000000000e+00,0.000000000000000000e+00,0.000000000000000000e+00,0.000000000000000000e+00,0.000000000000000000e+00,0.000000000000000000e+00,0.000000000000000000e+00,0.000000000000000000e+00,0.000000000000000000e+00,0.000000000000000000e+00,0.000000000000000000e+00,0.000000000000000000e+00,0.000000000000000000e+00,0.000000000000000000e+00,0.000000000000000000e+00,0.000000000000000000e+00,0.000000000000000000e+00,0.000000000000000000e+00,1.796165481209754944e-03,4.586592316627502441e-03,9.212712757289409637e-03,2.989099361002445221e-03,7.227011490613222122e-03,3.051339276134967804e-02,2.934900484979152679e-02,4.571670666337013245e-02,3.264364227652549744e-02,7.425928115844726562e-02,8.531965315341949463e-02,7.454197108745574951e-02,7.730871438980102539e-02,9.341922402381896973e-02,8.213396370410919189e-02,1.430598348379135132e-01,1.284412741661071777e-01,1.069086566567420959e-01,5.418603494763374329e-02,1.223638206720352173e-01,1.771458834409713745e-01,2.045039534568786621e-01,1.215169206261634827e-01,1.442920863628387451e-01,1.189153194427490234e-01,1.090517193078994751e-01,1.628956794738769531e-01,2.378674745559692383e-01,2.491928637027740479e-01,2.655449211597442627e-01,3.300076723098754883e-01,3.471529185771942139e-01,3.670886754989624023e-01,3.783109784126281738e-01,3.419642746448516846e-01,3.513864576816558838e-01,3.167877495288848877e-01,2.663454711437225342e-01,1.905557960271835327e-01,1.995627433061599731e-01,2.251662313938140869e-01,2.859515249729156494e-01,2.356812804937362671e-01,1.008685007691383362e-01,8.674749732017517090e-02,1.561484336853027344e-01,1.973805874586105347e-01,2.945681214332580566e-01,3.666526377201080322e-01,4.642416536808013916e-01,5.589028000831604004e-01,3.447176516056060791e-01,2.505824565887451172e-01,2.459530085325241089e-01,1.579576134681701660e-01,1.636047512292861938e-01,1.631964296102523804e-01,1.461333185434341431e-01,1.592737138271331787e-01,1.476187407970428467e-01,1.945223957300186157e-01,2.975040376186370850e-01,2.786175608634948730e-01,2.632885873317718506e-01,3.215371072292327881e-01,3.045259118080139160e-01,1.785674691200256348e-01,1.423061341047286987e-01,1.793795675039291382e-01,2.763654589653015137e-01,2.129091769456863403e-01,2.988643050193786621e-01,4.560759067535400391e-01,4.520346820354461670e-01,4.741129875183105469e-01,4.138707220554351807e-01,2.297029197216033936e-01,2.097240090370178223e-01,4.546862542629241943e-01,6.308119893074035645e-01,8.491034507751464844e-01,9.358140230178833008e-01,1.074498534202575684e+00,1.082581877708435059e+00,9.908298254013061523e-01,1.071529269218444824e+00,1.279092550277709961e+00,1.377476572990417480e+00,1.465947270393371582e+00,1.621117949485778809e+00,1.579564690589904785e+00,1.538719058036804199e+00,1.651168584823608398e+00
1.673458814620971680e-01,1.645627915859222412e-01,1.529979705810546875e-01,1.469220072031021118e-01,1.550214141607284546e-01,1.458787024021148682e-01,1.340579837560653687e-01,1.336139291524887085e-01,1.228359937667846680e-01,1.175027564167976379e-01,1.146543547511100769e-01,7.342231273651123047e-02,4.327965900301933289e-02,4.202845692634582520e-02,1.368565112352371216e-02,3.832936752587556839e-03,1.402331417921232060e-05,0.000000000000000000e+00,0.000000000000000000e+00,0.000000000000000000e+00,0.000000000000000000e+00,0.000000000000000000e+00,0.000000000000000000e+00,0.000000000000000000e+00,0.000000000000000000e+00,0.000000000000000000e+00,0.000000000000000000e+00,0.000000000000000000e+00,0.000000000000000000e+00,0.000000000000000000e+00,0.000000000000000000e+00,0.000000000000000000e+00,0.000000000000000000e+00,0.000000000000000000e+00,0.000000000000000000e+00,0.000000000000000000e+00,0.000000000000000000e+00,0.000000000000000000e+00,0.000000000000000000e+00,0.000000000000000000e+00,0.000000000000000000e+00,0.000000000000000000e+00,0.000000000000000000e+00,0.000000000000000000e+00,1.741701550781726837e-02,1.565096713602542877e-02,5.862712394446134567e-03,2.677260432392358780e-03,0.000000000000000000e+00,0.000000000000000000e+00,0.000000000000000000e+00,0.000000000000000000e+00,0.000000000000000000e+00,0.000000000000000000e+00,0.000000000000000000e+00,0.000000000000000000e+00,0.000000000000000000e+00,0.000000000000000000e+00,0.000000000000000000e+00,0.000000000000000000e+00,0.000000000000000000e+00,0.000000000000000000e+00,0.000000000000000000e+00,0.000000000000000000e+00,0.000000000000000000e+00,0.000000000000000000e+00,0.000000000000000000e+00,0.000000000000000000e+00,0.000000000000000000e+00,0.000000000000000000e+00,0.000000000000000000e+00,0.000000000000000000e+00,0.000000000000000000e+00,0.000000000000000000e+00,0.000000000000000000e+00,0.000000000000000000e+00,0.000000000000000000e+00,0.000000000000000000e+00,0.000000000000000000e+00,0.000000000000000000e+00,0.000000000000000000e+00,0.000000000000000000e+00,0.000000000000000000e+00,0.000000000000000000e+00,0.000000000000000000e+00,0.000000000000000000e+00,0.000000000000000000e+00,0.000000000000000000e+00,0.000000000000000000e+00,0.000000000000000000e+00,0.000000000000000000e+00,0.000000000000000000e+00,7.879035547375679016e-04,1.527580781839787960e-03,2.432822366245090961e-04,0.000000000000000000e+00,3.815027957898564637e-05,7.090689032338559628e-04,1.725623733364045620e-04,1.187479356303811073e-04,6.185762118548154831e-03,1.867200434207916260e-02,9.186123497784137726e-03,0.000000000000000000e+00,0.000000000000000000e+00,0.000000000000000000e+00,0.000000000000000000e+00,0.000000000000000000e+00,0.000000000000000000e+00,0.000000000000000000e+00,0.000000000000000000e+00,0.000000000000000000e+00,0.000000000000000000e+00,0.000000000000000000e+00,0.000000000000000000e+00,0.000000000000000000e+00,0.000000000000000000e+00,0.000000000000000000e+00,0.000000000000000000e+00,0.000000000000000000e+00,0.000000000000000000e+00,0.000000000000000000e+00,0.000000000000000000e+00,0.000000000000000000e+00,0.000000000000000000e+00,0.000000000000000000e+00,0.000000000000000000e+00,0.000000000000000000e+00,0.000000000000000000e+00,0.000000000000000000e+00,0.000000000000000000e+00,0.000000000000000000e+00,0.000000000000000000e+00,0.000000000000000000e+00,0.000000000000000000e+00,0.000000000000000000e+00,0.000000000000000000e+00,0.000000000000000000e+00,0.000000000000000000e+00,0.000000000000000000e+00,0.000000000000000000e+00,0.000000000000000000e+00,0.000000000000000000e+00,5.259064026176929474e-03,1.112472917884588242e-02,1.746780239045619965e-02,2.882250584661960602e-02,2.874396555125713348e-02,4.060540720820426941e-02,6.692843139171600342e-02,4.899889230728149414e-02,2.856116369366645813e-02,2.453898824751377106e-02,4.119357839226722717e-02,6.237249448895454407e-02,1.442111283540725708e-01,1.925022453069686890e-01,1.181540861725807190e-01,1.332613080739974976e-01,1.264442056417465210e-01,1.195273771882057190e-01,9.273306280374526978e-02,1.181547716259956360e-01,1.612173765897750854e-01,1.914446651935577393e-01,1.478132009506225586e-01,1.784038394689559937e-01,1.715694814920425415e-01,2.161812782287597656e-01,1.898898631334304810e-01,2.419408857822418213e-01,2.747783064842224121e-01,2.299593836069107056e-01,2.258584797382354736e-01,3.098660111427307129e-01,4.026544690132141113e-01,3.864336609840393066e-01,3.605440557003021240e-01,3.100137710571289062e-01,2.908293306827545166e-01,3.186089694499969482e-01,3.150722980499267578e-01,3.513626158237457275e-01,3.672451674938201904e-01,2.685914039611816406e-01,1.839218139648437500e-01,1.017245650291442871e-01,5.135012790560722351e-02,7.672870159149169922e-02,1.800988614559173584e-01,2.739113867282867432e-01,3.950915634632110596e-01,4.861826896667480469e-01,3.902547657489776611e-01,2.867084443569183350e-01,2.042965590953826904e-01,1.827967166900634766e-01,1.990813165903091431e-01,2.241985201835632324e-01,2.975605130195617676e-01,2.929131388664245605e-01,3.371666669845581055e-01,3.052617013454437256e-01,3.531100451946258545e-01,5.255087614059448242e-01,4.188345968723297119e-01,3.345355093479156494e-01,2.005408257246017456e-01,1.999528110027313232e-01,2.489286512136459351e-01,3.876208364963531494e-01,4.597378075122833252e-01,3.193544745445251465e-01,2.534346878528594971e-01,1.948310881853103638e-01,2.850624620914459229e-01,3.360947370529174805e-01,3.832434713840484619e-01,3.349938094615936279e-01,2.219042778015136719e-01,3.274542689323425293e-01,4.651894569396972656e-01,6.227598190307617188e-01,8.006781339645385742e-01,1.046740174293518066e+00,1.136071562767028809e+00,1.044397234916687012e+00,9.842157959938049316e-01,1.187310934066772461e+00,1.341993927955627441e+00,1.474014043807983398e+00,1.635425567626953125e+00,1.537141919136047363e+00,1.606197714805603027e+00,1.588008880615234375e+00,1.580541610717773438e+00
1.367767602205276489e-01,1.609886139631271362e-01,1.511738896369934082e-01,1.363419443368911743e-01,1.340937614440917969e-01,1.314015537500381470e-01,1.044592931866645813e-01,9.796788543462753296e-02,9.164781868457794189e-02,9.368868917226791382e-02,8.848895877599716187e-02,6.767129898071289062e-02,4.850922897458076477e-02,2.852391637861728668e-02,7.968849502503871918e-03,4.897151608020067215e-03,0.000000000000000000e+00,0.000000000000000000e+00,0.000000000000000000e+00,0.000000000000000000e+00,0.000000000000000000e+00,0.000000000000000000e+00,0.000000000000000000e+00,0.000000000000000000e+00,0.000000000000000000e+00,0.000000000000000000e+00,0.000000000000000000e+00,0.000000000000000000e+00,0.000000000000000000e+00,0.000000000000000000e+00,0.000000000000000000e+00,0.000000000000000000e+00,0.000000000000000000e+00,0.000000000000000000e+00,0.000000000000000000e+00,0.000000000000000000e+00,0.000000000000000000e+00,0.000000000000000000e+00,0.000000000000000000e+00,0.000000000000000000e+00,0.000000000000000000e+00,0.000000000000000000e+00,0.000000000000000000e+00,0.000000000000000000e+00,5.237829871475696564e-03,2.189818583428859711e-02,5.262665823101997375e-02,3.498865664005279541e-02,1.413024868816137314e-02,2.831562422215938568e-03,0.000000000000000000e+00,0.000000000000000000e+00,0.000000000000000000e+00,0.000000000000000000e+00,0.000000000000000000e+00,0.000000000000000000e+00,0.000000000000000000e+00,0.000000000000000000e+00,0.000000000000000000e+00,0.000000000000000000e+00,0.000000000000000000e+00,0.000000000000000000e+00,0.000000000000000000e+00,0.000000000000000000e+00,0.000000000000000000e+00,0.000000000000000000e+00,0.000000000000000000e+00,0.000000000000000000e+00,0.000000000000000000e+00,0.000000000000000000e+00,0.000000000000000000e+00,0.000000000000000000e+00,0.000000000000000000e+00,0.000000000000000000e+00,0.000000000000000000e+00,0.000000000000000000e+00,0.000000000000000000e+00,0.000000000000000000e+00,0.000000000000000000e+00,0.000000000000000000e+00,0.000000000000000000e+00,0.000000000000000000e+00,0.000000000000000000e+00,0.000000000000000000e+00,0.000000000000000000e+00,0.000000000000000000e+00,0.000000000000000000e+00,0.000000000000000000e+00,0.000000000000000000e+00,0.000000000000000000e+00,0.000000000000000000e+00,7.782386383041739464e-04,0.000000000000000000e+00,3.484315937384963036e-03,3.902619006112217903e-03,3.654588712379336357e-03,2.769460901618003845e-03,2.287134993821382523e-03,1.063841115683317184e-02,2.369048446416854858e-02,0.000000000000000000e+00,0.000000000000000000e+00,0.000000000000000000e+00,0.000000000000000000e+00,0.000000000000000000e+00,0.000000000000000000e+00,0.000000000000000000e+00,0.000000000000000000e+00,0.000000000000000000e+00,0.000000000000000000e+00,0.000000000000000000e+00,0.000000000000000000e+00,0.000000000000000000e+00,0.000000000000000000e+00,0.000000000000000000e+00,0.000000000000000000e+00,0.000000000000000000e+00,0.000000000000000000e+00,0.000000000000000000e+00,0.000000000000000000e+00,0.000000000000000000e+00,0.000000000000000000e+00,0.000000000000000000e+00,0.000000000000000000e+00,0.000000000000000000e+00,0.000000000000000000e+00,0.000000000000000000e+00,0.000000000000000000e+00,0.000000000000000000e+00,0.000000000000000000e+00,0.000000000000000000e+00,0.000000000000000000e+00,0.000000000000000000e+00,0.000000000000000000e+00,0.000000000000000000e+00,1.862160046584904194e-03,0.000000000000000000e+00,0.000000000000000000e+00,0.000000000000000000e+00,0.000000000000000000e+00,0.000000000000000000e+00,0.000000000000000000e+00,0.000000000000000000e+00,4.500592593103647232e-03,1.615614257752895355e-02,1.912306994199752808e-02,7.165009528398513794e-02,1.051036044955253601e-01,9.587383270263671875e-02,3.349850699305534363e-02,2.920616418123245239e-02,1.806218363344669342e-02,1.875498704612255096e-02,2.171968482434749603e-02,3.601539507508277893e-02,8.330897986888885498e-02,1.143331751227378845e-01,1.077770814299583435e-01,1.188122108578681946e-01,1.210887581110000610e-01,1.176934242248535156e-01,1.305215358734130859e-01,1.181758567690849304e-01,7.659946382045745850e-02,6.091236323118209839e-02,1.456551551818847656e-01,1.873882114887237549e-01,1.859373450279235840e-01,2.146141678094863892e-01,2.288230061531066895e-01,2.193803489208221436e-01,2.344727963209152222e-01,2.468001991510391235e-01,2.393155544996261597e-01,2.814860343933105469e-01,3.288614451885223389e-01,3.518655896186828613e-01,3.687414228916168213e-01,4.841506183147430420e-01,3.826216459274291992e-01,4.124161303043365479e-01,4.164953827857971191e-01,4.428157210350036621e-01,3.285675942897796631e-01,2.757993340492248535e-01,2.184520512819290161e-01,1.473020017147064209e-01,1.654001474380493164e-01,1.590979546308517456e-01,3.109560012817382812e-01,4.579764008522033691e-01,3.547540009021759033e-01,2.796690464019775391e-01,2.451618164777755737e-01,2.220513224601745605e-01,1.745007485151290894e-01,2.115120440721511841e-01,2.267132401466369629e-01,2.885424494743347168e-01,4.174847304821014404e-01,4.885315597057342529e-01,5.844880938529968262e-01,4.844644069671630859e-01,4.942986965179443359e-01,5.676244497299194336e-01,5.385669469833374023e-01,4.592654705047607422e-01,4.706326723098754883e-01,4.255859851837158203e-01,3.996145129203796387e-01,3.978966176509857178e-01,2.809743583202362061e-01,1.789800375699996948e-01,2.405637800693511963e-01,2.835991680622100830e-01,8.749572187662124634e-02,1.084225252270698547e-02,1.522344499826431274e-01,2.251075506210327148e-01,2.208796739578247070e-01,4.103545248508453369e-01,4.825969934463500977e-01,6.774747967720031738e-01,7.390354275703430176e-01,1.137288808822631836e+00,1.213540315628051758e+00,1.094165921211242676e+00,1.152886867523193359e+00,1.335377097129821777e+00,1.468664646148681641e+00,1.530292749404907227e+00,1.596565365791320801e+00,1.650281429290771484e+00,1.604150056838989258e+00,1.589203596115112305e+00,1.601512670516967773e+00
1.662007421255111694e-01,1.750858426094055176e-01,1.550683379173278809e-01,1.449908614158630371e-01,1.452592909336090088e-01,1.278956383466720581e-01,1.427674889564514160e-01,1.288613677024841309e-01,9.087280929088592529e-02,8.891396224498748779e-02,7.284505665302276611e-02,5.552132800221443176e-02,3.387546166777610779e-02,1.963009499013423920e-02,5.817052908241748810e-03,1.423681993037462234e-02,0.000000000000000000e+00,0.000000000000000000e+00,0.000000000000000000e+00,0.000000000000000000e+00,0.000000000000000000e+00,0.000000000000000000e+00,1.230424037203192711e-03,1.438337727449834347e-03,0.000000000000000000e+00,0.000000000000000000e+00,0.000000000000000000e+00,0.000000000000000000e+00,0.000000000000000000e+00,0.000000000000000000e+00,0.000000000000000000e+00,0.000000000000000000e+00,0.000000000000000000e+00,0.000000000000000000e+00,0.000000000000000000e+00,0.000000000000000000e+00,0.000000000000000000e+00,0.000000000000000000e+00,0.000000000000000000e+00,0.000000000000000000e+00,0.000000000000000000e+00,0.000000000000000000e+00,0.000000000000000000e+00,0.000000000000000000e+00,3.148539457470178604e-03,9.948444552719593048e-03,2.528408169746398926e-02,3.894764557480812073e-02,1.766651682555675507e-02,3.412194317206740379e-03,0.000000000000000000e+00,0.000000000000000000e+00,0.000000000000000000e+00,0.000000000000000000e+00,0.000000000000000000e+00,0.000000000000000000e+00,0.000000000000000000e+00,0.000000000000000000e+00,0.000000000000000000e+00,0.000000000000000000e+00,0.000000000000000000e+00,0.000000000000000000e+00,0.000000000000000000e+00,0.000000000000000000e+00,0.000000000000000000e+00,0.000000000000000000e+00,0.000000000000000000e+00,0.000000000000000000e+00,0.000000000000000000e+00,0.000000000000000000e+00,0.000000000000000000e+00,0.000000000000000000e+00,0.000000000000000000e+00,0.000000000000000000e+00,0.000000000000000000e+00,0.000000000000000000e+00,0.000000000000000000e+00,0.000000000000000000e+00,0.000000000000000000e+00,0.000000000000000000e+00,0.000000000000000000e+00,0.000000000000000000e+00,0.000000000000000000e+00,0.000000000000000000e+00,0.000000000000000000e+00,0.000000000000000000e+00,0.000000000000000000e+00,0.000000000000000000e+00,0.000000000000000000e+00,0.000000000000000000e+00,0.000000000000000000e+00,1.971015008166432381e-03,2.575085964053869247e-03,4.045275039970874786e-03,6.554543972015380859e-03,6.105616223067045212e-03,3.101205453276634216e-03,5.466483999043703079e-03,2.160501293838024139e-02,1.146647799760103226e-02,0.000000000000000000e+00,0.000000000000000000e+00,0.000000000000000000e+00,0.000000000000000000e+00,0.000000000000000000e+00,0.000000000000000000e+00,0.000000000000000000e+00,0.000000000000000000e+00,0.000000000000000000e+00,0.000000000000000000e+00,0.000000000000000000e+00,0.000000000000000000e+00,0.000000000000000000e+00,0.000000000000000000e+00,0.000000000000000000e+00,0.000000000000000000e+00,0.000000000000000000e+00,0.000000000000000000e+00,0.000000000000000000e+00,0.000000000000000000e+00,0.000000000000000000e+00,0.000000000000000000e+00,0.000000000000000000e+00,0.000000000000000000e+00,6.068906281143426895e-03,3.812123090028762817e-03,0.000000000000000000e+00,2.235339721664786339e-03,5.967060104012489319e-03,0.000000000000000000e+00,0.000000000000000000e+00,0.000000000000000000e+00,0.000000000000000000e+00,0.000000000000000000e+00,0.000000000000000000e+00,0.000000000000000000e+00,0.000000000000000000e+00,0.000000000000000000e+00,0.000000000000000000e+00,0.000000000000000000e+00,0.000000000000000000e+00,0.000000000000000000e+00,5.079775582998991013e-04,4.378514364361763000e-03,4.006201867014169693e-03,2.746115252375602722e-02,7.521826773881912231e-02,1.246695443987846375e-01,1.280484348535537720e-01,3.704518079757690430e-02,1.575600542128086090e-02,1.707572303712368011e-02,2.755831368267536163e-02,3.863954171538352966e-02,4.485911875963211060e-02,5.700046941637992859e-02,6.043718382716178894e-02,6.182408705353736877e-02,9.333826601505279541e-02,9.373210370540618896e-02,1.119392365217208862e-01,1.531439274549484253e-01,1.255345344543457031e-01,4.023035243153572083e-02,8.299666456878185272e-03,1.327624619007110596e-01,1.578256040811538696e-01,1.937725841999053955e-01,1.836736351251602173e-01,1.868023574352264404e-01,2.045635432004928589e-01,2.346246540546417236e-01,2.427352666854858398e-01,2.739928066730499268e-01,2.899088561534881592e-01,3.021369576454162598e-01,3.458458483219146729e-01,3.680939376354217529e-01,4.569863975048065186e-01,3.537195920944213867e-01,3.901737034320831299e-01,4.499710500240325928e-01,4.319638013839721680e-01,3.296024203300476074e-01,2.667717337608337402e-01,2.379985302686691284e-01,2.155505567789077759e-01,1.526467204093933105e-01,2.159796953201293945e-01,1.973550468683242798e-01,2.394882291555404663e-01,2.583113312721252441e-01,2.279005199670791626e-01,1.942186802625656128e-01,1.788088977336883545e-01,1.730575263500213623e-01,1.773203015327453613e-01,2.125375270843505859e-01,3.195762038230895996e-01,3.750318288803100586e-01,4.425978958606719971e-01,5.047345161437988281e-01,4.915714859962463379e-01,4.320212900638580322e-01,4.390067756175994873e-01,3.961530327796936035e-01,4.383572041988372803e-01,4.347752928733825684e-01,3.610948324203491211e-01,3.487966954708099365e-01,2.709052264690399170e-01,1.639705300331115723e-01,2.793918550014495850e-01,3.368892371654510498e-01,3.439821004867553711e-01,1.811331212520599365e-01,6.734929978847503662e-03,0.000000000000000000e+00,0.000000000000000000e+00,8.917121589183807373e-02,3.577938973903656006e-01,5.536720156669616699e-01,8.486870527267456055e-01,9.895266294479370117e-01,1.192904591560363770e+00,1.334190368652343750e+00,1.340744853019714355e+00,1.312499880790710449e+00,1.451337218284606934e+00,1.564514160156250000e+00,1.613666772842407227e+00,1.496335268020629883e+00,1.598501086235046387e+00,1.653796195983886719e+00,1.574019789695739746e+00,1.488070964813232422e+00
1.472579985857009888e-01,1.610329002141952515e-01,1.534758359193801880e-01,1.611788272857666016e-01,1.409088373184204102e-01,1.133166253566741943e-01,1.039781793951988220e-01,1.041904240846633911e-01,9.664709866046905518e-02,9.514932334423065186e-02,9.179649502038955688e-02,5.264418199658393860e-02,2.842436172068119049e-02,1.747285760939121246e-02,2.726661041378974915e-03,1.116776489652693272e-03,0.000000000000000000e+00,0.000000000000000000e+00,0.000000000000000000e+00,0.000000000000000000e+00,0.000000000000000000e+00,0.000000000000000000e+00,0.000000000000000000e+00,0.000000000000000000e+00,0.000000000000000000e+00,0.000000000000000000e+00,0.000000000000000000e+00,0.000000000000000000e+00,0.000000000000000000e+00,0.000000000000000000e+00,0.000000000000000000e+00,0.000000000000000000e+00,0.000000000000000000e+00,0.000000000000000000e+00,0.000000000000000000e+00,0.000000000000000000e+00,0.000000000000000000e+00,0.000000000000000000e+00,0.000000000000000000e+00,0.000000000000000000e+00,0.000000000000000000e+00,0.000000000000000000e+00,0.000000000000000000e+00,0.000000000000000000e+00,0.000000000000000000e+00,2.921154722571372986e-03,6.767850834876298904e-03,1.091945450752973557e-02,7.305411621928215027e-03,3.324981778860092163e-03,0.000000000000000000e+00,0.000000000000000000e+00,0.000000000000000000e+00,0.000000000000000000e+00,0.000000000000000000e+00,0.000000000000000000e+00,0.000000000000000000e+00,0.000000000000000000e+00,0.000000000000000000e+00,0.000000000000000000e+00,0.000000000000000000e+00,0.000000000000000000e+00,0.000000000000000000e+00,0.000000000000000000e+00,0.000000000000000000e+00,0.000000000000000000e+00,0.000000000000000000e+00,0.000000000000000000e+00,0.000000000000000000e+00,0.000000000000000000e+00,0.000000000000000000e+00,0.000000000000000000e+00,0.000000000000000000e+00,0.000000000000000000e+00,0.000000000000000000e+00,0.000000000000000000e+00,0.000000000000000000e+00,0.000000000000000000e+00,0.000000000000000000e+00,0.000000000000000000e+00,0.000000000000000000e+00,0.000000000000000000e+00,0.000000000000000000e+00,0.000000000000000000e+00,0.000000000000000000e+00,0.000000000000000000e+00,0.000000000000000000e+00,0.000000000000000000e+00,0.000000000000000000e+00,0.000000000000000000e+00,9.606030071154236794e-04,8.968031965196132660e-03,1.175179891288280487e-02,8.707027882337570190e-03,8.095040917396545410e-03,8.680948056280612946e-03,9.496119804680347443e-03,9.766685543581843376e-04,0.000000000000000000e+00,0.000000000000000000e+00,0.000000000000000000e+00,0.000000000000000000e+00,0.000000000000000000e+00,0.000000000000000000e+00,0.000000000000000000e+00,0.000000000000000000e+00,0.000000000000000000e+00,0.000000000000000000e+00,0.000000000000000000e+00,0.000000000000000000e+00,0.000000000000000000e+00,0.000000000000000000e+00,0.000000000000000000e+00,0.000000000000000000e+00,0.000000000000000000e+00,0.000000000000000000e+00,0.000000000000000000e+00,0.000000000000000000e+00,0.000000000000000000e+00,0.000000000000000000e+00,0.000000000000000000e+00,1.115016359835863113e-02,5.358327552676200867e-02,8.081041276454925537e-02,3.728854283690452576e-02,0.000000000000000000e+00,0.000000000000000000e+00,0.000000000000000000e+00,0.000000000000000000e+00,0.000000000000000000e+00,0.000000000000000000e+00,0.000000000000000000e+00,0.000000000000000000e+00,0.000000000000000000e+00,0.000000000000000000e+00,0.000000000000000000e+00,0.000000000000000000e+00,0.000000000000000000e+00,0.000000000000000000e+00,0.000000000000000000e+00,0.000000000000000000e+00,0.000000000000000000e+00,9.221915970556437969e-04,3.668425604701042175e-03,1.078516058623790741e-02,2.714492939412593842e-02,4.926184564828872681e-02,4.544166103005409241e-02,5.336849391460418701e-02,2.787732891738414764e-02,2.016586950048804283e-03,7.467909716069698334e-03,2.616857923567295074e-02,2.697148360311985016e-02,9.589233435690402985e-03,3.372946009039878845e-02,7.938076555728912354e-02,7.783646136522293091e-02,1.268369853496551514e-01,9.784565120935440063e-02,1.279989182949066162e-01,1.373069137334823608e-01,1.182649433612823486e-01,1.069199591875076294e-01,9.551631659269332886e-02,8.713001012802124023e-02,8.848575502634048462e-02,1.648630946874618530e-01,2.098883837461471558e-01,2.354350537061691284e-01,3.009942770004272461e-01,3.221504390239715576e-01,2.797521948814392090e-01,2.958624660968780518e-01,2.865550220012664795e-01,3.093413114547729492e-01,3.189060389995574951e-01,3.898797035217285156e-01,4.525976479053497314e-01,4.317976832389831543e-01,4.809576570987701416e-01,5.100362896919250488e-01,4.826415181159973145e-01,3.543349504470825195e-01,2.548848390579223633e-01,1.914837658405303955e-01,2.394732087850570679e-01,1.855983585119247437e-01,1.623319834470748901e-01,1.949950605630874634e-01,2.397057861089706421e-01,2.318342030048370361e-01,2.211740016937255859e-01,1.742965430021286011e-01,1.053424775600433350e-01,7.742160558700561523e-02,1.202468499541282654e-01,2.071338891983032227e-01,2.808920145034790039e-01,3.571301698684692383e-01,3.547457158565521240e-01,5.506252050399780273e-01,6.233648657798767090e-01,3.856214880943298340e-01,3.408874869346618652e-01,3.523162305355072021e-01,2.473604232072830200e-01,1.891251504421234131e-01,1.951837092638015747e-01,2.468316555023193359e-01,1.906142532825469971e-01,1.915261447429656982e-01,2.320780158042907715e-01,3.568392097949981689e-01,4.111397862434387207e-01,3.242253959178924561e-01,1.756995767354965210e-01,2.700983546674251556e-02,2.856547944247722626e-02,3.932546824216842651e-02,2.293924838304519653e-01,8.948944211006164551e-01,1.186432719230651855e+00,1.409063935279846191e+00,1.377136230468750000e+00,1.403186082839965820e+00,1.464925527572631836e+00,1.464468955993652344e+00,1.623283624649047852e+00,1.561938047409057617e+00,1.625579357147216797e+00,1.551062822341918945e+00,1.529430508613586426e+00,1.558105230331420898e+00,1.572361230850219727e+00,1.517821073532104492e+00
1.624158322811126709e-01,1.707552373409271240e-01,1.491797864437103271e-01,1.536561250686645508e-01,1.368976533412933350e-01,1.282447278499603271e-01,1.408267021179199219e-01,1.150379180908203125e-01,1.003822162747383118e-01,1.061043292284011841e-01,9.461742639541625977e-02,7.611026614904403687e-02,3.488837927579879761e-02,1.552038360387086868e-02,5.136581603437662125e-03,4.507231991738080978e-03,0.000000000000000000e+00,0.000000000000000000e+00,0.000000000000000000e+00,0.000000000000000000e+00,0.000000000000000000e+00,0.000000000000000000e+00,0.000000000000000000e+00,0.000000000000000000e+00,0.000000000000000000e+00,0.000000000000000000e+00,0.000000000000000000e+00,0.000000000000000000e+00,0.000000000000000000e+00,0.000000000000000000e+00,0.000000000000000000e+00,0.000000000000000000e+00,0.000000000000000000e+00,0.000000000000000000e+00,0.000000000000000000e+00,0.000000000000000000e+00,0.000000000000000000e+00,0.000000000000000000e+00,0.000000000000000000e+00,0.000000000000000000e+00,0.000000000000000000e+00,0.000000000000000000e+00,0.000000000000000000e+00,0.000000000000000000e+00,0.000000000000000000e+00,9.053438552655279636e-04,3.712804522365331650e-03,2.529344055801630020e-03,1.033539767377078533e-03,1.309390790993347764e-04,0.000000000000000000e+00,0.000000000000000000e+00,0.000000000000000000e+00,0.000000000000000000e+00,0.000000000000000000e+00,0.000000000000000000e+00,0.000000000000000000e+00,0.000000000000000000e+00,0.000000000000000000e+00,0.000000000000000000e+00,0.000000000000000000e+00,0.000000000000000000e+00,0.000000000000000000e+00,0.000000000000000000e+00,0.000000000000000000e+00,0.000000000000000000e+00,0.000000000000000000e+00,0.000000000000000000e+00,0.000000000000000000e+00,0.000000000000000000e+00,0.000000000000000000e+00,0.000000000000000000e+00,0.000000000000000000e+00,0.000000000000000000e+00,0.000000000000000000e+00,0.000000000000000000e+00,0.000000000000000000e+00,0.000000000000000000e+00,0.000000000000000000e+00,0.000000000000000000e+00,3.066601930186152458e-03,3.895673900842666626e-03,0.000000000000000000e+00,0.000000000000000000e+00,0.000000000000000000e+00,0.000000000000000000e+00,0.000000000000000000e+00,4.136939533054828644e-03,6.648423615843057632e-03,1.642376533709466457e-03,1.793014816939830780e-03,7.664163596928119659e-03,1.614945381879806519e-02,1.036676857620477676e-02,1.393384020775556564e-02,1.917331106960773468e-02,2.703141421079635620e-02,6.032707635313272476e-03,0.000000000000000000e+00,0.000000000000000000e+00,0.000000000000000000e+00,0.000000000000000000e+00,0.000000000000000000e+00,0.000000000000000000e+00,0.000000000000000000e+00,0.000000000000000000e+00,0.000000000000000000e+00,0.000000000000000000e+00,0.000000000000000000e+00,0.000000000000000000e+00,0.000000000000000000e+00,0.000000000000000000e+00,0.000000000000000000e+00,0.000000000000000000e+00,0.000000000000000000e+00,0.000000000000000000e+00,0.000000000000000000e+00,0.000000000000000000e+00,0.000000000000000000e+00,0.000000000000000000e+00,0.000000000000000000e+00,3.831142932176589966e-02,9.061262011528015137e-02,4.298770055174827576e-02,4.508606158196926117e-03,0.000000000000000000e+00,0.000000000000000000e+00,0.000000000000000000e+00,0.000000000000000000e+00,0.000000000000000000e+00,0.000000000000000000e+00,0.000000000000000000e+00,0.000000000000000000e+00,0.000000000000000000e+00,0.000000000000000000e+00,0.000000000000000000e+00,0.000000000000000000e+00,1.335562672466039658e-03,8.198518189601600170e-04,0.000000000000000000e+00,0.000000000000000000e+00,1.332816435024142265e-03,4.022581968456506729e-03,1.126826647669076920e-02,1.506530120968818665e-02,1.924420893192291260e-02,1.174616627395153046e-02,6.300239358097314835e-03,1.390760578215122223e-02,1.556545775383710861e-02,1.135744503699243069e-03,0.000000000000000000e+00,0.000000000000000000e+00,4.609642084687948227e-03,1.244958397001028061e-02,1.255719736218452454e-02,4.089617356657981873e-02,1.036352515220642090e-01,1.227333396673202515e-01,1.132899224758148193e-01,1.514296382665634155e-01,1.611950248479843140e-01,1.000807136297225952e-01,9.941770881414413452e-02,8.059886097908020020e-02,9.429230540990829468e-02,1.141498982906341553e-01,1.463305652141571045e-01,1.894132792949676514e-01,2.588290572166442871e-01,2.903415560722351074e-01,2.726921141147613525e-01,2.711747586727142334e-01,3.005934357643127441e-01,3.232755661010742188e-01,2.989899516105651855e-01,3.089703321456909180e-01,3.382175564765930176e-01,3.527737259864807129e-01,3.899368643760681152e-01,4.327926933765411377e-01,4.632687270641326904e-01,4.123003482818603516e-01,4.386076033115386963e-01,3.567155897617340088e-01,3.422459065914154053e-01,2.982171773910522461e-01,2.468397766351699829e-01,2.492877691984176636e-01,2.702517807483673096e-01,2.708357274532318115e-01,1.609428972005844116e-01,6.710849702358245850e-02,5.407111719250679016e-02,1.144634410738945007e-01,1.365119516849517822e-01,1.514239460229873657e-01,1.962059289216995239e-01,2.056584805250167847e-01,3.111733794212341309e-01,3.484865427017211914e-01,4.062692224979400635e-01,3.964889347553253174e-01,3.229271173477172852e-01,3.202632963657379150e-01,3.236906826496124268e-01,2.846938073635101318e-01,1.894603967666625977e-01,1.441941559314727783e-01,2.369388043880462646e-01,1.522277593612670898e-01,1.550274491310119629e-01,2.078873068094253540e-01,2.696953117847442627e-01,2.474078238010406494e-01,3.103182911872863770e-01,2.345120757818222046e-01,1.346132904291152954e-01,8.599529974162578583e-03,6.170073524117469788e-02,2.801424562931060791e-01,8.863710165023803711e-01,1.181879758834838867e+00,1.315703034400939941e+00,1.310921192169189453e+00,1.350942134857177734e+00,1.421292662620544434e+00,1.441561698913574219e+00,1.565190911293029785e+00,1.601484894752502441e+00,1.543673157691955566e+00,1.526151418685913086e+00,1.539582133293151855e+00,1.641189217567443848e+00,1.583466291427612305e+00,1.495968222618103027e+00
1.671373248100280762e-01,1.679014116525650024e-01,1.395537108182907104e-01,1.773543804883956909e-01,1.392193287611007690e-01,1.436481922864913940e-01,1.354670673608779907e-01,1.224948540329933167e-01,1.120948716998100281e-01,1.146505996584892273e-01,1.088702380657196045e-01,9.097594767808914185e-02,6.113221123814582825e-02,2.175310626626014709e-02,7.545921485871076584e-03,5.060553550720214844e-03,0.000000000000000000e+00,0.000000000000000000e+00,0.000000000000000000e+00,0.000000000000000000e+00,0.000000000000000000e+00,0.000000000000000000e+00,0.000000000000000000e+00,0.000000000000000000e+00,0.000000000000000000e+00,0.000000000000000000e+00,0.000000000000000000e+00,0.000000000000000000e+00,0.000000000000000000e+00,0.000000000000000000e+00,0.000000000000000000e+00,0.000000000000000000e+00,0.000000000000000000e+00,0.000000000000000000e+00,0.000000000000000000e+00,0.000000000000000000e+00,0.000000000000000000e+00,0.000000000000000000e+00,0.000000000000000000e+00,0.000000000000000000e+00,0.000000000000000000e+00,0.000000000000000000e+00,0.000000000000000000e+00,0.000000000000000000e+00,0.000000000000000000e+00,0.000000000000000000e+00,2.488942700438201427e-04,0.000000000000000000e+00,0.000000000000000000e+00,0.000000000000000000e+00,0.000000000000000000e+00,0.000000000000000000e+00,0.000000000000000000e+00,0.000000000000000000e+00,0.000000000000000000e+00,0.000000000000000000e+00,0.000000000000000000e+00,0.000000000000000000e+00,0.000000000000000000e+00,0.000000000000000000e+00,0.000000000000000000e+00,0.000000000000000000e+00,0.000000000000000000e+00,0.000000000000000000e+00,0.000000000000000000e+00,0.000000000000000000e+00,0.000000000000000000e+00,0.000000000000000000e+00,0.000000000000000000e+00,0.000000000000000000e+00,0.000000000000000000e+00,0.000000000000000000e+00,0.000000000000000000e+00,0.000000000000000000e+00,0.000000000000000000e+00,0.000000000000000000e+00,0.000000000000000000e+00,0.000000000000000000e+00,0.000000000000000000e+00,1.027916325256228447e-03,0.000000000000000000e+00,0.000000000000000000e+00,0.000000000000000000e+00,0.000000000000000000e+00,0.000000000000000000e+00,0.000000000000000000e+00,0.000000000000000000e+00,0.000000000000000000e+00,0.000000000000000000e+00,1.451935269869863987e-03,1.182754640467464924e-03,0.000000000000000000e+00,3.964079078286886215e-03,1.350566837936639786e-02,2.945924736559391022e-02,4.228240996599197388e-02,2.656435593962669373e-02,3.265041159465909004e-03,1.622935873456299305e-03,0.000000000000000000e+00,0.000000000000000000e+00,0.000000000000000000e+00,0.000000000000000000e+00,0.000000000000000000e+00,0.000000000000000000e+00,0.000000000000000000e+00,0.000000000000000000e+00,0.000000000000000000e+00,0.000000000000000000e+00,0.000000000000000000e+00,0.000000000000000000e+00,0.000000000000000000e+00,0.000000000000000000e+00,0.000000000000000000e+00,0.000000000000000000e+00,0.000000000000000000e+00,0.000000000000000000e+00,0.000000000000000000e+00,1.357884029857814312e-03,0.000000000000000000e+00,1.031618565320968628e-02,6.036919355392456055e-02,2.501860633492469788e-02,4.864902235567569733e-03,0.000000000000000000e+00,0.000000000000000000e+00,0.000000000000000000e+00,0.000000000000000000e+00,0.000000000000000000e+00,0.000000000000000000e+00,0.000000000000000000e+00,0.000000000000000000e+00,0.000000000000000000e+00,7.747609924990683794e-05,0.000000000000000000e+00,0.000000000000000000e+00,0.000000000000000000e+00,0.000000000000000000e+00,4.117472053621895611e-05,0.000000000000000000e+00,0.000000000000000000e+00,0.000000000000000000e+00,5.792027805000543594e-03,1.025124732404947281e-02,1.095679961144924164e-02,1.068210788071155548e-02,8.986992761492729187e-03,5.386386532336473465e-03,8.595046587288379669e-03,1.382144168019294739e-02,3.809515153989195824e-03,0.000000000000000000e+00,1.884272205643355846e-03,7.936358451843261719e-03,7.962728850543498993e-03,1.185423415154218674e-02,4.065566696226596832e-03,2.857985533773899078e-02,5.933335423469543457e-02,1.154886707663536072e-01,1.048960387706756592e-01,9.997477382421493530e-02,5.553108826279640198e-02,6.235100328922271729e-02,9.391108155250549316e-02,6.809001415967941284e-02,5.312982574105262756e-02,0.000000000000000000e+00,1.185995265841484070e-01,2.192420214414596558e-01,2.688586115837097168e-01,2.796806693077087402e-01,2.924101054668426514e-01,3.409380614757537842e-01,3.976195454597473145e-01,3.813856244087219238e-01,3.702476024627685547e-01,3.205375671386718750e-01,3.062808513641357422e-01,2.867611050605773926e-01,1.953607499599456787e-01,3.531882464885711670e-01,4.662887156009674072e-01,4.543088972568511963e-01,2.739028930664062500e-01,3.422490060329437256e-01,3.251666426658630371e-01,3.441667854785919189e-01,4.025592803955078125e-01,4.195851981639862061e-01,3.184188604354858398e-01,2.164796143770217896e-01,1.185583770275115967e-01,1.168290674686431885e-01,1.618385314941406250e-01,3.030969202518463135e-01,2.297893911600112915e-01,2.473491132259368896e-01,2.256618887186050415e-01,2.269282639026641846e-01,1.507764458656311035e-01,1.343823224306106567e-01,2.924611270427703857e-01,3.025790452957153320e-01,2.989883422851562500e-01,3.535266816616058350e-01,2.705223262310028076e-01,2.241098284721374512e-01,2.540981173515319824e-01,2.364248633384704590e-01,1.698494553565979004e-01,2.240192890167236328e-01,2.651873230934143066e-01,2.796001732349395752e-01,2.368836700916290283e-01,1.888634413480758667e-01,3.017703592777252197e-01,3.227348029613494873e-01,9.101718664169311523e-02,1.825531274080276489e-01,2.822886705398559570e-01,6.998705267906188965e-01,1.052800416946411133e+00,1.326471924781799316e+00,1.276760220527648926e+00,1.346417784690856934e+00,1.297225475311279297e+00,1.375186920166015625e+00,1.555052757263183594e+00,1.650588274002075195e+00,1.614568471908569336e+00,1.574147939682006836e+00,1.541100382804870605e+00,1.471973776817321777e+00,1.483776211738586426e+00,1.473761677742004395e+00
1.741936504840850830e-01,1.784800291061401367e-01,1.861985623836517334e-01,1.601001024246215820e-01,1.452716886997222900e-01,1.374429464340209961e-01,1.253978461027145386e-01,1.425459980964660645e-01,1.770787835121154785e-01,1.613591611385345459e-01,1.715415120124816895e-01,1.385575681924819946e-01,9.319792687892913818e-02,6.008568406105041504e-02,1.009090431034564972e-02,7.758160063531249762e-05,0.000000000000000000e+00,0.000000000000000000e+00,0.000000000000000000e+00,0.000000000000000000e+00,0.000000000000000000e+00,0.000000000000000000e+00,0.000000000000000000e+00,0.000000000000000000e+00,0.000000000000000000e+00,0.000000000000000000e+00,0.000000000000000000e+00,0.000000000000000000e+00,0.000000000000000000e+00,0.000000000000000000e+00,0.000000000000000000e+00,0.000000000000000000e+00,0.000000000000000000e+00,0.000000000000000000e+00,0.000000000000000000e+00,0.000000000000000000e+00,0.000000000000000000e+00,0.000000000000000000e+00,0.000000000000000000e+00,0.000000000000000000e+00,0.000000000000000000e+00,0.000000000000000000e+00,0.000000000000000000e+00,0.000000000000000000e+00,0.000000000000000000e+00,0.000000000000000000e+00,0.000000000000000000e+00,0.000000000000000000e+00,0.000000000000000000e+00,0.000000000000000000e+00,0.000000000000000000e+00,0.000000000000000000e+00,0.000000000000000000e+00,0.000000000000000000e+00,0.000000000000000000e+00,0.000000000000000000e+00,0.000000000000000000e+00,0.000000000000000000e+00,0.000000000000000000e+00,0.000000000000000000e+00,0.000000000000000000e+00,0.000000000000000000e+00,0.000000000000000000e+00,0.000000000000000000e+00,0.000000000000000000e+00,0.000000000000000000e+00,0.000000000000000000e+00,0.000000000000000000e+00,0.000000000000000000e+00,0.000000000000000000e+00,0.000000000000000000e+00,0.000000000000000000e+00,0.000000000000000000e+00,0.000000000000000000e+00,0.000000000000000000e+00,0.000000000000000000e+00,0.000000000000000000e+00,0.000000000000000000e+00,0.000000000000000000e+00,0.000000000000000000e+00,0.000000000000000000e+00,0.000000000000000000e+00,0.000000000000000000e+00,0.000000000000000000e+00,0.000000000000000000e+00,0.000000000000000000e+00,0.000000000000000000e+00,3.718523366842418909e-04,0.000000000000000000e+00,2.990646171383559704e-04,1.081174006685614586e-03,3.456911945249885321e-04,1.600900664925575256e-02,4.500817880034446716e-02,4.137351736426353455e-02,2.674316056072711945e-02,1.467949245125055313e-02,3.144347341731190681e-03,0.000000000000000000e+00,0.000000000000000000e+00,0.000000000000000000e+00,0.000000000000000000e+00,0.000000000000000000e+00,0.000000000000000000e+00,0.000000000000000000e+00,0.000000000000000000e+00,0.000000000000000000e+00,0.000000000000000000e+00,0.000000000000000000e+00,0.000000000000000000e+00,0.000000000000000000e+00,0.000000000000000000e+00,0.000000000000000000e+00,1.701678265817463398e-03,6.368694012053310871e-04,6.198214396135881543e-05,1.377589418552815914e-03,0.000000000000000000e+00,1.911736442707479000e-03,1.624938659369945526e-02,3.006504103541374207e-02,2.637638896703720093e-02,4.475555382668972015e-03,0.000000000000000000e+00,0.000000000000000000e+00,0.000000000000000000e+00,0.000000000000000000e+00,0.000000000000000000e+00,0.000000000000000000e+00,0.000000000000000000e+00,0.000000000000000000e+00,0.000000000000000000e+00,0.000000000000000000e+00,0.000000000000000000e+00,0.000000000000000000e+00,0.000000000000000000e+00,0.000000000000000000e+00,0.000000000000000000e+00,3.109881188720464706e-03,5.589631386101245880e-03,0.000000000000000000e+00,0.000000000000000000e+00,1.049793907441198826e-03,1.152728404849767685e-02,6.839356385171413422e-03,1.650668866932392120e-02,7.823685184121131897e-03,0.000000000000000000e+00,3.434264566749334335e-03,1.144195534288883209e-02,2.435312047600746155e-02,9.826621972024440765e-03,7.296259514987468719e-03,2.662257524207234383e-03,1.813933718949556351e-03,3.667084034532308578e-03,7.169721182435750961e-03,8.801620453596115112e-03,6.245910376310348511e-02,1.173065155744552612e-01,9.044442325830459595e-02,7.431537657976150513e-02,4.895049333572387695e-02,6.305733323097229004e-02,1.022180318832397461e-01,8.174246549606323242e-02,8.208014070987701416e-02,6.879424303770065308e-02,1.641310453414916992e-01,2.237775921821594238e-01,1.683695763349533081e-01,9.367972612380981445e-02,2.652519047260284424e-01,2.932648062705993652e-01,3.989779651165008545e-01,4.148332774639129639e-01,4.308421909809112549e-01,4.802220463752746582e-01,4.314287304878234863e-01,4.112304747104644775e-01,3.699988722801208496e-01,2.325144410133361816e-01,3.554873764514923096e-01,4.281166791915893555e-01,2.783154249191284180e-01,2.801633179187774658e-01,3.739186227321624756e-01,4.668736457824707031e-01,5.607631206512451172e-01,5.809453725814819336e-01,4.391627311706542969e-01,3.623144626617431641e-01,2.680267095565795898e-01,1.919057369232177734e-01,1.835611313581466675e-01,2.603409886360168457e-01,2.644935846328735352e-01,3.133684098720550537e-01,2.822733223438262939e-01,3.291742503643035889e-01,2.463019192218780518e-01,1.822373121976852417e-01,2.410663217306137085e-01,2.597315311431884766e-01,2.598935067653656006e-01,2.718136906623840332e-01,2.577192485332489014e-01,1.776041388511657715e-01,1.591636687517166138e-01,6.795981526374816895e-02,1.696047000586986542e-02,1.331971138715744019e-01,1.787796616554260254e-01,2.191479951143264771e-01,2.517722547054290771e-01,3.837454915046691895e-01,3.883894979953765869e-01,2.689116597175598145e-01,4.488814771175384521e-01,3.450122177600860596e-01,4.900031387805938721e-01,7.547932267189025879e-01,9.749096035957336426e-01,1.237851262092590332e+00,1.310590982437133789e+00,1.347037315368652344e+00,1.280308842658996582e+00,1.395547389984130859e+00,1.603430271148681641e+00,1.588244080543518066e+00,1.677621722221374512e+00,1.712563276290893555e+00,1.585010528564453125e+00,1.506887435913085938e+00,1.392778515815734863e+00,1.443399310111999512e+00
1.887743175029754639e-01,1.874365508556365967e-01,2.004222124814987183e-01,2.006853818893432617e-01,1.627686917781829834e-01,1.476965248584747314e-01,1.257595866918563843e-01,1.323121041059494019e-01,1.477444320917129517e-01,1.603248566389083862e-01,1.479081362485885620e-01,1.267741769552230835e-01,7.902490347623825073e-02,4.336772486567497253e-02,1.389601547271013260e-02,1.029279641807079315e-02,2.046717097982764244e-03,0.000000000000000000e+00,0.000000000000000000e+00,0.000000000000000000e+00,0.000000000000000000e+00,0.000000000000000000e+00,0.000000000000000000e+00,0.000000000000000000e+00,0.000000000000000000e+00,0.000000000000000000e+00,0.000000000000000000e+00,0.000000000000000000e+00,0.000000000000000000e+00,0.000000000000000000e+00,0.000000000000000000e+00,0.000000000000000000e+00,0.000000000000000000e+00,0.000000000000000000e+00,0.000000000000000000e+00,0.000000000000000000e+00,0.000000000000000000e+00,0.000000000000000000e+00,0.000000000000000000e+00,0.000000000000000000e+00,0.000000000000000000e+00,0.000000000000000000e+00,0.000000000000000000e+00,0.000000000000000000e+00,0.000000000000000000e+00,0.000000000000000000e+00,0.000000000000000000e+00,0.000000000000000000e+00,0.000000000000000000e+00,0.000000000000000000e+00,0.000000000000000000e+00,0.000000000000000000e+00,0.000000000000000000e+00,0.000000000000000000e+00,0.000000000000000000e+00,0.000000000000000000e+00,0.000000000000000000e+00,0.000000000000000000e+00,0.000000000000000000e+00,0.000000000000000000e+00,0.000000000000000000e+00,0.000000000000000000e+00,0.000000000000000000e+00,0.000000000000000000e+00,0.000000000000000000e+00,0.000000000000000000e+00,0.000000000000000000e+00,0.000000000000000000e+00,0.000000000000000000e+00,0.000000000000000000e+00,0.000000000000000000e+00,0.000000000000000000e+00,0.000000000000000000e+00,0.000000000000000000e+00,0.000000000000000000e+00,0.000000000000000000e+00,0.000000000000000000e+00,0.000000000000000000e+00,0.000000000000000000e+00,0.000000000000000000e+00,0.000000000000000000e+00,0.000000000000000000e+00,0.000000000000000000e+00,0.000000000000000000e+00,0.000000000000000000e+00,0.000000000000000000e+00,0.000000000000000000e+00,2.066408284008502960e-03,1.153483404777944088e-03,0.000000000000000000e+00,0.000000000000000000e+00,1.258593332022428513e-02,5.775852128863334656e-02,6.817643344402313232e-02,4.845844581723213196e-02,6.591363996267318726e-02,4.391088336706161499e-02,3.603179380297660828e-02,0.000000000000000000e+00,0.000000000000000000e+00,0.000000000000000000e+00,0.000000000000000000e+00,0.000000000000000000e+00,0.000000000000000000e+00,0.000000000000000000e+00,0.000000000000000000e+00,0.000000000000000000e+00,0.000000000000000000e+00,0.000000000000000000e+00,0.000000000000000000e+00,0.000000000000000000e+00,1.983528258278965950e-03,2.632090123370289803e-03,7.434994331561028957e-04,0.000000000000000000e+00,1.640266156755387783e-03,1.238834578543901443e-02,1.786105334758758545e-02,2.252310514450073242e-02,8.102206885814666748e-02,6.287740170955657959e-02,2.386931795626878738e-03,0.000000000000000000e+00,0.000000000000000000e+00,0.000000000000000000e+00,0.000000000000000000e+00,0.000000000000000000e+00,0.000000000000000000e+00,0.000000000000000000e+00,0.000000000000000000e+00,0.000000000000000000e+00,0.000000000000000000e+00,0.000000000000000000e+00,0.000000000000000000e+00,0.000000000000000000e+00,0.000000000000000000e+00,0.000000000000000000e+00,0.000000000000000000e+00,5.554938688874244690e-03,2.806528098881244659e-02,3.486071154475212097e-02,0.000000000000000000e+00,2.913754433393478394e-03,1.878420589491724968e-03,1.713603967800736427e-03,2.067414857447147369e-02,1.300605759024620056e-02,4.390716087073087692e-03,8.719294331967830658e-03,2.338243648409843445e-02,3.421771526336669922e-02,2.346266061067581177e-02,1.621404662728309631e-02,2.760874480009078979e-02,9.077074006199836731e-03,5.980757065117359161e-03,6.748439744114875793e-03,4.587168991565704346e-02,1.029041707515716553e-01,1.406580507755279541e-01,1.638763397932052612e-01,1.787999272346496582e-01,1.609992533922195435e-01,1.166801303625106812e-01,9.759171307086944580e-02,1.768200546503067017e-01,2.146451026201248169e-01,3.695915266871452332e-02,1.313650459051132202e-01,2.160492241382598877e-01,1.743556857109069824e-01,1.704504638910293579e-01,2.816444635391235352e-01,3.531504571437835693e-01,3.385588228702545166e-01,3.802610337734222412e-01,4.312982559204101562e-01,4.479661285877227783e-01,4.366116523742675781e-01,3.795534670352935791e-01,2.745705246925354004e-01,2.217252105474472046e-01,2.155707925558090210e-01,3.540838062763214111e-01,4.474410712718963623e-01,3.541750609874725342e-01,2.978260219097137451e-01,4.840955734252929688e-01,5.577236413955688477e-01,5.559135079383850098e-01,4.048789739608764648e-01,4.440672397613525391e-01,2.584787905216217041e-01,2.000136673450469971e-01,1.621852964162826538e-01,2.322293668985366821e-01,3.570879101753234863e-01,4.859651029109954834e-01,3.997271060943603516e-01,3.038361668586730957e-01,2.324295938014984131e-01,2.059758752584457397e-01,2.978237569332122803e-01,2.573785483837127686e-01,2.449225187301635742e-01,2.821380496025085449e-01,2.470005601644515991e-01,1.868017017841339111e-01,1.174206957221031189e-01,2.116309404373168945e-01,1.521594226360321045e-01,9.084415435791015625e-02,1.370112746953964233e-01,2.681361734867095947e-01,3.965589106082916260e-01,5.165943503379821777e-01,6.591889262199401855e-01,5.600860118865966797e-01,5.785440802574157715e-01,4.891715049743652344e-01,5.934078097343444824e-01,6.771646142005920410e-01,8.511653542518615723e-01,1.120059490203857422e+00,1.179328322410583496e+00,1.117599129676818848e+00,1.215633273124694824e+00,1.379684329032897949e+00,1.460440874099731445e+00,1.472632169723510742e+00,1.577333092689514160e+00,1.586997509002685547e+00,1.458650827407836914e+00,1.408277153968811035e+00,1.336263775825500488e+00,1.385105729103088379e+00
1.885094791650772095e-01,2.027284651994705200e-01,1.788049340248107910e-01,1.866250187158584595e-01,1.684015095233917236e-01,1.631700694561004639e-01,1.255994588136672974e-01,1.347352415323257446e-01,1.334921270608901978e-01,1.451364606618881226e-01,1.488177627325057983e-01,1.240682303905487061e-01,7.907819747924804688e-02,3.214683011174201965e-02,1.655281148850917816e-02,1.586270146071910858e-02,1.849715970456600189e-02,4.236047621816396713e-03,0.000000000000000000e+00,0.000000000000000000e+00,0.000000000000000000e+00,0.000000000000000000e+00,0.000000000000000000e+00,0.000000000000000000e+00,0.000000000000000000e+00,0.000000000000000000e+00,0.000000000000000000e+00,0.000000000000000000e+00,0.000000000000000000e+00,0.000000000000000000e+00,0.000000000000000000e+00,0.000000000000000000e+00,0.000000000000000000e+00,0.000000000000000000e+00,0.000000000000000000e+00,0.000000000000000000e+00,0.000000000000000000e+00,0.000000000000000000e+00,0.000000000000000000e+00,0.000000000000000000e+00,0.000000000000000000e+00,0.000000000000000000e+00,0.000000000000000000e+00,0.000000000000000000e+00,0.000000000000000000e+00,0.000000000000000000e+00,0.000000000000000000e+00,0.000000000000000000e+00,0.000000000000000000e+00,0.000000000000000000e+00,0.000000000000000000e+00,0.000000000000000000e+00,0.000000000000000000e+00,0.000000000000000000e+00,0.000000000000000000e+00,0.000000000000000000e+00,0.000000000000000000e+00,0.000000000000000000e+00,0.000000000000000000e+00,0.000000000000000000e+00,0.000000000000000000e+00,0.000000000000000000e+00,0.000000000000000000e+00,0.000000000000000000e+00,0.000000000000000000e+00,0.000000000000000000e+00,0.000000000000000000e+00,0.000000000000000000e+00,0.000000000000000000e+00,0.000000000000000000e+00,0.000000000000000000e+00,0.000000000000000000e+00,0.000000000000000000e+00,0.000000000000000000e+00,0.000000000000000000e+00,0.000000000000000000e+00,0.000000000000000000e+00,0.000000000000000000e+00,0.000000000000000000e+00,0.000000000000000000e+00,0.000000000000000000e+00,0.000000000000000000e+00,0.000000000000000000e+00,0.000000000000000000e+00,0.000000000000000000e+00,0.000000000000000000e+00,0.000000000000000000e+00,0.000000000000000000e+00,0.000000000000000000e+00,0.000000000000000000e+00,0.000000000000000000e+00,0.000000000000000000e+00,8.306695148348808289e-03,2.953090146183967590e-02,1.603176817297935486e-02,1.995630748569965363e-02,3.163235634565353394e-02,0.000000000000000000e+00,0.000000000000000000e+00,0.000000000000000000e+00,0.000000000000000000e+00,0.000000000000000000e+00,0.000000000000000000e+00,0.000000000000000000e+00,0.000000000000000000e+00,0.000000000000000000e+00,0.000000000000000000e+00,0.000000000000000000e+00,0.000000000000000000e+00,0.000000000000000000e+00,3.073740517720580101e-03,0.000000000000000000e+00,0.000000000000000000e+00,0.000000000000000000e+00,1.656936481595039368e-03,7.084771525114774704e-03,1.960755698382854462e-02,1.888411864638328552e-02,3.055206499993801117e-02,4.632599279284477234e-02,5.038035102188587189e-03,0.000000000000000000e+00,0.000000000000000000e+00,0.000000000000000000e+00,0.000000000000000000e+00,0.000000000000000000e+00,0.000000000000000000e+00,0.000000000000000000e+00,0.000000000000000000e+00,0.000000000000000000e+00,0.000000000000000000e+00,0.000000000000000000e+00,0.000000000000000000e+00,0.000000000000000000e+00,0.000000000000000000e+00,0.000000000000000000e+00,0.000000000000000000e+00,0.000000000000000000e+00,0.000000000000000000e+00,5.149556323885917664e-03,3.219552570953965187e-03,0.000000000000000000e+00,0.000000000000000000e+00,0.000000000000000000e+00,3.313269931823015213e-03,1.584708318114280701e-02,1.863959245383739471e-02,2.130034565925598145e-02,3.018985129892826080e-02,2.670347318053245544e-02,3.527719527482986450e-02,1.646638289093971252e-02,2.048538438975811005e-02,2.371442131698131561e-02,2.951298654079437256e-02,2.340680174529552460e-02,4.184832796454429626e-02,7.105565071105957031e-02,1.086694747209548950e-01,1.045972108840942383e-01,1.426373571157455444e-01,2.096356302499771118e-01,2.904968857765197754e-01,1.601381301879882812e-01,1.204037070274353027e-01,1.436838805675506592e-01,1.206405758857727051e-01,5.099002271890640259e-03,4.347877204418182373e-02,1.793907433748245239e-01,2.827946841716766357e-01,5.419707298278808594e-01,5.597916245460510254e-01,4.803957045078277588e-01,3.982054889202117920e-01,4.060097634792327881e-01,4.726765155792236328e-01,5.744991898536682129e-01,4.732494056224822998e-01,3.182427585124969482e-01,2.311182320117950439e-01,1.699859350919723511e-01,2.986673414707183838e-01,2.723596394062042236e-01,3.089310526847839355e-01,3.924779891967773438e-01,4.697988331317901611e-01,5.009846091270446777e-01,4.283855259418487549e-01,4.784634709358215332e-01,4.548698067665100098e-01,3.105140328407287598e-01,2.197126746177673340e-01,1.240318417549133301e-01,9.250865131616592407e-02,8.776251971721649170e-02,2.516797184944152832e-01,5.375163555145263672e-01,5.914384126663208008e-01,3.412603139877319336e-01,2.812462747097015381e-01,3.255573809146881104e-01,4.055327773094177246e-01,4.100323319435119629e-01,3.302355110645294189e-01,3.009748458862304688e-01,2.354542762041091919e-01,1.870156973600387573e-01,2.328118830919265747e-01,1.931592226028442383e-01,9.981136023998260498e-02,1.485903710126876831e-01,1.596749573945999146e-01,1.947975307703018188e-01,2.558141946792602539e-01,4.743058681488037109e-01,6.322950124740600586e-01,8.121590614318847656e-01,7.493729591369628906e-01,6.223630309104919434e-01,6.895179152488708496e-01,7.828966975212097168e-01,8.243644237518310547e-01,1.159703135490417480e+00,1.101388454437255859e+00,1.060026884078979492e+00,1.273069739341735840e+00,1.398936152458190918e+00,1.403518795967102051e+00,1.447497010231018066e+00,1.479589223861694336e+00,1.487005114555358887e+00,1.415323019027709961e+00,1.375410556793212891e+00,1.400431036949157715e+00,1.380260705947875977e+00
1.762325614690780640e-01,1.897759884595870972e-01,1.821084022521972656e-01,1.725197732448577881e-01,1.409155279397964478e-01,1.573938876390457153e-01,1.425212919712066650e-01,1.323917955160140991e-01,1.425885409116744995e-01,1.382977217435836792e-01,1.446256339550018311e-01,9.557509422302246094e-02,6.178952753543853760e-02,3.082934394478797913e-02,2.154408395290374756e-02,2.167821116745471954e-02,9.570132009685039520e-03,1.330553181469440460e-02,4.912069533020257950e-03,1.909813284873962402e-02,1.690348237752914429e-02,1.796505646780133247e-03,0.000000000000000000e+00,0.000000000000000000e+00,0.000000000000000000e+00,0.000000000000000000e+00,0.000000000000000000e+00,0.000000000000000000e+00,0.000000000000000000e+00,0.000000000000000000e+00,0.000000000000000000e+00,0.000000000000000000e+00,0.000000000000000000e+00,0.000000000000000000e+00,0.000000000000000000e+00,0.000000000000000000e+00,0.000000000000000000e+00,0.000000000000000000e+00,0.000000000000000000e+00,0.000000000000000000e+00,0.000000000000000000e+00,0.000000000000000000e+00,0.000000000000000000e+00,0.000000000000000000e+00,0.000000000000000000e+00,0.000000000000000000e+00,0.000000000000000000e+00,0.000000000000000000e+00,0.000000000000000000e+00,0.000000000000000000e+00,0.000000000000000000e+00,0.000000000000000000e+00,0.000000000000000000e+00,0.000000000000000000e+00,0.000000000000000000e+00,0.000000000000000000e+00,0.000000000000000000e+00,0.000000000000000000e+00,0.000000000000000000e+00,0.000000000000000000e+00,0.000000000000000000e+00,0.000000000000000000e+00,0.000000000000000000e+00,0.000000000000000000e+00,0.000000000000000000e+00,0.000000000000000000e+00,0.000000000000000000e+00,0.000000000000000000e+00,0.000000000000000000e+00,0.000000000000000000e+00,0.000000000000000000e+00,0.000000000000000000e+00,0.000000000000000000e+00,0.000000000000000000e+00,0.000000000000000000e+00,0.000000000000000000e+00,0.000000000000000000e+00,0.000000000000000000e+00,0.000000000000000000e+00,0.000000000000000000e+00,0.000000000000000000e+00,0.000000000000000000e+00,0.000000000000000000e+00,0.000000000000000000e+00,0.000000000000000000e+00,0.000000000000000000e+00,0.000000000000000000e+00,0.000000000000000000e+00,0.000000000000000000e+00,0.000000000000000000e+00,0.000000000000000000e+00,0.000000000000000000e+00,0.000000000000000000e+00,0.000000000000000000e+00,0.000000000000000000e+00,0.000000000000000000e+00,0.000000000000000000e+00,0.000000000000000000e+00,0.000000000000000000e+00,0.000000000000000000e+00,0.000000000000000000e+00,0.000000000000000000e+00,0.000000000000000000e+00,0.000000000000000000e+00,0.000000000000000000e+00,0.000000000000000000e+00,0.000000000000000000e+00,0.000000000000000000e+00,0.000000000000000000e+00,0.000000000000000000e+00,0.000000000000000000e+00,0.000000000000000000e+00,0.000000000000000000e+00,0.000000000000000000e+00,0.000000000000000000e+00,3.449995070695877075e-03,2.248685620725154877e-02,2.396311052143573761e-02,2.041242830455303192e-02,2.084793057292699814e-03,0.000000000000000000e+00,0.000000000000000000e+00,0.000000000000000000e+00,0.000000000000000000e+00,0.000000000000000000e+00,0.000000000000000000e+00,0.000000000000000000e+00,1.102456357330083847e-03,4.529118537902832031e-03,5.293560680001974106e-03,0.000000000000000000e+00,0.000000000000000000e+00,0.000000000000000000e+00,0.000000000000000000e+00,0.000000000000000000e+00,0.000000000000000000e+00,0.000000000000000000e+00,0.000000000000000000e+00,0.000000000000000000e+00,0.000000000000000000e+00,0.000000000000000000e+00,0.000000000000000000e+00,0.000000000000000000e+00,0.000000000000000000e+00,0.000000000000000000e+00,0.000000000000000000e+00,0.000000000000000000e+00,1.532727619633078575e-03,8.270917460322380066e-03,1.721905544400215149e-02,2.775071002542972565e-02,2.035084925591945648e-02,3.956799209117889404e-02,4.780767485499382019e-02,5.424849689006805420e-02,3.387598320841789246e-02,4.060921072959899902e-02,6.555444002151489258e-02,8.109974116086959839e-02,7.804069668054580688e-02,1.013423353433609009e-01,2.131074965000152588e-01,2.733569443225860596e-01,1.851865500211715698e-01,1.500635445117950439e-01,1.654429733753204346e-01,1.295195221900939941e-01,1.217944473028182983e-01,1.192131415009498596e-01,2.070054113864898682e-01,2.765482664108276367e-01,3.319513797760009766e-01,3.441029489040374756e-01,9.245638549327850342e-02,2.273814976215362549e-01,4.309954345226287842e-01,7.160329222679138184e-01,7.470462918281555176e-01,6.078419685363769531e-01,3.947091698646545410e-01,1.567601263523101807e-01,5.548250302672386169e-02,3.397214114665985107e-01,3.625474572181701660e-01,3.915110826492309570e-01,5.170637369155883789e-01,5.203924179077148438e-01,7.070098519325256348e-01,5.076552629470825195e-01,5.391851067543029785e-01,4.262266457080841064e-01,2.544478476047515869e-01,1.240018755197525024e-01,5.778031796216964722e-02,4.576543346047401428e-02,3.774681314826011658e-02,1.025287359952926636e-01,3.020630180835723877e-01,4.323147535324096680e-01,4.409971237182617188e-01,5.240800380706787109e-01,4.859319031238555908e-01,4.339250326156616211e-01,3.322218060493469238e-01,2.607210576534271240e-01,1.310667097568511963e-01,5.320630222558975220e-02,1.609751433134078979e-01,1.720841377973556519e-01,5.064826831221580505e-02,0.000000000000000000e+00,7.409512531012296677e-03,1.326997429132461548e-01,1.971978396177291870e-01,3.674172163009643555e-01,4.771492183208465576e-01,7.734845876693725586e-01,6.983694434165954590e-01,6.265046596527099609e-01,6.206883788108825684e-01,7.217718958854675293e-01,9.353505373001098633e-01,1.005685687065124512e+00,1.110423088073730469e+00,1.179538249969482422e+00,1.100211143493652344e+00,1.220868468284606934e+00,1.287873625755310059e+00,1.376419425010681152e+00,1.402288675308227539e+00,1.408301711082458496e+00,1.456051349639892578e+00,1.435141324996948242e+00,1.371248126029968262e+00,1.348711252212524414e+00,1.308350920677185059e+00
1.532143801450729370e-01,1.546013653278350830e-01,1.726262271404266357e-01,1.777723133563995361e-01,1.705296188592910767e-01,1.640847176313400269e-01,1.685169935226440430e-01,1.515223979949951172e-01,1.588476747274398804e-01,2.026452422142028809e-01,1.771467775106430054e-01,1.575904041528701782e-01,9.340028464794158936e-02,5.903247371315956116e-02,5.311595648527145386e-02,2.775153517723083496e-02,2.539680153131484985e-02,1.953777484595775604e-02,2.137701585888862610e-02,9.865585714578628540e-03,8.037446998059749603e-03,8.193356916308403015e-05,0.000000000000000000e+00,0.000000000000000000e+00,0.000000000000000000e+00,0.000000000000000000e+00,0.000000000000000000e+00,0.000000000000000000e+00,0.000000000000000000e+00,0.000000000000000000e+00,0.000000000000000000e+00,0.000000000000000000e+00,0.000000000000000000e+00,0.000000000000000000e+00,0.000000000000000000e+00,0.000000000000000000e+00,0.000000000000000000e+00,0.000000000000000000e+00,0.000000000000000000e+00,0.000000000000000000e+00,0.000000000000000000e+00,0.000000000000000000e+00,0.000000000000000000e+00,0.000000000000000000e+00,0.000000000000000000e+00,0.000000000000000000e+00,0.000000000000000000e+00,0.000000000000000000e+00,0.000000000000000000e+00,0.000000000000000000e+00,0.000000000000000000e+00,0.000000000000000000e+00,0.000000000000000000e+00,0.000000000000000000e+00,0.000000000000000000e+00,0.000000000000000000e+00,0.000000000000000000e+00,0.000000000000000000e+00,0.000000000000000000e+00,0.000000000000000000e+00,0.000000000000000000e+00,0.000000000000000000e+00,0.000000000000000000e+00,0.000000000000000000e+00,0.000000000000000000e+00,0.000000000000000000e+00,0.000000000000000000e+00,0.000000000000000000e+00,0.000000000000000000e+00,0.000000000000000000e+00,0.000000000000000000e+00,0.000000000000000000e+00,0.000000000000000000e+00,0.000000000000000000e+00,0.000000000000000000e+00,0.000000000000000000e+00,0.000000000000000000e+00,0.000000000000000000e+00,0.000000000000000000e+00,0.000000000000000000e+00,0.000000000000000000e+00,0.000000000000000000e+00,0.000000000000000000e+00,0.000000000000000000e+00,0.000000000000000000e+00,0.000000000000000000e+00,0.000000000000000000e+00,0.000000000000000000e+00,0.000000000000000000e+00,0.000000000000000000e+00,0.000000000000000000e+00,0.000000000000000000e+00,0.000000000000000000e+00,0.000000000000000000e+00,0.000000000000000000e+00,0.000000000000000000e+00,0.000000000000000000e+00,0.000000000000000000e+00,0.000000000000000000e+00,0.000000000000000000e+00,0.000000000000000000e+00,0.000000000000000000e+00,0.000000000000000000e+00,0.000000000000000000e+00,0.000000000000000000e+00,0.000000000000000000e+00,0.000000000000000000e+00,0.000000000000000000e+00,0.000000000000000000e+00,0.000000000000000000e+00,0.000000000000000000e+00,0.000000000000000000e+00,0.000000000000000000e+00,0.000000000000000000e+00,0.000000000000000000e+00,0.000000000000000000e+00,1.623516529798507690e-02,2.775806002318859100e-02,3.037440590560436249e-03,0.000000000000000000e+00,0.000000000000000000e+00,0.000000000000000000e+00,0.000000000000000000e+00,1.005462836474180222e-02,0.000000000000000000e+00,0.000000000000000000e+00,1.627653022296726704e-03,3.639956936240196228e-03,1.208890415728092194e-02,9.718001820147037506e-03,9.863360901363193989e-05,0.000000000000000000e+00,0.000000000000000000e+00,0.000000000000000000e+00,0.000000000000000000e+00,0.000000000000000000e+00,0.000000000000000000e+00,0.000000000000000000e+00,0.000000000000000000e+00,0.000000000000000000e+00,2.069905586540699005e-02,0.000000000000000000e+00,0.000000000000000000e+00,0.000000000000000000e+00,0.000000000000000000e+00,0.000000000000000000e+00,0.000000000000000000e+00,4.620611201971769333e-03,9.671922773122787476e-03,9.951286017894744873e-03,2.602223865687847137e-02,4.939417168498039246e-02,7.290010899305343628e-02,6.245957314968109131e-02,4.752849414944648743e-02,2.943640388548374176e-02,1.686559640802443027e-03,3.655588999390602112e-02,7.290553301572799683e-02,6.896984577178955078e-02,5.600852519273757935e-02,1.247634440660476685e-01,1.516630649566650391e-01,1.726912260055541992e-01,1.919192075729370117e-01,2.142965793609619141e-01,1.695865541696548462e-01,2.802814841270446777e-01,4.008800685405731201e-01,3.788255155086517334e-01,2.880717813968658447e-01,2.625173628330230713e-01,3.263668417930603027e-01,3.063128888607025146e-01,4.005692601203918457e-01,6.017671823501586914e-01,7.702041268348693848e-01,7.912577390670776367e-01,7.183129787445068359e-01,5.819063186645507812e-01,4.530427753925323486e-01,5.045300126075744629e-01,5.657033920288085938e-01,5.417153239250183105e-01,4.736508429050445557e-01,5.160654783248901367e-01,6.327435970306396484e-01,6.586542129516601562e-01,6.599365472793579102e-01,5.993462800979614258e-01,4.661945104598999023e-01,2.506706714630126953e-01,3.253820240497589111e-01,3.096339106559753418e-01,2.037248760461807251e-01,1.384846419095993042e-01,8.367785811424255371e-02,1.741012632846832275e-01,4.451267421245574951e-01,4.371016919612884521e-01,3.616904020309448242e-01,3.160304427146911621e-01,3.270824551582336426e-01,2.737048864364624023e-01,2.077734470367431641e-01,1.855702102184295654e-01,1.686866879463195801e-01,1.678439080715179443e-01,1.381317228078842163e-01,9.539603255689144135e-03,2.454676106572151184e-02,9.164803475141525269e-02,2.470790892839431763e-01,2.792440056800842285e-01,2.935445606708526611e-01,4.499402940273284912e-01,6.853191256523132324e-01,6.861432790756225586e-01,5.645752549171447754e-01,6.838431358337402344e-01,7.464047074317932129e-01,8.191562891006469727e-01,1.053125262260437012e+00,1.019612073898315430e+00,1.118009090423583984e+00,1.085880160331726074e+00,1.227499961853027344e+00,1.257538795471191406e+00,1.353502988815307617e+00,1.333046197891235352e+00,1.297317266464233398e+00,1.334781765937805176e+00,1.305935382843017578e+00,1.351890444755554199e+00,1.341821432113647461e+00,1.337433815002441406e+00
1.566363126039505005e-01,1.656000912189483643e-01,1.724226325750350952e-01,1.723141372203826904e-01,1.700511276721954346e-01,1.712656766176223755e-01,1.655150651931762695e-01,1.414568424224853516e-01,1.348412185907363892e-01,1.524326652288436890e-01,1.703177094459533691e-01,1.494071036577224731e-01,1.310986727476119995e-01,9.974414855241775513e-02,5.534373223781585693e-02,4.776964709162712097e-02,4.696295782923698425e-02,6.479319185018539429e-02,3.446591645479202271e-02,1.729157567024230957e-02,1.106206234544515610e-02,0.000000000000000000e+00,0.000000000000000000e+00,0.000000000000000000e+00,0.000000000000000000e+00,0.000000000000000000e+00,0.000000000000000000e+00,0.000000000000000000e+00,0.000000000000000000e+00,0.000000000000000000e+00,0.000000000000000000e+00,0.000000000000000000e+00,0.000000000000000000e+00,0.000000000000000000e+00,0.000000000000000000e+00,0.000000000000000000e+00,0.000000000000000000e+00,0.000000000000000000e+00,0.000000000000000000e+00,0.000000000000000000e+00,0.000000000000000000e+00,0.000000000000000000e+00,0.000000000000000000e+00,0.000000000000000000e+00,0.000000000000000000e+00,0.000000000000000000e+00,0.000000000000000000e+00,0.000000000000000000e+00,0.000000000000000000e+00,0.000000000000000000e+00,0.000000000000000000e+00,0.000000000000000000e+00,0.000000000000000000e+00,0.000000000000000000e+00,0.000000000000000000e+00,0.000000000000000000e+00,0.000000000000000000e+00,0.000000000000000000e+00,0.000000000000000000e+00,0.000000000000000000e+00,0.000000000000000000e+00,0.000000000000000000e+00,0.000000000000000000e+00,0.000000000000000000e+00,0.000000000000000000e+00,0.000000000000000000e+00,0.000000000000000000e+00,0.000000000000000000e+00,0.000000000000000000e+00,0.000000000000000000e+00,0.000000000000000000e+00,0.000000000000000000e+00,0.000000000000000000e+00,0.000000000000000000e+00,0.000000000000000000e+00,0.000000000000000000e+00,0.000000000000000000e+00,0.000000000000000000e+00,0.000000000000000000e+00,0.000000000000000000e+00,0.000000000000000000e+00,0.000000000000000000e+00,0.000000000000000000e+00,0.000000000000000000e+00,0.000000000000000000e+00,0.000000000000000000e+00,0.000000000000000000e+00,0.000000000000000000e+00,0.000000000000000000e+00,0.000000000000000000e+00,0.000000000000000000e+00,0.000000000000000000e+00,0.000000000000000000e+00,0.000000000000000000e+00,0.000000000000000000e+00,0.000000000000000000e+00,0.000000000000000000e+00,0.000000000000000000e+00,0.000000000000000000e+00,0.000000000000000000e+00,0.000000000000000000e+00,0.000000000000000000e+00,0.000000000000000000e+00,0.000000000000000000e+00,0.000000000000000000e+00,0.000000000000000000e+00,0.000000000000000000e+00,0.000000000000000000e+00,0.000000000000000000e+00,0.000000000000000000e+00,0.000000000000000000e+00,0.000000000000000000e+00,0.000000000000000000e+00,0.000000000000000000e+00,0.000000000000000000e+00,0.000000000000000000e+00,0.000000000000000000e+00,0.000000000000000000e+00,0.000000000000000000e+00,0.000000000000000000e+00,0.000000000000000000e+00,0.000000000000000000e+00,0.000000000000000000e+00,0.000000000000000000e+00,0.000000000000000000e+00,8.712710114195942879e-04,5.564381368458271027e-03,1.327305752784013748e-02,2.027783542871475220e-02,8.219294250011444092e-03,1.849825843237340450e-03,0.000000000000000000e+00,0.000000000000000000e+00,0.000000000000000000e+00,0.000000000000000000e+00,0.000000000000000000e+00,0.000000000000000000e+00,0.000000000000000000e+00,8.956702426075935364e-03,3.517627343535423279e-02,5.931136012077331543e-02,2.467221580445766449e-03,0.000000000000000000e+00,0.000000000000000000e+00,0.000000000000000000e+00,0.000000000000000000e+00,0.000000000000000000e+00,9.559625759720802307e-03,6.307413335889577866e-03,7.365488447248935699e-03,9.541310369968414307e-03,5.014366935938596725e-03,4.300182312726974487e-02,6.223740428686141968e-02,5.400320887565612793e-02,8.765772916376590729e-03,0.000000000000000000e+00,2.774299122393131256e-02,5.127410963177680969e-02,8.633542060852050781e-02,9.738953411579132080e-02,7.893913984298706055e-02,1.005921065807342529e-01,1.588493734598159790e-01,1.774527430534362793e-01,1.657534837722778320e-01,1.304311454296112061e-01,3.795884549617767334e-01,1.001362323760986328e+00,4.892599582672119141e-01,3.648475706577301025e-01,2.651353776454925537e-01,3.596031665802001953e-01,4.342743158340454102e-01,5.426506400108337402e-01,5.544797778129577637e-01,5.497534871101379395e-01,5.083748102188110352e-01,6.393129825592041016e-01,8.585045933723449707e-01,7.077117562294006348e-01,5.820236802101135254e-01,5.397241711616516113e-01,5.892568230628967285e-01,5.705337524414062500e-01,5.662648081779479980e-01,4.771813154220581055e-01,5.319654345512390137e-01,5.244526863098144531e-01,5.109959840774536133e-01,5.241614580154418945e-01,4.206133484840393066e-01,4.431208670139312744e-01,3.842074275016784668e-01,4.547898769378662109e-01,4.419084787368774414e-01,4.163376986980438232e-01,3.819979429244995117e-01,4.676860868930816650e-01,5.168661475181579590e-01,4.505806267261505127e-01,3.650130629539489746e-01,3.269656896591186523e-01,2.915174365043640137e-01,2.908505499362945557e-01,4.247376620769500732e-01,3.342177271842956543e-01,2.705326378345489502e-01,1.838293373584747314e-01,7.489480078220367432e-02,7.688037306070327759e-02,6.602385547012090683e-03,1.757890582084655762e-01,1.413138657808303833e-01,8.290814608335494995e-02,3.453604578971862793e-01,8.945164680480957031e-01,8.830106854438781738e-01,7.670208811759948730e-01,8.440977931022644043e-01,7.912359833717346191e-01,9.396544098854064941e-01,9.413124918937683105e-01,9.854952692985534668e-01,1.097165465354919434e+00,1.054530501365661621e+00,1.157032489776611328e+00,1.263860940933227539e+00,1.298050403594970703e+00,1.308554768562316895e+00,1.290058732032775879e+00,1.315816760063171387e+00,1.260498166084289551e+00,1.268885970115661621e+00,1.303298234939575195e+00,1.434051036834716797e+00
1.721513420343399048e-01,1.637323945760726929e-01,1.618893146514892578e-01,1.670175194740295410e-01,1.715741902589797974e-01,1.752626001834869385e-01,1.516110599040985107e-01,1.491266787052154541e-01,1.380033493041992188e-01,1.528934091329574585e-01,1.620263457298278809e-01,1.469423919916152954e-01,1.254411488771438599e-01,7.439167797565460205e-02,6.679207086563110352e-02,6.480330973863601685e-02,7.802122831344604492e-02,7.275834679603576660e-02,4.414627328515052795e-02,1.387293357402086258e-02,4.858451895415782928e-03,5.112319486215710640e-04,0.000000000000000000e+00,0.000000000000000000e+00,0.000000000000000000e+00,0.000000000000000000e+00,0.000000000000000000e+00,0.000000000000000000e+00,0.000000000000000000e+00,0.000000000000000000e+00,0.000000000000000000e+00,0.000000000000000000e+00,0.000000000000000000e+00,0.000000000000000000e+00,0.000000000000000000e+00,0.000000000000000000e+00,0.000000000000000000e+00,0.000000000000000000e+00,0.000000000000000000e+00,0.000000000000000000e+00,0.000000000000000000e+00,0.000000000000000000e+00,0.000000000000000000e+00,0.000000000000000000e+00,0.000000000000000000e+00,0.000000000000000000e+00,0.000000000000000000e+00,0.000000000000000000e+00,0.000000000000000000e+00,0.000000000000000000e+00,0.000000000000000000e+00,0.000000000000000000e+00,0.000000000000000000e+00,0.000000000000000000e+00,0.000000000000000000e+00,0.000000000000000000e+00,0.000000000000000000e+00,0.000000000000000000e+00,0.000000000000000000e+00,0.000000000000000000e+00,0.000000000000000000e+00,0.000000000000000000e+00,0.000000000000000000e+00,0.000000000000000000e+00,0.000000000000000000e+00,0.000000000000000000e+00,0.000000000000000000e+00,0.000000000000000000e+00,0.000000000000000000e+00,0.000000000000000000e+00,0.000000000000000000e+00,0.000000000000000000e+00,0.000000000000000000e+00,0.000000000000000000e+00,0.000000000000000000e+00,0.000000000000000000e+00,0.000000000000000000e+00,0.000000000000000000e+00,0.000000000000000000e+00,0.000000000000000000e+00,0.000000000000000000e+00,0.000000000000000000e+00,0.000000000000000000e+00,0.000000000000000000e+00,0.000000000000000000e+00,0.000000000000000000e+00,0.000000000000000000e+00,0.000000000000000000e+00,0.000000000000000000e+00,0.000000000000000000e+00,0.000000000000000000e+00,0.000000000000000000e+00,0.000000000000000000e+00,0.000000000000000000e+00,0.000000000000000000e+00,0.000000000000000000e+00,0.000000000000000000e+00,0.000000000000000000e+00,0.000000000000000000e+00,0.000000000000000000e+00,0.000000000000000000e+00,0.000000000000000000e+00,0.000000000000000000e+00,0.000000000000000000e+00,0.000000000000000000e+00,0.000000000000000000e+00,0.000000000000000000e+00,0.000000000000000000e+00,0.000000000000000000e+00,0.000000000000000000e+00,0.000000000000000000e+00,0.000000000000000000e+00,0.000000000000000000e+00,0.000000000000000000e+00,0.000000000000000000e+00,0.000000000000000000e+00,0.000000000000000000e+00,0.000000000000000000e+00,0.000000000000000000e+00,0.000000000000000000e+00,0.000000000000000000e+00,0.000000000000000000e+00,0.000000000000000000e+00,0.000000000000000000e+00,0.000000000000000000e+00,9.401715942658483982e-04,5.125237163156270981e-03,1.562200393527746201e-02,1.707494072616100311e-02,9.924486279487609863e-03,5.671350285410881042e-03,6.101259496062994003e-03,1.287599588977172971e-04,0.000000000000000000e+00,0.000000000000000000e+00,0.000000000000000000e+00,0.000000000000000000e+00,0.000000000000000000e+00,8.289460092782974243e-03,7.139543537050485611e-03,1.449223142117261887e-02,2.122659934684634209e-03,0.000000000000000000e+00,0.000000000000000000e+00,0.000000000000000000e+00,0.000000000000000000e+00,5.768650677055120468e-03,1.721153780817985535e-02,1.255960110574960709e-02,1.849495689384639263e-03,7.374441251158714294e-03,3.067744895815849304e-02,3.219129145145416260e-02,4.404824599623680115e-02,7.738781720399856567e-02,3.923197090625762939e-02,1.997529342770576477e-02,4.298705980181694031e-02,3.459178283810615540e-02,5.555232986807823181e-02,7.145520299673080444e-02,7.812056690454483032e-02,8.999200910329818726e-02,1.396007686853408813e-01,1.805534213781356812e-01,1.898392140865325928e-01,2.413651049137115479e-01,3.061894774436950684e-01,3.948623239994049072e-01,3.468108177185058594e-01,3.734579980373382568e-01,3.605216443538665771e-01,3.874942362308502197e-01,4.156837761402130127e-01,4.623745977878570557e-01,4.841119050979614258e-01,5.085191726684570312e-01,4.710129201412200928e-01,4.825630784034729004e-01,6.933743953704833984e-01,7.249742150306701660e-01,5.037980079650878906e-01,2.477590292692184448e-01,2.439653277397155762e-01,3.458265066146850586e-01,4.394756257534027100e-01,4.651858210563659668e-01,3.874470591545104980e-01,1.634586751461029053e-01,4.237540364265441895e-01,5.500051975250244141e-01,5.334371924400329590e-01,5.780283808708190918e-01,4.943649172782897949e-01,4.662021994590759277e-01,4.568269252777099609e-01,5.771945118904113770e-01,5.342879295349121094e-01,5.822468996047973633e-01,6.527895927429199219e-01,6.863216161727905273e-01,4.906628429889678955e-01,2.716948688030242920e-01,3.502120971679687500e-01,3.788231611251831055e-01,4.132041633129119873e-01,4.000691771507263184e-01,4.770372807979583740e-01,2.431819885969161987e-01,1.689794808626174927e-01,5.953706055879592896e-02,0.000000000000000000e+00,5.814192816615104675e-02,5.150548368692398071e-02,3.346310555934906006e-02,3.149887323379516602e-01,6.893211007118225098e-01,6.777074337005615234e-01,5.432382225990295410e-01,7.151234149932861328e-01,6.710192561149597168e-01,1.148744106292724609e+00,1.376701116561889648e+00,1.379909634590148926e+00,1.513550758361816406e+00,1.471234440803527832e+00,1.576413035392761230e+00,1.739073157310485840e+00,1.882263183593750000e+00,1.883517026901245117e+00,1.677773833274841309e+00,1.150186538696289062e+00,1.305665850639343262e+00,1.400862455368041992e+00,1.444928526878356934e+00,1.471270322799682617e+00
1.520051360130310059e-01,1.591111272573471069e-01,1.739284545183181763e-01,1.933180242776870728e-01,1.752001792192459106e-01,1.479373574256896973e-01,1.307957172393798828e-01,1.443333923816680908e-01,1.571581512689590454e-01,1.477621644735336304e-01,1.321870833635330200e-01,1.223904192447662354e-01,1.149963364005088806e-01,9.517383575439453125e-02,8.969720453023910522e-02,1.232638135552406311e-01,9.761990606784820557e-02,6.990451365709304810e-02,4.579388722777366638e-02,1.008379086852073669e-02,7.848775945603847504e-03,4.850478726439177990e-04,0.000000000000000000e+00,0.000000000000000000e+00,0.000000000000000000e+00,0.000000000000000000e+00,0.000000000000000000e+00,0.000000000000000000e+00,0.000000000000000000e+00,0.000000000000000000e+00,0.000000000000000000e+00,0.000000000000000000e+00,0.000000000000000000e+00,0.000000000000000000e+00,0.000000000000000000e+00,0.000000000000000000e+00,0.000000000000000000e+00,0.000000000000000000e+00,0.000000000000000000e+00,0.000000000000000000e+00,0.000000000000000000e+00,0.000000000000000000e+00,0.000000000000000000e+00,0.000000000000000000e+00,0.000000000000000000e+00,0.000000000000000000e+00,0.000000000000000000e+00,0.000000000000000000e+00,0.000000000000000000e+00,0.000000000000000000e+00,0.000000000000000000e+00,0.000000000000000000e+00,0.000000000000000000e+00,0.000000000000000000e+00,0.000000000000000000e+00,0.000000000000000000e+00,0.000000000000000000e+00,0.000000000000000000e+00,0.000000000000000000e+00,0.000000000000000000e+00,0.000000000000000000e+00,0.000000000000000000e+00,0.000000000000000000e+00,0.000000000000000000e+00,0.000000000000000000e+00,0.000000000000000000e+00,0.000000000000000000e+00,0.000000000000000000e+00,0.000000000000000000e+00,0.000000000000000000e+00,0.000000000000000000e+00,0.000000000000000000e+00,0.000000000000000000e+00,0.000000000000000000e+00,0.000000000000000000e+00,0.000000000000000000e+00,0.000000000000000000e+00,0.000000000000000000e+00,0.000000000000000000e+00,0.000000000000000000e+00,0.000000000000000000e+00,0.000000000000000000e+00,0.000000000000000000e+00,0.000000000000000000e+00,0.000000000000000000e+00,0.000000000000000000e+00,0.000000000000000000e+00,0.000000000000000000e+00,0.000000000000000000e+00,0.000000000000000000e+00,0.000000000000000000e+00,0.000000000000000000e+00,0.000000000000000000e+00,0.000000000000000000e+00,0.000000000000000000e+00,0.000000000000000000e+00,0.000000000000000000e+00,0.000000000000000000e+00,0.000000000000000000e+00,0.000000000000000000e+00,0.000000000000000000e+00,0.000000000000000000e+00,0.000000000000000000e+00,0.000000000000000000e+00,0.000000000000000000e+00,0.000000000000000000e+00,0.000000000000000000e+00,0.000000000000000000e+00,0.000000000000000000e+00,0.000000000000000000e+00,0.000000000000000000e+00,0.000000000000000000e+00,0.000000000000000000e+00,0.000000000000000000e+00,0.000000000000000000e+00,0.000000000000000000e+00,0.000000000000000000e+00,0.000000000000000000e+00,0.000000000000000000e+00,0.000000000000000000e+00,0.000000000000000000e+00,0.000000000000000000e+00,0.000000000000000000e+00,1.374950399622321129e-03,0.000000000000000000e+00,0.000000000000000000e+00,4.268792457878589630e-03,1.027400488965213299e-03,9.231129661202430725e-03,5.095911026000976562e-02,6.922200322151184082e-02,5.871032550930976868e-02,1.898895762860774994e-02,6.405329797416925430e-03,0.000000000000000000e+00,0.000000000000000000e+00,0.000000000000000000e+00,0.000000000000000000e+00,3.180391620844602585e-03,1.843586680479347706e-03,3.478304482996463776e-03,0.000000000000000000e+00,0.000000000000000000e+00,0.000000000000000000e+00,0.000000000000000000e+00,5.252580624073743820e-03,2.553388290107250214e-02,4.604027047753334045e-02,9.121531993150711060e-02,5.402299016714096069e-02,7.624628394842147827e-02,7.493541389703750610e-02,1.035864949226379395e-01,9.418035298585891724e-02,8.360357582569122314e-02,5.962809920310974121e-02,1.139023974537849426e-01,2.282560765743255615e-01,1.535817421972751617e-02,4.076292738318443298e-02,5.771436169743537903e-02,2.003590203821659088e-02,1.251713279634714127e-02,9.238313138484954834e-02,1.456458419561386108e-01,1.868243813514709473e-01,2.354822605848312378e-01,2.607689201831817627e-01,2.855251729488372803e-01,1.147972047328948975e-01,3.151958882808685303e-01,4.109180867671966553e-01,4.407123327255249023e-01,4.218315184116363525e-01,4.304694235324859619e-01,3.777976036071777344e-01,3.988350927829742432e-01,4.331400096416473389e-01,4.677127599716186523e-01,5.114167928695678711e-01,5.590661764144897461e-01,5.544627308845520020e-01,4.525332748889923096e-01,3.493380546569824219e-01,2.807802259922027588e-01,3.537097573280334473e-01,3.892518877983093262e-01,3.710497915744781494e-01,3.140180408954620361e-01,2.810541987419128418e-01,4.733270406723022461e-01,5.650231838226318359e-01,6.115935444831848145e-01,5.286831259727478027e-01,5.585824847221374512e-01,4.342738091945648193e-01,4.597357213497161865e-01,4.550849199295043945e-01,5.248326659202575684e-01,5.779297351837158203e-01,6.705622673034667969e-01,6.526139974594116211e-01,5.343993306159973145e-01,4.605070948600769043e-01,2.867989838123321533e-01,3.316692113876342773e-01,4.386176466941833496e-01,3.986985087394714355e-01,4.178780317306518555e-01,2.759329676628112793e-01,8.735839277505874634e-02,0.000000000000000000e+00,0.000000000000000000e+00,1.496305456385016441e-03,1.094135642051696777e-01,5.001406073570251465e-01,5.237087011337280273e-01,8.036061525344848633e-01,6.397569179534912109e-01,6.790576577186584473e-01,7.320767045021057129e-01,1.253557324409484863e+00,1.777353048324584961e+00,1.423982143402099609e+00,1.444037079811096191e+00,1.308258652687072754e+00,1.547309875488281250e+00,1.707904338836669922e+00,1.843645334243774414e+00,1.880940794944763184e+00,1.790267586708068848e+00,1.096157789230346680e+00,1.219669699668884277e+00,1.229007959365844727e+00,1.212016105651855469e+00,1.292064905166625977e+00
